0.89286
0.92696
0.98757
0.85176
0.87127
0.9772
0.97732
0.97524
0.9077
0.98558
0.9813
0.87729
0.97749
0.89615
0.95393
0.99451
0.99285
0.96745
0.98866
0.93942
0.99994
0.82992
0.83187
0.97584
0.89714
0.98301
0.99258
0.98581
0.96016
0.87396
0.98384
0.95866
0.86131
0.91558
0.99939
0.99587
0.96106
0.92175
0.59844
0.93108
0.88022
0.99904
0.85392
0.81011
0.91869
0.96358
0.99338
0.97941
0.99114
0.70221
0.94105
0.96511
0.98194
0.86313
0.78777
0.98639
0.84087
0.67973
0.99916
0.94916
0.87494
0.97864
0.98684
0.96691
0.98082
0.58118
0.99468
0.96653
0.98122
0.98154
0.79838
0.79126
0.79352
0.58902
0.92064
0.99907
0.96603
0.97362
0.83417
0.99784
0.996
0.96542
0.99269
0.98801
0.98594
0.98539
0.98302
0.9986
0.97092
0.97598
0.99655
0.97858
0.96814
0.92668
0.87294
0.99447
0.99021
0.9893
0.97779
0.98596
0.99922
0.99622
0.99596
0.99536
0.86655
0.98429
0.98206
0.99466
0.91583
0.99126
0.99812
0.96715
0.98959
0.95376
0.99359
0.95554
0.83607
0.98411
0.99779
0.96333
0.91
0.93915
0.66496
0.97991
0.79791
0.98615
0.9893
0.74141
0.95039
0.97469
0.98762
0.86188
0.98464
0.96364
0.87771
0.95731
0.99968
0.98749
0.99445
0.9976
0.99644
0.97421
0.99314
0.93858
0.98115
0.98337
0.98912
0.90809
0.92207
0.97285
0.98376
0.9367
0.91073
0.88166
0.94268
0.99702
0.97623
0.99746
0.96357
0.95059
0.81655
0.95318
0.97205
0.98511
0.9762
0.60431
0.71782
0.97642
0.99876
0.62959
0.99523
0.98845
0.9957
0.67236
0.99849
0.9743
0.99274
0.96569
0.9549
0.96368
0.97526
0.94095
0.95743
0.93315
0.98825
0.93561
0.94122
0.99452
0.81647
0.8684
0.98141
0.96091
0.99658
0.81412
0.92088
0.97472
0.89571
0.93042
0.99825
0.98778
0.98745
0.9825
0.97153
0.97777
0.9927
0.76417
0.99467
0.99254
0.98657
0.92268
0.94771
0.97178
0.77879
0.86654
0.91666
0.99759
0.9932
0.94547
0.9443
0.99765
0.97213
0.98981
0.80455
0.92664
0.91595
0.9893
0.97823
0.99537
0.99397
0.98286
0.93936
0.9525
0.97858
0.9142
0.97865
0.93317
0.99067
0.85157
0.99176
0.65171
0.99841
0.9887
0.99391
0.99356
0.97016
0.95283
0.97323
0.9745
0.98563
0.88244
0.99053
0.98416
0.86356
0.99609
0.99333
0.96371
0.97707
0.97803
0.62212
0.9976
0.83802
0.99864
0.66042
0.86019
0.81332
0.98122
0.95878
0.91602
0.89016
0.9225
0.98517
0.98699
0.96478
0.72047
0.99627
0.89087
0.87514
0.97145
0.97717
0.8802
0.98341
0.87884
0.97145
0.97194
0.99809
0.98146
0.99867
0.96374
0.98097
0.98994
0.9982
0.98671
0.96389
0.98258
0.95028
0.99414
0.90734
0.99965
0.97895
0.99169
0.93723
0.99573
0.97334
0.95405
0.94358
0.97471
0.99687
0.85118
0.97744
0.79493
0.94359
0.99996
0.93219
0.98473
0.88122
0.99704
0.9896
0.85391
0.77165
0.99535
0.99594
0.99091
0.99085
0.98936
0.9931
0.96907
0.99601
0.93729
0.82598
0.9694
0.97552
0.97919
0.99475
0.98053
0.99574
0.98908
0.99877
0.93462
0.96775
0.9994
0.87163
0.92242
0.97261
0.9936
0.97664
0.5829
0.97875
0.98487
0.97527
0.9801
0.51842
0.97884
0.98798
0.76589
0.781
0.97265
0.99429
0.97168
0.96715
0.98403
0.99156
0.99204
0.92218
0.99996
0.99395
0.74678
0.92161
0.9681
0.97973
0.95601
0.99761
0.96478
0.99523
0.98484
0.98198
0.98658
0.89548
0.71288
0.99745
0.99095
0.98634
0.99481
0.96635
0.99294
0.97084
0.94746
0.91819
0.96326
0.99509
0.9975
0.92099
0.963
0.77012
0.9625
0.94938
0.97745
0.98461
0.81918
0.99944
0.93573
0.92643
0.7929
0.90243
0.9083
0.97129
0.9493
0.99675
0.99545
0.95591
0.9638
0.99271
0.82783
0.9899
0.99624
0.99501
0.92062
0.99479
0.84317
0.99939
0.80555
0.89669
0.81138
0.85436
0.99764
0.98333
0.93197
0.9807
0.9947
0.79511
0.9533
0.93074
0.99146
0.95864
0.90448
0.98872
0.97915
0.98026
0.99687
0.85039
0.84743
0.96909
0.95856
0.98522
0.66894
0.99268
0.71378
0.97744
0.97243
0.99886
0.99822
0.99509
0.99695
0.93612
0.98415
0.92834
0.98035
0.9968
0.64575
0.90573
0.99766
