0.44052
0.36556
-0.06666
-0.50906
0.43909
-0.07722
0.13158
0.11261
0.22187
0.16923
-0.10873
0.46601
0.09017
-0.14751
-0.28164
0.08056
-0.06002
-0.20023
0.05326
0.18283
-0.00702
-0.2498
-0.35276
0.11421
-0.43604
0.00229
-0.03924
-0.02987
0.15072
-0.47352
-0.02089
-0.01764
-0.50615
0.07271
0.01765
0.0467
-0.1058
-0.31982
-0.41143
-0.11611
-0.41316
0.01873
-0.51849
-0.45324
0.07715
0.25699
-0.02274
-0.147
0.03832
-0.38793
0.33803
-0.08211
-0.0965
-0.46713
-0.25467
0.03454
0.5291
-0.57134
-0.03051
0.29939
0.42941
-0.16301
0.12263
-0.18688
0.19484
-0.09204
-0.0898
0.0322
0.02354
0.03309
-0.53899
-0.58147
0.60853
-0.73235
-0.37054
0.01026
-0.07065
-0.06136
-0.53669
0.0143
-0.07404
-0.09077
0.02782
0.10178
-0.12522
-0.07236
0.13511
-0.04536
-0.16424
-0.01202
-0.01043
-0.20471
-0.05978
0.06554
0.09505
0.00905
-0.01913
0.14587
-0.11185
0.07652
0.03925
0.08067
0.04736
-0.08865
-0.00593
0.13648
0.032
0.10018
0.38793
-0.05283
-0.02683
0.13457
-0.13853
-0.17572
0.09422
-0.21466
0.15697
-0.00845
-0.04563
0.26819
-0.34351
-0.33981
0.53209
-0.16456
0.19367
0.12639
-0.05021
-0.01818
-0.27709
0.16263
0.04586
-0.11877
-0.0166
-0.06307
0.31117
0.27685
-0.00639
-0.10383
-0.04043
0.06402
-0.08361
-0.07769
0.09351
-0.32741
-0.16959
0.17677
-0.07616
-0.41422
0.13413
0.05006
-0.16977
0.02279
0.33585
-0.09332
0.31201
-0.06482
-0.05457
-0.00866
-0.21535
0.05068
0.40333
-0.29633
0.20896
0.11031
0.1459
-0.61246
-0.64515
-0.03789
-0.04855
0.60136
-0.0521
0.15056
0.08382
0.7356
0.05407
0.16565
-0.07331
0.16358
0.09577
-0.05247
-0.19085
-0.33805
0.28514
0.33839
-0.01615
0.02863
0.105
0.01922
-0.57718
-0.08651
0.08022
0.21914
-0.06686
0.50058
0.38978
0.16961
-0.26529
0.06087
0.05343
0.15561
0.14933
-0.10422
-0.23689
-0.08437
-0.03924
-0.64024
0.06875
-0.11094
0.06174
0.25404
0.11504
0.0325
-0.25043
-0.48522
0.35361
-0.06238
-0.09908
-0.31074
-0.30429
0.01375
0.17436
-0.09814
0.58059
0.27818
-0.36438
0.02575
0.17853
0.02369
0.04454
0.16413
-0.01155
-0.28876
-0.20117
-0.27886
0.11639
0.11951
0.11233
0.48403
-0.11367
-0.60622
-0.04111
-0.14977
-0.09892
-0.06182
0.15335
0.28046
-0.21663
0.03527
-0.0552
-0.19941
0.1151
-0.17403
-0.33023
-0.08045
0.07196
0.00209
0.16372
-0.15765
0.52195
0.00372
0.33606
-0.00982
0.6797
0.40124
-0.53566
0.1795
-0.16072
0.20081
0.45311
0.38563
-0.16983
-0.15107
0.22902
-0.23563
0.00653
-0.4369
-0.31535
0.16674
0.17642
0.38487
-0.12844
-0.13145
0.20355
-0.01763
-0.05215
0.1472
0.03931
0.04883
0.09959
-0.07062
-0.05016
-0.06089
-0.19361
-0.12899
0.04272
0.05762
0.2325
-0.02288
0.02048
-0.12607
-0.13327
-0.09064
-0.20969
-0.295
0.28834
-0.18769
0.02031
-0.52435
-0.1612
-0.42759
-0.27212
-7e-05
-0.09896
-0.02685
-0.45919
0.00721
0.017
0.19016
-0.59002
0.09298
0.07687
0.13337
-0.03717
0.09676
0.01594
0.20105
0.04146
0.34393
0.49505
-0.14609
0.20574
0.09555
-0.06248
0.04029
0.07066
-0.13793
0.02887
-0.35032
-0.24227
0.02143
-0.32024
0.37717
0.02192
-0.08799
-0.11182
-0.53482
-0.19778
-0.03719
0.11385
0.17368
-0.05438
-0.15794
-0.12554
0.53516
-0.56392
-0.14683
-0.05266
-0.07462
0.21895
-0.1763
-0.05635
-0.09079
-0.27413
-0.00775
-0.06724
-0.38
-0.08214
0.0874
-0.20023
0.08748
0.04119
0.11066
0.07764
-0.15878
-0.01122
0.16034
-0.34048
-0.61712
0.0469
-0.06936
-0.15708
0.05665
-0.12315
0.10974
-0.14797
0.1986
-0.3959
0.12091
-0.09248
0.07067
-0.24026
0.1248
0.61631
0.26987
-0.23474
0.17628
0.12276
0.02539
5e-05
-0.1797
0.37635
-0.59793
0.15882
-0.30118
0.10466
-0.03349
-0.03466
-0.00348
0.16319
-0.15684
0.06606
0.46061
-0.13322
-0.08266
0.09495
-0.06203
-0.06291
-0.07552
0.02727
0.59012
0.30374
-0.25603
-0.1728
0.06758
-0.16265
-0.03629
-0.19539
-0.06281
-0.42992
-0.12366
-0.2298
-0.04018
-0.22332
0.21216
-0.00519
-0.13611
0.19371
-0.04844
-0.43526
-0.03526
0.12937
-0.11221
0.14324
0.70007
0.12036
-0.65945
0.18162
-0.14584
0.04723
-0.02197
0.00729
0.07593
0.35163
0.17679
-0.36532
-0.03873
0.07989
-0.52481
-0.18479
-0.06333
