17.43716127
19.2189631
22.54771022
22.93629727
24.84772735
25.51740106
25.68058142
26.44421119
26.55827414
26.63120628
27.44539324
28.1550453
28.28909622
28.68019822
28.75985087
28.86354728
29.31076725
29.47878334
30.63006358
30.85694308
31.04106146
31.06095037
31.18171923
31.49309929
31.52322333
31.61403498
32.07012479
32.35505605
33.26140169
33.3102165
34.4105356
34.59556052
34.71033723
34.83353952
34.93610262
34.96962092
34.98481645
35.15971146
35.2416728
35.24605928
35.30845479
35.56577154
36.1223085
36.56672764
36.87824921
36.9978023
37.1778293
37.25864473
37.26416591
37.54480536
37.57379127
37.78312576
38.06263977
38.06644939
38.09235562
38.31128304
38.85027896
38.94825379
39.23247884
39.32851503
39.58012468
39.65358208
39.84917038
41.07024217
41.24390916
41.30900597
41.39546457
41.63652744
41.64641676
41.67228825
41.71567917
41.91805059
42.28716914
42.29394324
42.65536795
42.6616743
43.03164777
43.40558666
43.48760368
43.92592094
43.9564474
44.09748218
44.400079
44.70591975
44.93343206
45.11333445
45.32090089
45.45561207
45.67521465
45.73108764
45.83724494
46.09717239
46.25624263
46.49413178
46.75268513
47.07086013
47.78996979
47.91779896
48.01196535
48.09247188
48.13172483
48.16545911
48.62653345
48.8556407
48.8958819
48.90686925
49.04115109
49.10762806
49.2010459
49.3355226
49.37543632
49.66210646
49.79896723
49.85226842
49.88940951
49.93994533
50.19334447
50.29009758
50.42030682
50.59784609
50.62289493
50.63739826
50.75773421
50.85153743
51.02019484
51.09215368
51.20833705
51.33924434
51.45745765
51.60171492
51.77300127
51.83622938
51.85662902
52.12224674
52.1635417
52.51543333
52.71083183
53.03843442
53.1201439
53.29087107
53.42598437
53.94944724
54.06084398
54.20949434
54.24957488
54.27319811
54.4925561
54.85984512
54.90238033
55.06977209
55.15976252
55.45354225
55.55123761
55.69417964
55.75876939
55.84297269
56.22978731
56.64804013
56.68475103
56.70593
56.86929387
56.87408232
56.95484019
56.9751648
57.14221275
57.20878903
57.35154668
57.37890957
57.50524224
57.76229751
57.79296736
57.82394453
58.06109706
58.08815738
58.09510638
58.37964979
58.40973259
58.68216785
58.7518956
58.77423698
58.78229624
58.83423638
58.83636453
58.91837027
59.04609321
59.20491436
59.40712958
59.48319744
59.74728229
59.75164378
60.1281677
60.22011479
60.30901725
60.37527012
60.3961773
60.64011006
60.77726845
60.8655672
61.23846497
61.25082229
61.25440139
61.29793822
61.3474031
61.36727876
61.36982681
61.4788911
61.57434693
61.76941782
61.83133129
61.87883627
61.91811538
62.27263699
62.30830746
62.60748867
62.6108738
62.94834437
62.94891584
62.98972077
63.03643169
63.23631233
63.40810351
63.43878217
64.04565433
64.04964453
64.21386813
64.28936972
64.30439978
64.37811346
64.52826205
64.66922658
64.81968212
64.83560535
64.86942532
64.92979396
64.94126957
64.94156924
65.0167266
65.02462813
65.13066105
65.42455325
65.5380665
65.69528613
65.76951531
65.7733186
65.81970457
65.89236619
65.93823838
65.94191306
66.10215765
66.16502772
66.24194142
66.26090829
66.40789815
66.69884131
66.92437808
67.05159312
67.06821634
67.21961653
67.25884077
67.3302788
67.38027326
67.44820371
67.46967175
67.4973405
67.60248146
67.74595796
68.19494276
68.24213717
68.36216737
68.52689034
68.66400291
68.67290648
68.76031771
68.79219594
68.81687578
68.91330195
68.94196692
68.94948797
68.9524465
68.95821856
69.18671571
69.34166604
69.49497256
69.50198805
69.52008264
69.53698049
69.53778401
69.59092488
69.61796112
69.67380839
69.69570128
69.93852894
70.06423359
70.12267408
70.1830233
70.34658123
70.6242555
70.62853758
70.65549117
70.72564457
70.85579799
70.88641884
70.90209158
71.12606117
71.15449217
71.20847017
71.37645682
71.48267474
71.68929922
71.70467613
71.72606946
71.87027974
71.90103138
71.97958628
71.99864826
72.17533149
72.19324161
72.19796351
72.20980501
72.29182441
72.39172855
72.56235805
72.59742295
72.62436302
72.63752941
72.69669796
72.77924145
72.82299911
72.91288335
72.92127171
72.92692229
72.95452583
72.95944428
73.06997895
73.26582136
73.41449874
73.43921846
73.52831342
73.53470653
73.74140177
73.82137762
73.88162947
73.89803977
74.00129066
74.02022093
74.02427758
74.06701911
74.21971448
74.23630528
74.24434648
74.29274992
74.43316928
74.5198504
74.61637482
74.69365539
74.6987038
74.80943079
74.92342022
75.14841354
75.1566958
75.27384108
75.30963464
75.31799062
75.42706588
75.49392736
75.50817185
75.64149941
75.6890253
75.80670797
75.95783119
75.99632332
76.05756589
76.25437646
76.35923253
76.39219462
76.44993668
76.45680661
76.47863452
76.50303437
76.51703536
76.56858054
76.58084001
76.58088247
76.64689684
76.65553008
76.74853545
76.75436094
76.76005161
76.76391561
76.86729394
76.90384765
76.93857724
76.98641802
77.25933035
77.26299926
77.29882127
77.30602785
77.36268092
77.44517885
77.47841809
77.50092215
77.68860309
78.01647155
78.0809072
78.12415572
78.13034581
78.17132685
78.19958129
78.24497461
78.30815055
78.32380112
78.34063659
78.35547941
78.43776055
78.47730219
78.49323293
78.61670728
78.77764909
78.86204385
78.98946226
78.99145407
79.1763234
79.24378307
79.27127709
79.34272513
79.38082968
79.4855688
79.53036961
79.61156419
79.71552172
79.83457016
79.84713571
79.91829809
79.99851616
80.02871198
80.05544141
80.10308072
80.12123235
80.22760167
80.27350675
80.29860611
80.30571918
80.321604
80.41847269
80.44922004
80.7324525
80.83813823
80.87205979
81.03544394
81.03993818
81.0700082
81.20410859
81.25783656
81.26074325
81.5115243
81.57817764
81.64239447
81.65314
81.66076622
81.66278792
81.74328868
81.80551945
81.87025808
82.00916792
82.01440781
82.05315987
82.06611023
82.09646962
82.28480444
82.33004451
82.43116061
82.50443181
82.53272239
82.55933563
82.60987035
82.62754872
82.65925288
82.68549506
82.72568822
82.77731375
82.80597161
82.92487302
83.22043972
83.32470567
83.34235788
83.39877817
83.51481974
83.56092321
83.59085127
83.64301881
83.69843242
83.73138563
83.75591549
83.75837542
83.77339069
83.77370929
83.85802759
83.92186666
83.97256732
84.08274354
84.14963902
84.4584954
84.52040357
84.53746905
84.85084856
84.96484944
85.0177497
85.1364803
85.13884524
85.18234375
85.21353803
85.24745821
85.33328204
85.44984569
85.49910546
85.59156129
85.63200724
85.83682078
85.88998857
85.94540232
85.97146056
85.9745919
86.01949496
86.17457192
86.44631288
86.50125555
86.52069167
86.54229154
86.73495317
86.85642463
86.95012888
86.95861903
87.20123347
87.26101562
87.28603167
87.47882195
87.5036068
87.59781574
87.76168312
87.79729267
87.80114973
87.80567028
87.87063765
87.90964732
87.9396407
87.94692374
87.95587062
87.97569459
87.97745342
87.98933976
88.0631739
88.08201504
88.1881097
88.22787831
88.2731355
88.30259491
88.347688
88.35744213
88.42351075
88.48055162
88.5021762
88.51937801
88.53448318
88.60676476
88.62837274
88.63942229
88.65592944
88.69352342
88.91815839
88.92218399
88.94123978
89.0165931
89.02947736
89.16201216
89.16901676
89.17438142
89.19835564
89.2245355
89.57798953
89.58614377
89.59155091
89.74534297
89.778742
89.79285733
89.8027323
89.84526062
89.84897692
89.86409702
89.94379878
90.03345927
90.07123337
90.09526558
90.12238619
90.13567177
90.16352854
90.22301109
90.30712067
90.349885
90.44737374
90.45755728
90.48340543
90.58842364
90.59429094
90.59741275
90.70182793
90.70207201
90.76195459
90.80926075
90.82776069
90.97719889
91.03340895
91.07936541
91.15422253
91.2611996
91.31929875
91.33089069
91.60077624
91.62373485
91.63143936
91.68721796
91.73438231
91.75350903
91.99047866
92.17347685
92.17952193
92.2788888
92.34738033
92.35416306
92.36212184
92.43070437
92.5621647
92.56911978
92.58602829
92.62561406
92.62732852
92.80801619
92.87050768
92.87992399
92.89134539
92.91043771
92.92460443
92.94153322
92.99963306
93.09536834
93.11183841
93.17113215
93.30678826
93.33078531
93.35078788
93.49005683
93.50889469
93.53414574
93.61813552
93.6198788
93.64505567
93.8699149
93.88198169
93.90637512
94.05931091
94.07326613
94.10565015
94.17352069
94.1986869
94.29647117
94.3307359
94.37680357
94.47407984
94.53027221
94.61664423
94.78398811
94.8036382
94.80667575
94.82626279
94.86669754
94.86984633
94.87879302
94.92281714
95.14203738
95.14509981
95.17798962
95.324261
95.4805523
95.60596206
95.64026537
95.80467134
95.93350711
96.02071392
96.03018378
96.03162237
96.06817747
96.15908433
96.28488697
96.30136043
96.36908628
96.56835916
96.60242135
96.61280743
96.68896667
96.70831295
96.72170357
96.74593496
96.7538192
96.77842027
96.79031454
96.95984541
97.01425149
97.05445318
97.05583384
97.05722361
97.10392444
97.10942851
97.13877217
97.22003371
97.30657187
97.32216466
97.37541978
97.46427814
97.4809878
97.56012695
97.6951125
97.72664431
97.73143797
97.78339417
97.95368305
97.97136014
97.98015001
97.98624386
98.03861204
98.06155456
98.15939535
98.22765415
98.27533413
98.39433677
98.3985131
98.44581068
98.47814847
98.52090839
98.5389793
98.59363323
98.61569397
98.67768574
98.80756931
98.91028565
98.92311223
98.92685107
98.99287817
98.99789157
99.05136309
99.06082476
99.06554547
99.12673514
99.12835569
99.13614807
99.19230525
99.22050223
99.22347997
99.22848655
99.32790001
99.35491231
99.55025339
99.707944
99.76904019
99.76956037
99.89639854
99.97942882
100.07336725
100.07607619
100.15842072
100.20361376
100.24389277
100.27132767
100.36861051
100.40007681
100.43679105
100.44516882
100.45879192
100.49622344
100.51592326
100.54568098
100.65405678
100.83056139
100.91021591
101.03151596
101.1000543
101.10192151
101.17346986
101.20359478
101.21817095
101.3351675
101.33662852
101.33829924
101.40166498
101.49383128
101.59957061
101.65294295
101.66735872
101.67254248
101.69158447
101.71477192
101.76845439
101.89497792
101.90666339
101.91031647
101.95175045
101.95559994
102.09260666
102.1057554
102.25727262
102.31888991
102.39805174
102.44821207
102.49759439
102.56494392
102.59278428
102.59654838
102.59911268
102.60537834
102.78697024
102.81093052
102.8231738
102.85836702
102.87603114
102.95207735
103.02919335
103.0759666
103.11116723
103.26368329
103.3713824
103.48045209
103.54572867
103.55922995
103.56512469
103.63649567
103.65626818
103.73963913
103.75343661
103.81207484
103.87230502
103.91995095
103.98117061
104.05993243
104.18516519
104.31023057
104.34125437
104.34768513
104.4037086
104.42213898
104.53744559
104.61298837
104.7720998
104.79771167
104.83653458
104.87913662
105.01873775
105.03313241
105.09410005
105.23388986
105.28214136
105.33511963
105.34482317
105.39282606
105.41819902
105.42012915
105.43563863
105.4383763
105.48344536
105.49898213
105.62341038
105.73082854
105.75141172
105.89279803
105.92720371
105.98397941
105.99109847
106.01293516
106.15555577
106.22899241
106.28290479
106.31326148
106.46625738
106.50528921
106.51671878
106.51778064
106.64229965
106.68669097
106.69889708
106.90249483
106.92839114
106.94489266
107.02133305
107.02252745
107.02798601
107.13507199
107.14712828
107.15550036
107.26805865
107.29516576
107.35517904
107.49594479
107.49657125
107.58604004
107.60043246
107.64525059
107.80684155
107.82229489
107.88332521
107.96774439
108.05516142
108.11526971
108.29787509
108.33325761
108.34811491
108.36087275
108.40362877
108.42532532
108.43633367
108.51359105
108.53430518
108.56670698
108.70212134
108.70524052
108.77118096
108.84604601
109.07637947
109.08823109
109.09137588
109.34149134
109.36414703
109.57804221
109.67352836
109.69755061
109.69786798
109.73078544
109.76770779
109.76814091
109.82471406
109.92586999
110.0044765
110.06918966
110.27127606
110.29131035
110.29266271
110.30685854
110.38944459
110.56628889
110.61938695
110.7183821
110.74867623
110.83938952
110.87212147
110.90476476
110.96253674
111.10498053
111.13735447
111.33327108
111.34293146
111.39179694
111.42100753
111.42584876
111.42740131
111.4368982
111.47905686
111.60199644
111.62783442
111.67788425
111.74071307
111.74502943
111.88636165
111.96414904
111.98999003
112.02207073
112.04353808
112.06025627
112.07384451
112.17337829
112.18290536
112.19992583
112.47598837
112.57753388
112.69672418
112.75743752
113.03616172
113.08491904
113.10687235
113.11125137
113.14941707
113.20117836
113.22144859
113.38858313
113.42277167
113.53048984
113.59037671
113.59424098
113.59769445
113.60539532
113.62195274
113.62321865
113.77859939
113.80187924
114.04200947
114.3959937
114.4176367
114.50649525
114.51969675
114.66114038
114.70002347
114.77327143
114.90734758
114.99212662
114.99639077
115.01777935
115.0474181
115.05040609
115.1142012
115.12058182
115.29512163
115.32977761
115.41037269
115.47461844
115.48093509
115.48173433
115.57005779
115.61066089
115.71976817
115.75069058
115.77028955
115.77581147
115.7761496
115.93656778
115.9421233
115.96384136
115.96533633
116.0394121
116.04400664
116.06882117
116.08827762
116.19426622
116.21443331
116.33719841
116.34376497
116.35969638
116.42974108
116.44065003
116.51179907
116.51638727
116.58774142
116.74507975
116.75909469
116.78159396
116.87724732
117.03711062
117.08478435
117.17593082
117.17789774
117.25625105
117.30406412
117.44365327
117.48611958
117.54224831
117.6632616
117.69692812
117.78667882
117.85302544
117.85378637
117.92710496
118.04619192
118.07569142
118.07964295
118.09113536
118.17911605
118.25383861
118.28999426
118.39182521
118.44502182
118.56611413
118.58049322
118.58141306
118.58212886
118.59007083
118.69280476
118.71286438
118.73390118
118.77181346
118.77300386
118.78735333
118.85376338
118.95318879
119.00366565
119.0753667
119.10831991
119.13379763
119.14979495
119.15497808
119.1592587
119.22865935
119.36524199
119.38352231
119.4647078
119.51620933
119.62477103
119.65970109
119.66559774
119.71479524
119.74622483
119.81177094
119.82193372
119.90630888
120.01468476
120.08457363
120.16444543
120.22281816
120.23295163
120.25068211
120.30778306
120.33947587
120.42515159
120.44364394
120.45102274
120.53969964
120.66805384
120.72496993
120.83193292
120.91690888
121.05836845
121.07726764
121.08056446
121.23397316
121.27156301
121.38664761
121.42137737
121.48156713
121.49640266
121.5262001
121.60386632
121.6279459
121.65789786
121.67757436
121.77725186
121.87208615
121.90900962
122.13923714
122.18476858
122.19620592
122.27306657
122.3768162
122.43263031
122.4787585
122.50670997
122.55134116
122.59684618
122.6090935
122.62030084
122.63333832
122.68531607
122.7041899
122.74442029
122.83780698
122.91863693
123.07873135
123.16597196
123.20559484
123.4341217
123.43565817
123.481215
123.50342634
123.51172994
123.51505641
123.53411366
123.53596315
123.61036202
123.61772476
123.6505663
123.75491387
123.92674398
123.958737
123.96231607
123.99179079
124.00973109
124.07587965
124.15201636
124.1540566
124.1687703
124.1845886
124.1994603
124.22469961
124.24526739
124.47296844
124.49468107
124.77027136
124.89453016
124.9084505
124.99211818
125.06294265
125.08137477
125.14405369
125.20304895
125.28223876
125.28548621
125.28708088
125.34415857
125.39352558
125.42551757
125.43731782
125.44610567
125.51559541
125.54332652
125.5643267
125.57172749
125.61144376
125.65651661
125.80169614
125.85455387
125.98076338
126.06575101
126.08404407
126.19581419
126.2277874
126.22935416
126.23057736
126.23249071
126.39935631
126.57686804
126.57835159
126.59559672
126.62104182
126.69041869
126.79168407
126.8089396
126.81604592
126.81677147
127.01283408
127.04321125
127.05417809
127.13754191
127.15206958
127.2430253
127.31456691
127.31979995
127.32316919
127.41381222
127.43121721
127.45907992
127.64617767
128.01409045
128.02689179
128.06105683
128.25225734
128.40063214
128.52835983
128.5981917
128.61162854
128.70574398
128.7885099
128.82688618
128.84123
128.86146054
128.97353017
129.06080998
129.2160799
129.23162813
129.26135596
129.53532146
129.57371732
129.63990269
129.78744904
129.9971794
130.19206106
130.20963265
130.24725306
130.28700565
130.31724753
130.33537806
130.36035246
130.36246818
130.3900868
130.43577414
130.60263634
130.63047692
130.65457655
130.7319231
130.76645368
130.81568368
130.82761812
130.8788912
130.88971892
130.94375887
130.95606101
131.03207652
131.04666182
131.05982207
131.08518635
131.14999206
131.16559689
131.22603066
131.27114991
131.33086724
131.34434967
131.38104656
131.44109321
131.45536737
131.49878655
131.67672033
131.79992274
131.88217503
131.9161455
131.92019656
131.96396761
131.96541371
131.99514476
132.11150315
132.18923463
132.26509661
132.2857656
132.32313075
132.34282836
132.40112202
132.45171826
132.47015489
132.48607245
132.48687513
132.4936783
132.49505906
132.5315625
132.54882995
132.57931823
132.61579057
132.62941378
132.64875478
132.66689632
132.74643074
132.87736776
132.8911314
133.00442084
133.01316108
133.03219137
133.03581569
133.09741742
133.19123775
133.33768956
133.34186747
133.39360957
133.41925633
133.43151725
133.46272231
133.71417558
133.72630016
133.81839131
133.9167402
134.03959522
134.12835654
134.3155867
134.33072613
134.3799062
134.58314275
134.62452878
134.667086
134.73692431
134.82509843
134.84392766
134.88077114
134.88817354
134.90715726
134.9238715
134.95264627
134.96942969
135.09989238
135.13565249
135.18067596
135.2352379
135.29052592
135.34353861
135.44827491
135.49414476
135.65535819
135.69286963
135.72617406
135.78367579
135.80282823
135.8300866
135.90965343
135.92418848
135.96005257
135.9820252
136.04531232
136.05821609
136.19554995
136.19586355
136.30550822
136.30903522
136.37721846
136.38071331
136.3980397
136.47849886
136.53115697
136.55916879
136.66311206
136.77078021
136.88607765
136.94945971
137.03618264
137.07588467
137.08441137
137.09336767
137.12677982
137.12833804
137.25552146
137.31829143
137.3370304
137.34291816
137.41268594
137.61096675
137.6183425
137.70305135
137.7272358
137.78980775
137.82267266
137.85377066
137.90793801
137.91734676
137.92341597
137.95569016
138.00418745
138.00835815
138.0875441
138.1046277
138.16807397
138.20634582
138.31558175
138.33830678
138.35756592
138.49443385
138.55856136
138.5616803
138.69557731
138.75894804
138.83479834
138.84700901
138.93006847
138.95607806
138.99124033
139.08496762
139.09960445
139.13460599
139.18779337
139.20163261
139.25989329
139.29568632
139.29606645
139.31563336
139.3162619
139.35854287
139.36017063
139.43406457
139.4650551
139.6398858
139.68432481
139.70594287
139.73390257
139.74828523
139.80297792
139.81871069
139.93620278
139.9703287
139.98057275
139.98313822
140.01612112
140.1570693
140.22680464
140.22830797
140.28526357
140.40397965
140.60796426
140.62046955
140.63565643
140.66151911
140.78964549
140.88340675
140.9269749
140.97793911
141.04174246
141.05546393
141.20130118
141.25867706
141.27057174
141.29917318
141.52885218
141.60697009
141.87541569
141.89590884
141.96155486
141.99234324
141.99897427
142.12792363
142.17284595
142.20127582
142.25923236
142.27159757
142.29541327
142.3042714
142.31970045
142.37708255
142.41559437
142.48668551
142.65663479
142.71141279
142.7267394
142.77027575
142.8078817
142.88990879
142.96785565
142.97732479
143.00395572
143.0356756
143.04695209
143.08896956
143.12447274
143.2346358
143.24778932
143.39270408
143.41256024
143.48130893
143.58914259
143.68680914
143.85089786
143.90214411
143.92891622
143.99807777
144.01431297
144.02827189
144.03524507
144.03738853
144.06613635
144.15711188
144.2348298
144.24291499
144.27227239
144.3055975
144.32068136
144.36104557
144.39125599
144.42205958
144.52369291
144.5256638
144.52965232
144.55617331
144.58761417
144.6271435
144.63028346
144.63999154
144.68495048
144.68625604
144.70118081
144.73231253
144.73287264
144.76163819
144.78764131
144.82141672
144.82735454
144.88017785
144.90900043
145.13181409
145.19831169
145.26722102
145.31099865
145.41602294
145.44047513
145.45703247
145.57901794
145.65981057
145.7307403
145.81878233
145.87806392
145.92716463
145.97032377
146.02261803
146.267387
146.27930803
146.37881564
146.49253859
146.53836145
146.57821027
146.66722109
146.68711319
146.70865599
146.73160973
146.73571241
146.74509218
146.76821461
146.88241931
146.90172141
146.91702403
146.98026671
147.06028252
147.08152219
147.15572422
147.30848702
147.32194656
147.32788232
147.39040749
147.39175631
147.42852543
147.46752501
147.47810857
147.53040344
147.61610208
147.65501028
147.74584628
147.77091223
147.81563719
147.87607577
147.97959971
148.02439932
148.0283977
148.0368661
148.14047489
148.1484359
148.1532043
148.17470101
148.17894772
148.23264613
148.25370332
148.38614357
148.41911802
148.46144446
148.50857484
148.56318456
148.62023357
148.64979443
148.66426125
148.7701789
148.86699873
148.87969694
148.93493028
148.9392616
148.94971219
148.96624238
149.05595173
149.11457979
149.1302541
149.18375617
149.18577603
149.21013623
149.261755
149.30912797
149.31214103
149.32509578
149.34809557
149.41102529
149.41931184
149.51740589
149.54706394
149.58968757
149.63308938
149.64703545
149.64967156
149.66440596
149.66848331
149.67570321
149.94102219
149.9974332
150.05871691
150.07797723
150.24320781
150.31607202
150.32074295
150.62169219
150.69536761
150.84433245
150.85691969
150.9466334
150.97355601
150.99186504
151.06537497
151.17177011
151.19011217
151.26546886
151.350224
151.41821035
151.46087773
151.47523509
151.48182635
151.55483438
151.58249631
151.58843955
151.73535059
151.75499232
151.8585533
151.88878117
151.89334311
151.9278103
152.0266777
152.08594961
152.18382689
152.23831964
152.3952836
152.49382939
152.53352628
152.60027424
152.62035577
152.65242542
152.72921001
152.86217697
153.07190529
153.15219183
153.15851605
153.17371705
153.26021539
153.30268451
153.36826625
153.37660267
153.41578455
153.44382372
153.44517071
153.44616948
153.47473945
153.48533192
153.50954144
153.56890381
153.6710951
153.69749553
153.76356127
153.81208824
153.82628647
153.84776845
153.99072399
154.08723993
154.16117353
154.18719345
154.28300238
154.30663535
154.3070365
154.33253478
154.49029692
154.49203254
154.52461518
154.53905145
154.68984221
154.72047327
154.74847659
154.77183847
154.8047909
154.86546443
154.97767661
155.0971782
155.16761116
155.17614774
155.22611794
155.23972056
155.30651774
155.30733893
155.32121378
155.35567566
155.37841238
155.45769336
155.46587119
155.49573859
155.53832128
155.5685172
155.58132917
155.5938199
155.63371546
155.65191978
155.69124202
155.71749043
155.82587457
155.83677116
155.92059594
155.98423587
156.08650497
156.18356812
156.21339606
156.31647914
156.32102878
156.36642515
156.38355902
156.43040803
156.46643811
156.53730061
156.54459066
156.69869328
156.79631273
156.80422532
156.84273647
156.86960247
157.01138793
157.05187165
157.12414507
157.14361181
157.18856659
157.25632271
157.2580588
157.26225584
157.263848
157.29949276
157.30045453
157.34097597
157.35412365
157.42186781
157.43835839
157.53136093
157.72175139
157.73010645
157.77373369
157.8057635
157.80976057
157.81016312
157.83929959
157.88205643
157.94833812
157.95031698
157.98433332
158.04904918
158.12335742
158.15795588
158.19072764
158.23688544
158.23695544
158.26598915
158.28465825
158.4101575
158.42954781
158.60622247
158.64667763
158.68047692
158.94634985
158.97175498
158.97342672
159.06219786
159.11339576
159.11698965
159.21714164
159.25792935
159.27506345
159.31186732
159.32112141
159.34479639
159.36247665
159.38269087
159.38489461
159.43448019
159.47392958
159.48836881
159.52084136
159.55308784
159.58339721
159.62828986
159.63191423
159.63472759
159.70246252
159.7179122
159.79332654
159.82008998
159.85389025
159.87637311
159.91310666
159.97772808
160.01316065
160.08519909
160.10334678
160.1871725
160.24052776
160.2877261
160.33913073
160.42364051
160.4389085
160.4756327
160.5099057
160.62761389
160.64865218
160.65189777
160.71777716
160.74299764
160.74773802
160.7862249
160.93125126
161.01134978
161.18622009
161.19488892
161.21894255
161.24985667
161.25452029
161.30036964
161.34828688
161.38107082
161.49046258
161.51318598
161.5381443
161.64599351
161.65554921
161.65982661
161.70656662
161.83862058
161.97987681
162.05290172
162.08547642
162.08960531
162.15697375
162.16912857
162.33634619
162.35988489
162.54627183
162.56913464
162.58463729
162.62220061
162.63825671
162.64647239
162.66459241
162.78113361
162.82431444
162.89301729
162.9212525
162.9682082
163.01906535
163.07706008
163.10546231
163.17334184
163.29652087
163.3471286
163.43467206
163.48055496
163.52913321
163.58333903
163.61107215
163.61711883
163.63716665
163.65108775
163.67275654
163.67945604
163.68189659
163.74554102
163.79918188
163.80369524
163.82185744
163.83679632
163.87359302
163.94583444
163.99248929
164.00007731
164.00300205
164.167677
164.17109208
164.20808605
164.21382521
164.25334089
164.25588023
164.29467954
164.35655099
164.4021483
164.41372907
164.4425672
164.53461408
164.53904863
164.65283698
164.75156222
164.7678509
164.78650632
164.82797054
164.86968258
164.88732811
164.93193911
165.03375882
165.1555845
165.16282428
165.21244841
165.21380215
165.22417325
165.39499308
165.41458312
165.46242465
165.46785435
165.52490032
165.5629931
165.59356095
165.6024095
165.60852313
165.610885
165.62011984
165.85558236
165.86274352
165.99667573
166.04872258
166.07632697
166.10896558
166.13475341
166.17722844
166.22684416
166.24401393
166.2561569
166.26279525
166.28540304
166.29960284
166.50889042
166.53898678
166.55124119
166.58240682
166.60838818
166.65843585
166.78525227
166.88312049
166.94902307
166.94965474
166.98243636
167.00054048
167.01218536
167.05150968
167.16386221
167.23231856
167.25834734
167.27975478
167.31215053
167.35422874
167.43897799
167.50045301
167.50059266
167.52193489
167.62020522
167.62676633
167.64202452
167.65783244
167.73662519
167.80066456
167.80762772
167.80764225
167.86692334
167.88094523
167.90469074
167.97842245
168.05699556
168.06889454
168.16190311
168.18413934
168.19898375
168.23959544
168.35978515
168.39747547
168.39947613
168.45566991
168.47947718
168.63067104
168.63395853
168.64357984
168.65311336
168.67083575
168.68383953
168.68488823
168.82330943
168.85967736
168.86858152
168.90432192
168.9206253
168.93865013
168.95463843
168.98317653
168.98840129
169.05266038
169.17698809
169.23051077
169.29342245
169.33785787
169.43447413
169.44320737
169.49125829
169.52203305
169.66517691
169.66565119
169.79085161
169.8210252
169.82698499
169.86330447
169.91881808
169.9200479
170.02079111
170.11605122
170.26107422
170.32249961
170.35254766
170.38772609
170.39050669
170.46794693
170.51664623
170.63028003
170.64558988
170.69464236
170.85346051
170.99002764
171.02582877
171.03904279
171.08289027
171.14559161
171.18995235
171.23364838
171.24204435
171.2781727
171.38857769
171.4173025
171.45184973
171.50001665
171.65589126
171.7188164
171.81794405
171.88768998
171.93723196
171.98734532
172.06140964
172.10932544
172.14774906
172.18321297
172.18757353
172.23384761
172.25279116
172.28545956
172.36863637
172.43966468
172.44176383
172.50551328
172.59638451
172.61690287
172.70443729
172.77214745
172.86701989
172.86789715
172.96464091
173.06622001
173.10387061
173.15614513
173.17488548
173.2828256
173.31922344
173.32001799
173.32702233
173.34681867
173.35756581
173.43597728
173.44977324
173.46978629
173.49270038
173.50801144
173.57153731
173.60662294
173.78184044
173.85270964
173.86334935
173.88633427
173.93796656
173.94109089
173.9772302
174.06867171
174.10494756
174.14646027
174.18890729
174.19386257
174.20207199
174.23810205
174.26494752
174.26631995
174.32046671
174.33104846
174.46276934
174.47554185
174.55297326
174.58353734
174.63704044
174.64617381
174.67162843
174.69119355
174.69466637
174.70774519
174.75304346
174.81822194
174.87880047
174.93849631
174.95435234
174.96920189
175.00694732
175.02756674
175.05016606
175.09998346
175.18311429
175.20463235
175.29171829
175.34810508
175.41610801
175.53433235
175.56876227
175.60867703
175.61470471
175.69494594
175.69703984
175.72112614
175.73550997
175.78931685
175.80454335
175.81952756
175.88357307
175.90587921
175.94268534
175.96472302
176.0577301
176.09621429
176.10835614
176.17176865
176.21695676
176.32236945
176.3556528
176.36694439
176.38532152
176.39498357
176.41889082
176.42552644
176.49500436
176.51890503
176.56504662
176.62102589
176.64297708
176.79255537
176.90354734
176.93636718
177.04429656
177.0863785
177.18616723
177.22420628
177.23525786
177.34037771
177.39394444
177.43386126
177.5871652
177.64736688
177.66435979
177.70047407
177.72106021
177.72306613
177.74886985
177.82277872
177.91775928
177.939945
177.94561757
177.97952969
178.08617109
178.09617971
178.10915691
178.13067041
178.32661875
178.3567136
178.35939994
178.45102741
178.48757978
178.5016464
178.52601459
178.54280251
178.61533585
178.65928768
178.6852378
178.77955186
178.80207015
178.92310217
178.97142316
179.03272963
179.08884269
179.10476789
179.11107339
179.12006355
179.13248872
179.16076523
179.1625652
179.19467211
179.2096562
179.25918164
179.27138518
179.27911944
179.35899496
179.37924693
179.40672837
179.50677077
179.55033546
179.56249099
179.61137913
179.64790492
179.65927182
179.72190536
179.78328334
180.01151788
180.01585772
180.01611505
180.05044435
180.08062074
180.09045998
180.09162655
180.17198793
180.17353651
180.18263341
180.18786027
180.19813696
180.2258388
180.28612225
180.32760463
180.47549168
180.57118083
180.70534337
180.74657263
180.7989678
180.82449086
180.83168534
180.98923807
181.01993376
181.05477756
181.056619
181.07862093
181.08469903
181.08803376
181.09408584
181.16977264
181.18791381
181.18871304
181.24840584
181.3545975
181.40532609
181.41941955
181.42135659
181.48589767
181.53990234
181.61959852
181.6213914
181.66100286
181.67078593
181.7018261
181.77845362
181.86260694
181.87546133
181.88759923
181.93681712
182.07494502
182.1448391
182.19789126
182.27910583
182.39391355
182.47696963
182.48578301
182.54140855
182.55833226
182.6034518
182.62744
182.66459801
182.7079918
182.84374597
182.88269579
182.88324054
182.89555067
182.90859869
182.91486958
182.9404299
182.96668798
183.01879514
183.02800527
183.04753
183.07261124
183.10611152
183.1194759
183.17552671
183.18614598
183.20547765
183.20599012
183.24231729
183.28389529
183.29404016
183.29667948
183.43014632
183.47619414
183.56987586
183.64021962
183.66126968
183.75974497
183.82034519
184.04556108
184.06675358
184.16982962
184.21153227
184.26360916
184.28574477
184.33618489
184.3845345
184.4615779
184.50672796
184.53892722
184.57311985
184.64230137
184.72079475
184.77236412
184.85222905
184.8873795
184.89369471
184.91359599
184.92104434
184.94591549
184.94787907
184.96270075
184.96857293
184.98275409
185.00621375
185.13292058
185.14458453
185.17490125
185.31347481
185.34983241
185.39291576
185.4400724
185.49058588
185.54396829
185.62149671
185.64660854
185.69945855
185.72327959
185.80102885
185.8750687
185.90387
185.90616898
185.92557037
185.93045529
185.99458594
186.09292546
186.13517149
186.15942346
186.19255991
186.20653296
186.26690229
186.33239494
186.38273017
186.50021658
186.51883422
186.52673847
186.57844637
186.58784573
186.93368869
186.9466848
186.96031068
187.06794586
187.07584979
187.11410331
187.12159634
187.14699775
187.15250644
187.1952424
187.35972713
187.40826862
187.47659692
187.4987466
187.53529569
187.55887825
187.59286868
187.60295882
187.7466724
187.80531246
187.83236647
187.89730195
187.9445863
187.95827514
187.96842135
188.00258145
188.02191129
188.05218205
188.0852921
188.12208241
188.14591929
188.19240233
188.20220191
188.23939274
188.31084852
188.36424462
188.41629426
188.47332438
188.53295938
188.57480817
188.59766863
188.7738697
188.80291475
188.81474158
188.83885314
188.84837691
188.8710138
188.91227283
188.91588991
188.96816478
188.96816901
189.12519568
189.14400742
189.18856517
189.18922904
189.34290675
189.36198653
189.47324213
189.50741089
189.55368661
189.55584489
189.55605389
189.57320651
189.60638734
189.61657705
189.81606896
189.93402069
189.94546676
190.00721381
190.09895183
190.1308478
190.18512847
190.20089304
190.22908944
190.29956342
190.33664632
190.34011288
190.36821216
190.38082481
190.41601049
190.45809497
190.57782126
190.59767894
190.6165903
190.67840313
190.78741725
190.81211614
190.83041194
190.83781798
190.83972895
190.8710435
191.03985059
191.05724466
191.08886331
191.14296824
191.23637675
191.25047819
191.28191396
191.29578184
191.3107544
191.36895319
191.4019491
191.41454343
191.44089985
191.46691157
191.59640725
191.61808887
191.62923392
191.66641187
191.68408222
191.72555514
191.78888503
191.79422095
191.79850766
191.85240064
191.95208791
191.97459511
192.0105434
192.09576146
192.13567648
192.2444
192.25811692
192.30405194
192.37091457
192.43748522
192.45985649
192.53511322
192.58759203
192.60198482
192.62521313
192.6471503
192.64889971
192.65677379
192.73023657
192.73609659
192.77136543
192.9130142
192.93221406
192.94366599
192.98629918
193.0094481
193.02981498
193.09268837
193.11567835
193.19309388
193.23647964
193.25579004
193.28362066
193.33329335
193.42619626
193.48699126
193.4955548
193.69940719
193.74588845
193.86843724
193.902088
193.91596603
193.92622966
193.97448808
193.99157765
194.00362795
194.03271717
194.03921333
194.04876618
194.09887883
194.14130919
194.14208285
194.14610543
194.17918331
194.20725
194.28724185
194.31067281
194.34872183
194.34904297
194.41278741
194.44923928
194.53124237
194.54115877
194.56402553
194.72115667
194.80033728
194.84326435
194.84875287
194.86396498
194.89116592
194.93121097
194.97137594
194.97259062
194.98759567
195.0009003
195.02268404
195.02703826
195.03685246
195.03974781
195.08867116
195.09204017
195.13528214
195.22239058
195.22503755
195.26039405
195.27281657
195.48570224
195.49430305
195.51620696
195.53137247
195.57545501
195.57984122
195.58089701
195.65911057
195.73459578
195.7371777
195.77361191
195.81134393
195.89492667
195.90181571
195.90245663
195.96779744
196.03178248
196.0476457
196.04954724
196.16408797
196.18003024
196.18652076
196.24825501
196.25499886
196.30654376
196.30689625
196.31995203
196.38137817
196.40770487
196.41848919
196.495283
196.51171261
196.52501924
196.53212611
196.75562606
196.75947773
196.83575615
196.83977591
196.84261734
196.86070566
196.8996812
196.96224086
197.00385681
197.01938923
197.03317776
197.03785331
197.10799514
197.10970088
197.12434327
197.1813543
197.20558578
197.25332889
197.27328415
197.31776432
197.34344107
197.48390317
197.51241195
197.52293269
197.52585773
197.57063247
197.66785854
197.7386264
197.73973572
197.80667854
197.85831403
197.94326155
197.96715148
198.0199817
198.03858837
198.11606849
198.13617426
198.1800822
198.23251195
198.24446033
198.28995747
198.32428539
198.41449146
198.41981929
198.43801044
198.47361966
198.5631015
198.60904127
198.72380471
198.72758736
198.72951791
198.73216714
198.74127693
198.82565743
198.86097144
198.99319966
199.02589029
199.03304436
199.11684996
199.13134968
199.14822037
199.15086619
199.18607404
199.21911607
199.38024732
199.4002344
199.54210749
199.60872377
199.64154901
199.65591546
199.71275922
199.80191377
199.8245373
199.83498668
199.83654141
199.87317702
199.91658255
200.02610875
200.02740149
200.03616899
200.05011567
200.06742003
200.16895636
200.22541268
200.28816395
200.43115641
200.49655985
200.54600751
200.58453836
200.62406415
200.64188343
200.6459486
200.67692984
200.70593658
200.72416362
200.7629418
200.77686766
200.84211328
200.91542573
200.97156839
201.06039418
201.0725586
201.09457097
201.10035392
201.12964967
201.21601092
201.28367084
201.30716212
201.30843433
201.33787246
201.34886802
201.388727
201.4709425
201.545424
201.55309615
201.60284757
201.63945194
201.76843766
201.77302233
201.79379176
201.84096397
201.84206384
201.8824589
201.93662615
201.98524271
201.99763379
202.06027455
202.18237789
202.35887303
202.3780986
202.44337329
202.52384851
202.55245294
202.62168748
202.63933894
202.6526416
202.67624227
202.74101762
202.76181444
202.77007898
202.7918161
202.82874601
202.83356281
202.87327506
203.07038832
203.09714727
203.12861341
203.27983603
203.31830344
203.32083096
203.42944501
203.45828226
203.46142032
203.52182781
203.52520864
203.54426036
203.54452644
203.56412465
203.61008173
203.66528077
203.74164563
203.89422899
203.94271786
204.2141009
204.29325261
204.36554115
204.41451337
204.42569271
204.4392533
204.5128344
204.60602324
204.61604374
204.71652375
204.76283714
204.77451128
204.78044158
204.83905922
204.86196707
204.86399554
204.87178111
204.89173432
204.98787759
205.04102311
205.10085273
205.17279729
205.19642733
205.27352526
205.31036818
205.32493719
205.44099265
205.49333331
205.51502036
205.52982312
205.61255068
205.65341354
205.65709465
205.66860701
205.6711144
205.69678158
205.70433076
205.72245859
205.7316665
205.73776733
205.79333294
205.85596465
205.86867038
205.88580941
205.92402016
205.93583326
205.97032868
206.11668259
206.12895744
206.1548807
206.18275271
206.19950703
206.24554001
206.30043992
206.30381894
206.30944721
206.31886317
206.36071409
206.39795527
206.39849036
206.41610656
206.42366108
206.42784941
206.66279266
206.68679585
206.75653961
206.79856591
206.91425606
207.00337098
207.00780826
207.07074202
207.09649452
207.14534278
207.14919769
207.22091488
207.23248923
207.36489819
207.3765665
207.39570662
207.45165156
207.47206814
207.48062002
207.54511334
207.56205955
207.65773488
207.72106006
207.87930817
207.88662913
207.90346525
208.03587081
208.07508404
208.29729313
208.30878478
208.33818229
208.39713539
208.44578702
208.448516
208.45229022
208.45530982
208.48353878
208.57943097
208.58942398
208.59508009
208.61032424
208.65070384
208.65081581
208.68367307
208.69191422
208.78523525
208.80168778
208.81447608
208.87655399
208.88649009
208.91189021
208.94589954
209.01557526
209.03664923
209.08972495
209.09645473
209.11474724
209.1794476
209.28001432
209.3631088
209.53229983
209.53549724
209.54930169
209.56237467
209.58546049
209.61440814
209.62406608
209.6400772
209.65469195
209.6682505
209.75040093
209.79428241
209.80341034
209.82484718
209.89784828
209.90447896
209.99924631
210.00803978
210.04535324
210.05055096
210.17291442
210.5220312
210.54441127
210.67665554
210.7035165
210.77417076
210.78944893
210.79096687
210.8397222
210.95507303
210.97411898
211.0091505
211.01134266
211.0601516
211.08547898
211.1018433
211.1792908
211.23822513
211.24017415
211.27637859
211.39014173
211.39523162
211.48724965
211.48805607
211.49957073
211.53056692
211.54638187
211.59417399
211.59937285
211.61778085
211.68161793
211.72402742
211.74352496
211.8471716
211.91371973
212.15598331
212.21411094
212.25284743
212.28366231
212.35259524
212.42731661
212.43780713
212.46614791
212.49856121
212.52085172
212.57931235
212.7001159
212.73574566
212.75044784
212.76891519
212.78448988
212.80140564
212.81383622
212.82046594
212.86026978
212.89874172
212.97645108
212.98373813
213.00686212
213.0644991
213.07306623
213.11029626
213.16882155
213.19267237
213.19608641
213.28975818
213.30863712
213.32374974
213.35692384
213.36505354
213.40822358
213.46803442
213.50772204
213.54418865
213.57034848
213.57842562
213.59678672
213.63270533
213.65876533
213.75880172
213.77444785
213.79004247
213.80635172
213.82648263
213.86215467
213.89680846
213.94833727
213.94838906
213.97625374
214.0949317
214.15975478
214.21006745
214.23156363
214.26097174
214.35423237
214.36490141
214.38425522
214.44583932
214.48381747
214.53168368
214.56665411
214.58185796
214.59018528
214.65147993
214.66949857
214.67670742
214.67945061
214.70572279
214.73036099
214.77273846
214.80090643
214.82288559
214.89119171
214.92507346
215.08910178
215.12733135
215.13786091
215.13950418
215.15106052
215.15298606
215.22972673
215.23339763
215.26194661
215.31804182
215.35965742
215.47210868
215.53754597
215.57671464
215.5873721
215.72746702
215.7832218
215.78683086
215.88407763
215.91565979
216.00645348
216.07546275
216.09076272
216.1275869
216.13718504
216.14199394
216.16999185
216.17456604
216.17507816
216.32696064
216.34666869
216.4279946
216.48154906
216.49645686
216.67065687
216.67229069
216.69375625
216.88483323
216.89005092
217.02154273
217.02671528
217.0495116
217.05479819
217.05948463
217.08092273
217.13168963
217.19010787
217.21392588
217.2359021
217.25233023
217.32327216
217.34082474
217.4591266
217.46711583
217.48059911
217.48591027
217.52166232
217.5258184
217.67622192
217.72630275
217.75400498
217.82597357
217.83802545
217.9237854
218.0521218
218.08096052
218.11662692
218.16891697
218.23071056
218.33122731
218.33563753
218.34684275
218.40930492
218.45170976
218.46504069
218.49054998
218.50000108
218.51631551
218.55648009
218.59062617
218.69919011
218.70446806
218.73835599
218.74605609
218.85203574
218.96330559
218.99920145
219.02571706
219.05342933
219.10586832
219.14525183
219.22828686
219.23151508
219.24051563
219.28365726
219.33498726
219.3394534
219.42580366
219.43876904
219.43920734
219.47176666
219.49079537
219.50379605
219.58224418
219.61034422
219.6155409
219.63554511
219.69974024
219.71684456
219.75720594
219.79987785
219.81455439
219.83724916
219.87031284
219.90267304
219.9348329
219.94613502
219.96833285
220.03613951
220.06733068
220.07134422
220.07556001
220.07922377
220.09843745
220.20775579
220.21668068
220.23032079
220.24273327
220.25320953
220.26415752
220.26598234
220.33301379
220.52992437
220.53406979
220.55651755
220.60229677
220.63057412
220.66602149
220.68547984
220.71512991
220.77561361
220.79363637
220.81735828
220.85308104
220.88779616
220.90424517
220.94543015
221.16395432
221.18096319
221.25321494
221.29126956
221.33427596
221.36199058
221.41601795
221.49862545
221.52291149
221.57317653
221.57571027
221.59915017
221.60207599
221.61543704
221.61973055
221.6218078
221.64263118
221.6982557
221.81047886
221.94638441
221.95959818
222.05503525
222.07647082
222.10893732
222.13488839
222.15423034
222.18833745
222.19032686
222.19940519
222.23334629
222.27042532
222.31749757
222.36391086
222.39678301
222.39751658
222.45394343
222.49953648
222.51410858
222.57610188
222.59390118
222.6746983
222.67715373
222.68390538
222.72253573
222.81829125
222.85168597
222.88571998
222.98094564
223.03950291
223.17085344
223.17597832
223.18235282
223.19479583
223.2815469
223.31689607
223.3762003
223.39654262
223.39841849
223.42927106
223.48330502
223.49816875
223.50067276
223.52566827
223.5399643
223.5469259
223.56026907
223.7366434
223.74637835
223.91842376
223.92354199
223.96349226
223.99845092
224.10169172
224.19795303
224.22595045
224.2740666
224.32214108
224.381146
224.38785608
224.45278805
224.48546973
224.53052923
224.53391712
224.64028906
224.66431203
224.800962
224.81492248
224.86149493
225.00453668
225.1020447
225.16183583
225.17173924
225.2073079
225.22453751
225.42580372
225.45037593
225.46114826
225.47367092
225.50637481
225.5312816
225.56220045
225.60152817
225.61638815
225.62329466
225.62626446
225.63899299
225.65359968
225.67413475
225.69015929
225.70806013
225.71632943
225.76128221
225.79912036
225.82350259
225.82898446
225.87725832
225.91870471
225.99093259
226.05878266
226.05951172
226.10204365
226.14349298
226.16341403
226.2226141
226.22411113
226.31587792
226.35438493
226.39703992
226.45959285
226.56582056
226.58582284
226.65673355
226.69070235
226.75390591
226.79669731
226.86798731
226.88872355
226.91385153
226.91885416
226.92655587
226.93268471
226.9349878
227.06349493
227.19505852
227.2022011
227.27481846
227.37124669
227.42896314
227.44327614
227.48533671
227.53135941
227.59622535
227.68585559
227.68857674
227.6954265
227.73485018
227.76827041
227.79193907
227.90806929
228.06278494
228.24852719
228.28225364
228.28568541
228.29947958
228.49468112
228.55487997
228.62598772
228.62764991
228.63412186
228.64771265
228.81901251
229.11607577
229.14889833
229.29399021
229.33453521
229.33465076
229.43936266
229.48586148
229.50747849
229.52025151
229.56784024
229.64263098
229.64474131
229.67719448
229.71243362
229.77524992
229.80561788
229.89707276
229.90323887
229.95211836
229.98212049
230.00839115
230.01236504
230.18880566
230.22782212
230.26632635
230.36014116
230.45146107
230.51728006
230.68033706
230.72699082
230.80124058
230.98401865
231.0295208
231.08197332
231.08376154
231.18435644
231.21796897
231.26099834
231.37166068
231.43444248
231.44955785
231.46161588
231.47287703
231.49255919
231.54720697
231.65438351
231.76534537
231.84397263
231.861797
231.95276387
231.97437746
232.10322494
232.14327484
232.17458752
232.21195476
232.21646804
232.25106052
232.25215206
232.25249686
232.2724185
232.29963012
232.34906654
232.37922816
232.38371716
232.44821795
232.49144739
232.56399234
232.58615995
232.60748027
232.65415984
232.7231722
232.95311369
232.95893274
232.97846735
233.00254509
233.03821078
233.09779167
233.09960354
233.10588085
233.12452235
233.13897711
233.21719034
233.29451886
233.31350488
233.31984221
233.3241932
233.34643983
233.34710133
233.35984768
233.36768183
233.36860792
233.39624832
233.43543281
233.56278941
233.57616592
233.59878129
233.67332994
233.68033838
233.72605423
233.74032957
233.74272501
233.74279581
233.79421959
233.82206479
233.84259378
233.84700905
233.87587801
233.96838988
233.9783351
234.02132559
234.03103306
234.03244249
234.04201172
234.05982659
234.09490117
234.10573916
234.10960265
234.11083235
234.11485578
234.19703744
234.25715461
234.25868203
234.32873734
234.37019674
234.39447432
234.49254647
234.56364253
234.60416959
234.63816243
234.66619227
234.68469867
234.7478506
234.83051949
234.91522541
234.95149629
235.02762249
235.11078288
235.17563963
235.24729421
235.32197649
235.34333291
235.35810432
235.4165962
235.41778527
235.49634856
235.72956776
235.80035568
235.81998848
235.87125779
235.88659957
235.91538518
235.93428954
235.97021335
236.05625336
236.07368273
236.09418087
236.10232983
236.11038172
236.14365987
236.24423213
236.24465621
236.31449893
236.37740975
236.42349811
236.452928
236.49409406
236.53614956
236.59587199
236.61621369
236.63043622
236.65551501
236.74096194
236.75254536
236.76579292
236.80574376
236.85004165
236.88291315
236.89376641
236.89380239
236.91171305
236.92102723
236.94444025
236.97092001
237.13830916
237.14161242
237.18164733
237.18525835
237.19045876
237.21540457
237.28968432
237.29417957
237.36771743
237.414316
237.4396821
237.49717075
237.49733809
237.54410586
237.55160168
237.60384456
237.63799616
237.66660046
237.70797
237.72644482
237.74714742
237.84638329
237.8519025
237.89017147
237.92932902
238.02110573
238.07664892
238.12172626
238.2095804
238.2159668
238.23791284
238.27034104
238.3669638
238.37075403
238.37129751
238.37437762
238.39759278
238.46869037
238.47156647
238.55608912
238.57373441
238.60384751
238.61240217
238.63332993
238.67674436
238.72124798
238.76125931
238.78210536
238.83150145
238.83411665
238.87967405
238.88386313
238.89508983
238.95039783
238.98181842
239.00489683
239.03656158
239.19730906
239.21415746
239.24857429
239.30020027
239.36589633
239.44903092
239.56270142
239.57746741
239.58514754
239.61965461
239.62805316
239.62937155
239.66519644
239.73922685
239.76260104
239.83455733
239.87635134
239.98018986
239.99709974
240.10795964
240.1955278
240.26108763
240.26669402
240.29836149
240.37643262
240.40210191
240.42974581
240.50823995
240.51310678
240.51834885
240.5743007
240.65076359
240.66319173
240.82333919
240.84050159
240.84517297
240.8674743
240.97826764
241.02800519
241.02953062
241.07881945
241.34581011
241.35189062
241.37209859
241.37991131
241.40412678
241.47043009
241.51257035
241.52201891
241.59556087
241.59568595
241.63844604
241.69067251
241.70669675
241.74695259
241.80917772
241.84304872
241.88114092
241.94186957
242.0237331
242.03563209
242.13778773
242.15487834
242.20426864
242.21721822
242.26094379
242.31509275
242.32592329
242.34298012
242.37030022
242.39380793
242.40134599
242.41470806
242.61218588
242.6652105
242.66827469
242.69660694
242.71752271
242.7454151
242.74928073
242.75112844
242.92367319
243.01229514
243.03543271
243.05000385
243.05725447
243.07835438
243.13194823
243.25475402
243.29173777
243.37031001
243.37735658
243.4864835
243.50161399
243.51153176
243.53960311
243.73890954
243.7736241
243.86610091
243.95843294
243.99250046
244.03304243
244.0535099
244.1879328
244.26233402
244.28242782
244.31624434
244.37614371
244.47066211
244.60480275
244.65163325
244.72712847
244.74363412
244.81468504
244.82014372
244.83543215
244.85935485
244.89800836
244.92522442
244.9485461
244.94882592
245.07405334
245.09361543
245.12354505
245.15151652
245.25639332
245.3442751
245.36832303
245.40301563
245.40630126
245.4632434
245.47750699
245.5162804
245.52990134
245.57310759
245.58490963
245.6098164
245.61775715
245.73583421
245.74042148
245.80247407
245.94147972
246.02060526
246.04453878
246.11168028
246.16256478
246.19672851
246.23728091
246.36901687
246.37243762
246.45236325
246.51746606
246.59326541
246.59425466
246.6007586
246.63763181
246.68042596
246.86171393
246.92532921
246.94097301
247.00682453
247.00764232
247.021986
247.07316817
247.08863787
247.23961656
247.24748587
247.25452911
247.32006598
247.36853981
247.49082004
247.53164161
247.55580406
247.59508722
247.63627616
247.64562988
247.74692643
247.80753939
247.85384828
247.91295604
247.92800707
248.03575352
248.06534914
248.10453468
248.10610198
248.11785861
248.32773304
248.33987913
248.39997076
248.40065342
248.4221574
248.42684756
248.48684464
248.53318606
248.54552939
248.59862708
248.75372406
248.81166228
249.01477477
249.02955837
249.07860036
249.14658934
249.34022408
249.3714853
249.48138878
249.51402469
249.55361873
249.59552512
249.66672162
249.72393212
249.80885798
249.82159244
249.8900358
249.90102025
249.90109754
249.95155878
249.96726638
250.09152034
250.09526142
250.15756204
250.16978911
250.24260115
250.25922924
250.28224846
250.28608504
250.29099566
250.41441034
250.49294537
250.53774794
250.55387231
250.61081851
250.65410727
250.75039314
250.75165067
250.84129391
250.84727296
250.87460035
250.92663433
250.94480445
250.97514824
250.97653753
251.04507622
251.05556642
251.06726819
251.13126085
251.15438118
251.20293908
251.30484076
251.31731462
251.43311512
251.44748934
251.45130685
251.47463719
251.51293065
251.64081121
251.79100144
252.02607016
252.11118549
252.12544658
252.16607954
252.26700025
252.30658914
252.34320769
252.34750835
252.3569199
252.36340843
252.36662187
252.37536108
252.37695419
252.42733484
252.43378387
252.45676545
252.50285961
252.60402171
252.63041829
252.69405253
252.76698597
252.79813973
252.91919963
253.01412391
253.16825776
253.26289853
253.2901289
253.45030956
253.50210901
253.55022065
253.60852761
253.70251912
253.71409957
253.72374829
253.81928029
253.8851619
253.96989627
253.99605922
254.07883377
254.11611393
254.2190989
254.22232875
254.23797575
254.25355485
254.3289919
254.44591292
254.56501372
254.62013213
254.65299914
254.68535456
254.75664812
254.78753451
254.88906129
254.89286065
254.92075596
254.94227595
255.03725763
255.11076202
255.19536837
255.27485347
255.40919068
255.53914864
255.5486373
255.5513819
255.6552091
255.65548812
255.70000532
255.96772803
256.04530364
256.05233969
256.05943552
256.06738039
256.12772092
256.14622884
256.15886336
256.18100552
256.25736
256.34499185
256.35099445
256.40765551
256.43779205
256.45231357
256.47658765
256.50130585
256.51567481
256.54196748
256.5761547
256.58027879
256.68231259
256.68967539
256.73268258
256.85297354
256.87154355
257.00042743
257.14698098
257.30430163
257.38570441
257.43812237
257.44170926
257.54124164
257.60960119
257.61070004
257.62766796
257.6277209
257.63891359
257.6827143
257.71182471
257.73766466
257.83169116
257.8838732
257.89461442
258.026808
258.04334604
258.07680323
258.08779867
258.40667744
258.44488332
258.49931337
258.6291253
258.67479154
258.92518691
259.05353102
259.17255705
259.18440704
259.23396882
259.3026862
259.3205131
259.40416824
259.43089432
259.60099571
259.67256745
259.75080478
259.83173454
259.8872334
260.03090885
260.14851806
260.21515173
260.30343626
260.32267559
260.35693106
260.37683473
260.4128952
260.41898387
260.46601312
260.47254007
260.49654265
260.53790707
260.55491293
260.60716829
260.68131704
260.7239383
260.87170992
260.8740194
260.91407805
260.96775052
260.9724636
261.01263007
261.11138066
261.17861593
261.19599967
261.19844572
261.20987997
261.28670831
261.43361113
261.49732201
261.51991723
261.65341381
261.66039435
261.71312208
261.73897424
261.76044893
261.79857831
261.82840937
262.14808974
262.20828732
262.37010047
262.42594407
262.456086
262.50805978
262.6036326
262.64387248
262.6977813
262.84500953
262.87199052
262.90322203
263.12436096
263.14952642
263.16203839
263.29923882
263.42405296
263.46493391
263.58811303
263.60771874
263.70983902
263.75356839
263.75735044
263.97379234
263.9785083
263.98290875
264.00708039
264.09785202
264.10029714
264.11100746
264.25406965
264.32634535
264.3522449
264.45094626
264.49678521
264.54629633
264.55086301
264.62672464
264.64211362
264.67307495
264.87788703
265.02698318
265.06924184
265.09303622
265.20419246
265.24544886
265.3432265
265.38111501
265.38968109
265.40311484
265.45369363
265.46020594
265.58968637
265.65031104
265.6511773
265.65622728
265.73014313
265.75880999
265.81896776
265.90356544
265.94439875
266.02087077
266.03786769
266.2146922
266.28357987
266.33930789
266.40362246
266.43807067
266.53128332
266.56658571
266.69545674
266.74113289
266.75289985
266.79014215
266.79781176
266.82868051
266.97086576
267.01362114
267.08919546
267.10142293
267.31186786
267.42764505
267.44360154
267.56110419
267.77698794
267.78270991
267.93957936
267.95124712
267.96102176
267.97609077
268.04670404
268.10766589
268.13223452
268.19755166
268.20724662
268.31675922
268.3295107
268.35251028
268.36615501
268.49934344
268.59983284
268.64783189
268.6515229
268.73817278
268.83684547
268.84461436
268.98063977
268.98681957
268.99456585
269.00972402
269.03014689
269.08434141
269.16812883
269.19437253
269.21215124
269.33909151
269.37268483
269.41259933
269.47245589
269.50578658
269.55285553
269.65562126
269.70484947
269.72021781
269.72780797
269.73859262
269.83928531
269.94827565
270.02834054
270.10231974
270.10594501
270.19369802
270.32632002
270.40669309
270.53113598
270.53262065
270.80364293
270.82298647
270.84780845
271.10876043
271.22947019
271.23096979
271.23871555
271.2453124
271.43307898
271.48758417
271.49783779
271.61393581
271.6968107
271.70221563
271.76348217
271.80238267
271.82267984
271.89298469
272.07209437
272.12975696
272.15304082
272.15748228
272.17375884
272.25995268
272.28995721
272.32255176
272.42884227
272.43960391
272.49578245
272.57629666
272.5847582
272.60416971
272.60494915
272.68205123
272.95063729
272.96594521
272.98073759
273.07152408
273.18047607
273.33589117
273.35541505
273.57418315
273.72386357
273.74831374
273.83817311
273.84941274
274.0595707
274.07621683
274.17879607
274.23257282
274.53526857
274.58386084
274.68805438
274.78100286
274.80746154
275.01196985
275.03816683
275.17154271
275.18632469
275.27435029
275.36619544
275.40716626
275.42018089
275.44598562
275.47794754
275.5615542
275.61507374
275.67198139
275.68643267
275.79603282
275.96722452
276.06653441
276.07529332
276.10922507
276.15052503
276.16899581
276.19859035
276.32936186
276.400558
276.44439071
276.46805203
276.60109991
276.88308841
276.94229418
276.99731113
277.15580456
277.17291191
277.19298714
277.25061929
277.43170941
277.77077001
277.8097986
278.16956286
278.32793744
278.50214206
278.54379534
278.57798632
278.63981735
278.71643795
278.78747997
279.04340251
279.11423876
279.19323609
279.40674185
279.56798037
279.58225862
279.59678392
279.89820531
279.91364899
279.9208328
280.02219016
280.06550196
280.22762983
280.29762868
280.46448871
280.47867473
280.8063274
280.91860003
280.94811923
280.96308987
281.05669812
281.39657509
281.39714345
281.4938977
281.54852141
281.7364593
281.88645218
282.06666692
282.19461332
282.2023515
282.3084063
282.54015833
282.66798116
282.82391912
282.85010822
283.09790505
283.20547754
283.33110348
283.38193852
283.40303166
283.47787913
283.52342252
283.62077219
283.62221552
283.66750585
283.7595023
283.7649206
283.80545915
283.98448012
284.19876016
284.33036774
284.35353343
284.49957101
284.61522607
284.71023525
284.89055545
284.98012545
285.19157343
285.32286894
285.39280513
285.45880522
286.18863827
286.39291717
286.66819371
286.82025498
286.82686751
286.95465723
286.99360892
287.02672847
287.19538756
287.29358651
287.29699475
287.30983636
287.42487034
287.48822991
287.60448816
288.03097221
288.04431018
288.2111086
288.31756516
288.7173884
288.72822022
289.13270949
289.13368899
289.32139245
289.37008735
289.47556669
289.55744986
289.65228381
290.04961467
290.08633318
290.15192785
290.19998314
290.3324036
290.50994512
290.69265382
290.99124916
290.99240661
291.11961255
291.29540973
291.51791775
292.49633655
292.65381933
292.68373703
292.72304089
293.07547187
293.17301295
293.32956814
293.47912984
293.56504564
293.59826206
293.63749591
294.02191439
294.02755567
294.34011329
294.3469514
294.58858445
294.61539472
294.9266989
295.00423822
295.12048602
295.12886748
295.2033905
295.56235568
295.81109216
295.8652975
295.90653481
296.02216547
296.42934177
296.99632933
297.02559645
297.16410038
297.40964686
297.4563718
297.53131781
297.61298644
297.61635886
297.84963586
297.94805125
298.20879084
298.39473635
298.44867385
298.55362492
298.66838808
298.70554133
299.08595996
299.17972265
299.21530586
299.42676593
299.43822081
299.50891497
299.54959057
299.66107322
299.71555727
300.32822274
300.46119516
300.54742245
300.56711262
300.57298889
300.65079528
300.68374735
300.71890274
301.54392494
301.72630544
301.79272279
301.8601956
302.12824338
302.41680569
302.59160178
302.60243125
302.72052738
302.84502104
303.08745479
303.14200158
303.14843313
303.1858399
303.21138486
303.24835947
303.30022
303.40086679
303.47779485
303.57651971
304.24641171
305.10586643
305.24563013
305.75352038
305.79389482
305.84334744
305.94606761
306.04119351
306.32662273
306.39416783
306.48315033
306.55604439
306.61818303
306.66781003
306.85329739
307.22278507
307.42849549
307.53170515
308.13914055
308.26677784
308.48201197
308.48506296
308.52043367
308.55370747
308.56868014
308.65094917
308.75433129
308.8035907
308.91558083
309.08563075
309.17859886
309.5538901
309.73033369
310.17465093
310.39483666
311.1454478
311.33444231
311.65070995
311.91005669
312.21388442
312.21593543
312.2852366
312.39615379
312.48748071
312.5544033
312.81080326
312.91923504
312.98309856
313.38524888
313.55928449
313.64518101
313.8400747
314.40691597
314.53373531
314.54410341
314.61676606
315.0420211
315.14947601
315.35867324
315.36868312
315.61839428
315.95131514
315.96788493
316.06850283
316.37810428
316.62001183
316.85108736
317.03079903
317.46517422
317.61757776
317.66907341
318.01868249
318.10183774
318.14444961
318.28504647
318.60005207
318.66851969
318.78587593
318.89591529
318.92570315
319.03489345
319.21418216
319.37169579
319.41126138
319.75246486
319.82668378
319.89209336
320.1508197
320.34924293
320.69584099
321.27777552
321.31977241
321.32533648
321.39130766
321.51769597
321.65723188
322.36917641
322.7889986
322.97503995
323.14184135
323.25455677
323.27503404
323.5155831
323.5934395
323.79938843
323.85341282
323.86053725
324.21824984
324.29661456
324.82671568
324.91663854
325.41482336
325.70872647
325.75068162
325.97457713
325.99737922
326.34624726
326.43616171
326.50908271
326.52565708
327.02579134
327.21919253
327.31765886
327.47695112
328.27962073
328.91662398
329.08611109
329.21807951
329.70104723
330.00572726
330.92862655
330.9575665
331.01414832
331.51268696
331.61856262
333.1409761
333.32576542
334.02558731
334.16510153
334.4573402
335.00119099
335.15093968
335.21287939
335.9632734
336.0326058
336.21499448
336.41674152
336.72722011
337.27501713
337.71520274
337.9511258
338.18710456
338.48223277
338.57698223
338.58345229
338.99064953
338.99869774
339.31332504
339.51035746
339.85404838
340.29977417
340.48119027
340.73051124
340.8260036
340.85686319
340.9734204
341.04982826
341.61545956
341.63229614
342.03039741
342.12362508
342.20796951
342.43092698
342.9941744
343.22752254
343.6736665
343.7351394
343.77041413
344.03083402
344.16274036
344.37538185
345.60402683
346.14046779
346.45261327
346.65745905
346.75813029
346.95735136
347.12608475
347.18003415
347.5439067
347.61902571
348.30498945
348.9574239
349.53955022
349.85510519
349.9970358
350.2231853
350.7668583
351.12244458
351.23560784
351.95470823
352.59491885
352.89860559
352.99913319
353.08365106
353.17462753
353.20937308
353.71691515
353.86485523
353.9102437
354.77827181
355.25925368
355.49200364
355.60287412
355.98567938
356.16975243
356.67883789
356.74037781
356.76327375
357.22781943
357.94531081
358.15256186
358.22626215
358.26729078
359.48902076
359.9091804
360.26790437
360.79096493
361.44293175
361.53994832
361.59814778
362.01479448
362.14547126
362.49250656
362.85047974
363.25743107
363.60858102
364.6051275
365.8399401
366.10008612
366.44648638
366.53040231
366.79430905
367.04698263
367.21493959
368.18398921
368.36187382
368.5468446
368.77250328
368.91701884
369.18974312
369.34282289
369.67274238
369.74582479
370.58767033
370.69364275
371.38757152
373.16700051
373.43902876
376.79685808
376.84948419
377.8571056
377.87510714
378.28891025
378.31652649
378.43359221
379.62075369
379.89977326
380.66276223
380.93041962
381.64283925
381.97953403
382.17445149
382.30811734
382.51709743
382.56232777
382.70438241
383.01335607
383.96434922
384.23129114
384.54969146
384.69944166
385.43517144
386.92825094
387.01810874
387.66459665
388.44397169
388.82793831
388.94959039
389.77406168
390.45079148
391.08502297
391.15028395
391.32211138
394.61587966
395.07224116
396.13281028
396.41657843
396.88317886
396.90839105
398.19764502
398.29283058
400.16869704
400.49822079
401.7614109
401.86008986
402.29425361
402.84620199
403.239505
403.86940747
404.5661187
404.91487519
405.22735576
405.24200159
405.76198114
406.39146852
406.50785947
406.64685437
406.67627914
406.9670239
407.327417
407.44467342
407.7307161
408.33110556
408.37283393
408.64479445
409.33344339
409.52829351
410.06706536
410.09455627
410.47146192
410.69986703
411.47483427
412.08684654
412.1254807
412.49812893
412.66285531
412.79186296
412.80846653
413.5438635
415.40122554
415.4695639
415.63849286
416.17551229
416.41931157
416.55799114
417.75842222
417.86764533
418.87822412
418.97593742
418.9861546
419.72958055
421.95790944
423.0121922
423.43204874
423.91947568
425.97414262
426.98045665
427.4743231
428.3233277
428.76497935
429.86418011
430.28536537
430.39342912
430.59209638
430.87268774
432.19638938
432.61599167
433.77486197
433.81616139
434.51786288
435.8387174
437.41033834
439.01127087
440.45799737
440.8832776
441.8031738
442.73803567
443.59018744
444.02559747
444.82832161
444.9148514
445.99744475
446.10079459
446.54032148
447.51342027
447.75754726
448.05207473
448.61672948
448.69437544
448.75527363
449.49297403
450.45320016
450.91378775
453.29289056
454.81009394
455.28967264
455.41116407
455.74147666
455.83442544
456.7096161
456.71960937
456.83047116
458.58944683
458.77025311
459.86215255
461.15928114
461.23532362
462.28331677
462.31514828
464.06325626
464.44018854
465.14354202
465.49811769
466.1111746
466.34030548
466.45138945
466.46031884
466.58173852
468.11624888
468.79008244
469.11424184
470.47789354
470.51941508
471.73037861
471.95347095
472.00883341
472.12064139
472.15593346
473.87982842
474.05305467
474.38481459
474.62366078
474.82542332
477.39646252
477.52615568
477.7601632
477.92942018
479.55590307
479.68420074
480.20636764
481.49679892
481.89394439
481.93622594
482.82024464
483.19837231
483.49016297
483.59142984
483.87051244
484.17807898
484.50597098
485.91220268
486.58799618
486.97616637
487.28598304
489.20718111
489.76532712
490.18029137
490.46341802
490.52144654
490.52194742
492.7735558
492.82114492
493.95675646
494.58373139
495.76537574
495.80441744
496.48632017
497.25828577
497.76557922
498.09111416
498.16190381
499.13668518
