-6.163942300000001
-8.1648237
-6.6033483
-11.0568983
-16.326717
-10.6858474
4.800032099999998
-2.1083015
-5.522248300000001
6.463649700000001
-6.7241002000000005
8.049862899999999
-10.882291599999999
6.340506700000001
11.2390058
12.647017700000001
8.547975000000001
17.277251500000002
-0.9886302999999999
-1.469982
14.317969899999998
18.796452199999997
-14.4540951
5.5992983
-17.1248255
4.9986726
-4.9196352999999995
-6.2700072
5.551517399999998
-4.854040500000001
2.6906017999999996
-4.097025900000001
8.477860399999999
-11.0622863
-8.2927811
-7.158530900000001
3.697340199999999
2.9344482000000016
6.3599663999999985
-9.8092814
-11.6845636
0.2190289000000007
-16.2916444
18.9083211
-4.8852935
-13.368321000000002
11.779706700000002
-19.491875500000003
7.430143400000002
-5.8891582
-16.2926231
-0.9431007
15.3786254
7.515683600000002
-19.8268676
-13.7511047
14.625428900000001
-5.420635600000001
-1.1385633000000006
14.3303791
-11.7822828
-12.3978442
-11.9944693
-4.1258358
7.564073400000002
14.7738031
-3.1953314
-1.6727216999999996
-12.814038799999999
17.8071339
-12.9748712
-16.922317
-0.7085176000000001
10.3980404
17.6201428
-8.0621165
-4.402989600000001
-9.4751893
-6.1203559
-14.0983435
6.976944199999998
-19.1197707
-4.046398300000001
14.067465000000002
16.302417300000002
-19.0506804
2.607597999999998
-15.6893412
-0.03881869999999935
-11.5535742
-3.0105758999999988
1.3695348000000012
-11.477775099999999
6.8532027000000015
1.0670028000000003
6.5135181000000015
4.8322834000000014
1.6978571000000011
0.5240544
-2.1266448999999987
-15.1175475
2.4770778000000018
12.3771502
1.956272399999998
-0.002348300000001018
4.802589899999998
-7.733892800000001
-18.060293899999998
-2.347119499999999
8.934869199999998
8.481373400000003
4.26723
5.371268100000002
11.930353700000001
-12.109262
7.396181999999999
-10.812073700000001
-7.2484079999999995
-3.8685216999999987
2.158616400000001
4.7726568
17.721208999999998
-11.0869184
14.4547156
-6.3474758
8.2655397
15.7981759
19.180209100000003
17.2630118
0.7344225000000005
5.0839718
12.472734999999998
7.852745300000001
8.839249599999999
6.861469000000002
16.7963776
10.6996557
-2.7683995000000006
-14.1336922
0.573090900000002
-9.1403515
1.310839500000002
-0.7408017999999993
10.9559901
17.3397983
19.6462429
5.489449599999998
-2.3479592
15.010196
13.721441100000002
-2.8688155000000006
15.584746599999999
13.6178906
-17.3148706
-1.6012506000000009
-4.198850399999999
-8.8036861
-1.670257899999999
-15.7759598
-15.922901999999999
-1.9571756000000005
1.443447000000001
-7.7886428
-0.4468443000000002
12.466761400000001
-1.9192852999999992
-16.9318509
12.585047399999999
-18.047385199999997
12.0581691
-9.3258463
9.6909964
16.190262099999998
-8.7115113
-17.7825418
-4.946356699999999
-19.959282599999998
-19.9632168
12.035920999999998
-19.765646
-17.097720300000002
14.456188299999999
-6.713474300000001
-18.4196834
-19.2405902
2.052244300000002
-4.113678199999999
-12.3799928
0.5018343000000004
7.2303729000000025
-6.3676601
10.500228699999997
9.31179
10.818096
9.1789563
-17.4436289
-8.492446600000001
-2.286353799999999
-19.238509699999998
8.484541100000001
-14.815156
18.0898348
5.690700900000001
-8.538587999999999
11.464732199999998
4.4380199
-15.739754399999999
-18.6406535
-11.3510063
11.703218499999998
-1.617208599999999
1.9629932999999982
-13.8102577
16.1091224
-6.430998
16.818323999999997
-2.674359199999999
-11.945676800000001
-19.812986900000002
7.225654800000002
10.0191014
-4.506302599999999
10.9808617
-4.6239149
-5.0501495
-19.916838600000002
7.590400599999998
-16.2928984
-17.4072061
12.2864415
-9.7820798
-2.4649529000000006
-17.2051088
14.396020600000002
14.676593400000002
0.2884645999999998
-1.6540560000000004
-11.9982612
5.1857197
-7.708483799999999
-3.3976044
-8.972511500000001
1.584289600000002
-13.461409699999999
16.3100871
8.7180147
15.863879299999999
9.6843935
4.5125736000000005
7.223442199999999
7.1602621
19.0602663
5.6891505
-3.4662146000000007
8.740783
-14.872052100000001
15.064834500000002
-5.251923
6.698884800000001
-5.6770784
-10.1434301
14.657842999999998
-14.5127234
17.5595168
-4.4899971
-12.962067099999999
6.5598632
7.156212
19.0906095
-9.834822299999999
-17.866077399999998
9.1391282
0.6221428999999989
4.8073644999999985
-1.056639600000001
19.111208299999998
-7.3073532
-12.996092800000001
5.4524940000000015
-6.131665399999999
17.612831999999997
15.282421599999997
18.189042599999997
-13.860705600000001
-5.004574700000001
-11.166592900000001
-8.9590797
16.996954000000002
-17.5040958
4.636140599999999
8.680958700000001
19.5669404
-4.531921
-2.9162725
-6.8730557
-10.944965200000002
5.817396800000001
6.9729502000000005
-7.915394699999999
-13.5728486
9.9697917
6.478080399999999
-12.3670622
10.534774699999998
-15.1440742
19.710810700000003
-4.4504377
17.4421779
8.911072800000001
-17.2615519
-15.8759201
7.1320253000000005
-0.4092470000000003
-16.4990368
5.453307300000001
-17.2876188
-13.455465400000001
-14.185894600000001
4.9898311999999985
9.476931100000002
-16.654884
-15.0215193
3.549739300000001
-0.8897272999999996
-19.5147295
11.5940251
-14.9430051
-14.9294452
13.965550600000002
9.511999300000003
3.0002743999999986
17.2031935
18.095206899999997
14.184087300000002
-7.0478755
6.1648972
-4.623554999999999
-12.2818809
8.998525800000003
-2.7599693000000003
11.559329200000002
4.838384099999998
-7.728419200000001
-19.5459882
17.897470600000002
-15.7012038
-9.0333394
4.009822100000001
8.0175819
-16.2439825
5.1218379
15.561887000000002
5.756150899999998
4.9469607
-12.4573687
-9.7807782
3.3750145999999996
-7.503685900000001
0.31651689999999916
-2.955192099999999
4.649466299999999
2.9248001999999995
6.7451971
12.101459100000001
-18.1778584
-11.765584899999999
-19.4840917
-2.040254
-6.635174300000001
-14.1689707
-13.412068
-10.997549300000001
-5.893078499999999
-17.3096154
-7.4823768
8.904405000000002
-14.5059361
-9.7687344
-2.9850963999999998
2.6537635
-17.9272479
7.787696
-5.833218199999999
-16.5578539
14.875285600000002
-5.763799899999999
-17.9769435
8.748020200000001
16.6771877
12.038667300000002
-11.2812311
18.2316015
10.8800321
0.20091059999999972
13.4857415
15.5882098
5.092515899999999
-10.9630035
6.0372784
-11.6679874
8.1718671
5.305427
4.217886600000002
10.569503300000001
19.777025400000003
-9.743056200000002
0.217663399999999
-19.4944224
15.924580099999998
18.416581700000002
-6.025113100000001
8.5447595
-18.5410104
9.8315648
19.4556694
-15.6388892
14.088456599999999
-0.5005138000000011
-7.704160099999999
1.1346657999999978
-10.9852027
-2.982621300000001
12.607067699999998
-11.7835525
-2.7301884999999992
17.325084999999998
8.140133700000002
-16.0143646
-13.513424500000001
11.333738499999999
-2.4826469999999996
-3.5110930000000007
10.193459299999999
-4.344557
10.953431700000001
-2.707203999999999
5.387338800000002
-8.2090287
11.785368600000002
9.002935000000003
-12.1992828
11.556295300000002
-3.7592734999999995
14.634668999999999
18.551320999999998
4.743760299999999
-18.9567913
18.178229299999998
1.9355182000000013
19.662189899999998
14.956151799999997
18.955681300000002
-11.7478159
9.8250016
11.636255700000001
12.296190000000001
10.849143800000002
13.630209599999999
-15.688076599999999
12.975848000000001
7.983774199999998
0.4480792999999994
12.065720999999998
-6.8913579
-1.7944154000000003
-15.5344507
-2.020206499999999
-8.865680099999999
-0.35975470000000087
-4.388375000000001
-18.863616099999998
-13.363530599999999
-14.131193699999999
-7.760092500000001
-18.679311499999997
5.171432399999999
-18.1248223
-2.055172
3.1463711999999986
-11.206510699999999
-16.6538799
1.9374352
10.701963799999998
6.862853
-18.4440836
-2.2332762
12.339441299999999
-7.6957916
7.1562028999999985
0.5441442000000006
-1.9755577999999991
-17.788476499999998
-7.3133693
-18.700786100000002
-10.3963355
-0.6406312000000003
-4.3878260000000004
-3.3216535
5.8941346999999995
18.396341699999997
2.087133600000002
13.548998499999998
15.281712800000001
0.7835667999999987
9.2493837
4.210127400000001
-16.3855782
6.704279999999999
1.4896225000000003
-7.7526793
13.5634375
-13.724142299999999
-15.6727261
10.3192418
8.222619
-11.2569601
6.0251823999999985
16.4827522
15.122729300000001
19.408716300000002
19.362636000000002
-18.6999177
10.673082399999998
12.700795600000001
-7.773215600000001
-13.9269498
8.566108
7.3267713999999975
14.1805699
3.331612799999998
10.763894300000002
7.291862700000001
11.454948800000002
18.5480735
-13.6667345
-2.0450836000000003
-15.1318892
5.066388400000001
7.8486762
9.026451200000002
4.567813099999999
13.4691343
5.748472200000001
-2.020061800000001
-3.5190608999999995
-1.4989986
-13.7748087
-12.158524499999999
19.7919121
3.577043600000002
5.430833400000001
15.575488700000001
-0.7175557000000004
-18.586214299999998
-12.6262588
-18.416684500000002
14.855011599999997
15.478383899999999
-5.2889466999999994
2.6804768999999986
3.2376135000000024
-10.7381155
15.9531034
3.4663799000000015
-19.0677137
16.361948499999997
18.7406605
-15.2569041
-13.4854692
-16.1043467
-2.760492200000001
2.1670220000000016
11.659552699999999
18.3981248
-14.378934899999999
-15.5818722
-15.3801244
-15.4201973
-2.8563780999999993
-9.5735973
-6.600673
-9.934308099999999
10.6404189
10.248015
1.5397832999999992
7.139663700000001
-18.935072299999998
3.2236938999999984
-17.083347200000002
17.6949681
10.4128388
9.929637200000002
18.8534753
18.5872901
13.8043782
8.855985
12.822884600000002
-15.339261099999998
-7.541135400000001
11.075464299999998
0.1346641999999997
6.963374600000002
9.052427600000001
-5.0267209
-18.3569404
10.3580478
-19.5374496
-5.398696
-11.5154838
-2.4143296000000007
-11.642689800000001
18.9185388
-15.391404600000001
13.4089498
3.933330900000001
-3.4091318999999998
-12.921973900000001
-13.7244664
-7.537369699999999
1.3225307000000022
14.1751006
-4.623688099999999
7.7555638
-13.4617059
-7.864054000000001
12.176905299999998
17.0040713
18.530612599999998
-8.061092499999999
12.5696484
-10.574711200000001
2.387043800000001
19.614652200000002
4.742076999999999
-3.7783401000000003
-12.409998500000002
-18.705297299999998
1.283673600000002
5.657449200000001
14.6171266
2.8024573999999984
2.7284753
-16.0089544
18.850000599999998
-18.448607199999998
-8.5734961
-18.6161462
-4.9494262
-11.781638400000002
-13.8650328
19.3334794
-8.074184299999999
9.1766981
9.230774700000001
10.536202199999998
13.791860299999998
4.382413200000001
12.513973799999999
-11.5667544
18.466879399999996
-17.7293365
-14.412197999999998
-16.4772648
-6.5603001999999995
17.253651799999997
1.564641099999999
19.8686702
-4.9203845
18.0567873
-18.0103582
18.5535327
-18.1208135
-19.5538414
11.7095903
-13.9871801
15.214194200000001
-5.8279036
-7.2672436
5.7932108000000015
2.380653699999998
-15.5268565
-5.057448400000001
-16.297992699999998
3.9240788999999996
7.910901699999999
17.4499459
8.395810700000002
-1.2176415999999994
-5.1846859
-18.6441711
18.5017335
0.04244959999999992
10.693979500000001
-6.4954325
-9.027393400000001
0.28222279999999955
-11.241346600000002
18.968327199999997
-19.6512546
-0.09208769999999959
-3.231072999999999
-16.9258493
1.8819968999999992
2.4601256999999985
-19.8792605
14.916698299999998
-17.329979
10.517513600000003
0.6333498999999984
-3.4675596999999994
-2.0178982999999993
-2.5954053
13.0964259
-13.485706599999999
15.1297939
-1.748345200000001
-9.8975405
-0.06073630000000094
1.8388014999999995
3.175037699999998
-14.2688258
12.083453399999998
-6.0288454
-11.8596013
-10.5887229
-2.60624
17.971020199999998
3.6513389999999983
-8.332601400000001
-17.5500207
-11.245980199999998
11.844532599999997
-17.126019999999997
-5.490339100000001
-2.708049000000001
10.555583000000002
3.5882537
0.19383779999999887
-2.115194200000001
-6.1489029
19.9071009
-18.8178077
-1.3343086999999991
-19.9000089
1.480913599999999
17.5285872
-1.8534021000000007
-5.794054799999999
-15.4709456
-4.5898764000000005
-8.4109401
16.3961456
-10.408705
-15.3037041
5.8970143
-17.223854099999997
-2.6094597
-16.2488107
-7.875769600000001
-16.6869811
-7.5145955
-11.2904963
11.649575399999998
2.5790367000000014
-0.03358829999999898
4.2215983
11.057219799999999
19.374457000000003
-6.784209100000001
13.8932371
-5.281844000000001
-10.6623379
-12.265599200000002
15.504851399999998
-13.116816100000001
-14.381691799999999
0.5545469999999978
19.331932700000003
13.6571497
2.447148900000002
17.8699024
11.268173999999998
-10.0280147
11.6137857
0.36374720000000027
9.362544600000001
3.4260876000000007
-5.6794281
-14.573070600000001
-2.0456122000000003
-9.255424499999998
17.3077167
9.9747724
-11.99492
-19.5344518
7.696716599999999
18.4744352
16.359678
-11.8478708
11.7890812
14.386131
3.054398000000001
-14.4944787
-17.1090995
-9.986695899999999
-19.4246692
-15.7906995
-4.554858200000001
-10.393791900000002
-5.904615799999999
-2.275634500000001
19.0810596
-0.29078320000000074
12.3546425
16.340689
-14.5346283
13.434428699999998
13.335357399999998
-18.9420756
7.648552599999999
-7.8096461999999995
15.907797500000001
-0.7798746000000005
-4.567990400000001
6.421755899999998
-14.686886600000001
8.7782492
9.608729600000002
-6.9716436999999996
-3.808661199999999
4.5514991999999985
15.692585800000002
3.8016217000000005
17.5278095
7.533675899999999
-2.2415354
-12.6896048
-1.9264952999999991
13.179261200000001
-14.6935699
9.406061800000002
-3.0423308999999996
15.261988500000003
-5.9857141
7.469122400000001
9.7549356
1.8538585999999986
-12.5099567
13.0102371
19.8059217
-1.0549655000000007
-12.1520011
-10.602184099999999
12.217230599999999
-0.8782073999999989
1.9086884000000008
-17.4262251
-13.2414368
15.494887499999999
3.714733700000002
16.488641400000002
13.115809899999999
-7.323818799999999
8.926048300000001
3.3130436000000008
9.452603
-10.2861466
6.590356499999998
-9.9378378
-16.7659414
3.785755300000001
-17.772093299999998
16.8911351
13.7172208
-18.1599595
-11.235854
-15.273835799999999
-4.1962094
-11.757593400000001
9.4555078
7.567195999999999
-14.126772700000002
-17.3751362
2.6891512999999985
7.624041400000001
-13.3710229
-14.916263100000002
-10.944352100000001
4.281478699999997
-10.419772400000001
-7.3655488999999985
1.4877808000000003
2.2750914999999985
0.3466531000000009
3.0678144999999994
15.668882199999999
7.965902500000002
1.5944873000000006
10.9568554
6.315547200000001
-9.9771548
-6.0877031000000015
-4.355326700000001
18.9934233
19.420857599999998
1.300596999999998
18.4331278
2.8115441000000008
11.973049000000001
8.349230200000001
10.850516299999999
-6.886211800000001
-5.978012799999999
5.252306400000002
-18.6880964
19.4146155
18.1557193
-13.8358096
6.362096499999998
-6.784543900000001
17.711885499999998
-15.1542747
1.4510170000000016
-7.8628623
17.0403625
17.657831
-5.717060699999999
-5.087613899999999
9.373112200000001
9.020476399999998
2.6360322
-12.070366
15.4382827
-16.1437497
2.8588821999999983
-1.9943210999999996
-16.8221474
-14.654030299999999
-16.7897416
3.3960035000000017
-11.4371598
-10.7795145
3.2234499000000003
13.5045939
12.940868999999998
-7.937984200000001
-12.1032907
5.421281600000002
-15.6014928
9.6304153
18.1338838
13.948893200000002
6.0748711
-11.9361259
17.4534497
0.2546911
-16.8337443
15.197556800000003
8.3135038
-4.8963364
6.657785100000001
7.395297700000001
-19.5360341
-19.1611417
5.887876500000002
-18.241132399999998
7.8790904
0.3767454999999995
4.638631599999999
-2.506784500000001
4.140962800000002
14.344785900000002
-13.2718638
-16.9603641
-0.27503819999999907
18.185318900000002
-1.2872133000000008
8.541152799999999
-3.4701117
6.7576119000000014
19.7713205
7.321135300000001
-1.009188099999999
-4.6149388
2.7256799000000003
17.5034733
3.4231100000000017
7.348907100000002
6.549213
-13.564936499999998
-4.9947056
17.857484399999997
3.234267500000001
-9.1423399
7.304979600000001
2.6553308000000015
16.0682698
13.2440213
9.417415299999998
12.977985399999998
-12.4530883
-5.7322749
-1.773306399999999
-2.2318334000000006
-4.608747900000001
-14.0509293
-4.0399047999999995
12.105101599999998
-7.244731799999999
-8.8881772
13.0205204
14.7222037
-6.8382950000000005
5.4306088
-11.1364899
17.1834646
-12.947598900000001
-5.962113400000001
6.4402702
-17.9673304
-10.9819227
-7.842559900000001
8.956469900000002
1.6673068000000013
3.405029199999999
4.9126368000000005
13.9997975
-17.9276841
14.206041
9.9191327
11.260036799999998
6.179701500000001
2.713239699999999
12.489453800000001
-2.9949495
-15.1969631
-6.660036
12.1033286
2.462361700000001
17.3442396
-14.5009119
17.5288137
5.552982400000001
-15.8542548
-2.921824200000001
16.7336092
3.5175586000000023
-19.4954558
-0.5901609000000008
13.4983736
8.110768600000002
-16.8126375
19.3472995
8.636274600000002
-4.810092
-4.5611345000000005
-10.6545074
4.292721700000002
-7.442816199999999
-7.6814146
3.202108699999999
-0.3763296999999989
-7.373479199999999
4.354768399999998
-7.9360843
7.204463099999998
10.6274917
5.570526599999998
-9.240961500000001
6.291381099999999
-14.707064299999999
-7.602802799999999
13.628809200000001
15.422818999999999
14.1195732
7.638847500000002
17.7615953
-5.381868300000001
-8.158425099999999
-18.3812456
-12.504934600000002
1.5999690999999985
-4.709885200000001
-5.4967515
-5.259096500000001
-10.6795482
-5.2809375
-6.8262043
17.2234297
-17.5808865
-3.154065700000001
-8.9052593
-13.8576811
-6.0894056999999995
-7.2082582
-19.672222899999998
6.698901900000001
-16.766846599999997
6.3712725
9.003120899999999
-19.2780479
10.307464399999999
-5.654281900000001
19.7746838
5.528243299999999
-17.925342399999998
-3.198829000000001
10.331957000000003
5.828964500000001
-13.762495800000002
17.441333599999997
15.494711200000001
12.355499199999999
-13.6389385
9.703523300000002
9.4245878
-15.4975972
7.329295699999998
11.051341299999999
11.5862437
7.433266699999999
-5.500971300000001
-10.514543699999999
15.119430999999999
-11.1814979
-17.611435
-12.9659383
10.091968700000002
-17.4870365
6.9787073999999985
-5.3198327999999995
3.056661600000002
7.334904299999998
2.9408010000000013
-19.6153874
19.395817299999997
1.5172654000000012
12.263558499999998
-3.523000099999999
-11.0879911
-15.982542599999999
16.611509599999998
7.718621600000001
7.001250100000002
-16.219819400000002
-16.1227928
2.8654460000000017
13.4372318
-10.1535484
-0.2319354999999996
-18.5829103
-6.670226199999999
-4.7559564
12.3079126
-7.2917114
-1.363182300000001
15.7716694
-6.792675099999999
-4.2640761
-5.5810771
9.699572199999999
-8.9400496
-16.2654128
2.8264370999999984
-17.795749100000002
13.1554099
19.7259001
-5.2015166
9.8179117
9.0785327
-10.0837418
-1.3396337999999992
13.080831400000001
-9.2336689
-2.588656800000001
4.720419299999999
-11.6173899
1.164629799999998
6.761103400000001
-12.108121999999998
19.0820986
19.642139200000003
9.1779297
16.5337271
-4.819781700000001
7.0530403999999995
-12.674075199999999
-3.779945600000001
9.9653487
-9.1070946
10.5550803
-18.711636900000002
-2.7830032000000005
10.933012199999999
-15.6541201
-7.221196600000001
16.8612432
16.0281837
1.129248200000002
-1.1751018
15.262674699999998
7.103506200000002
1.512869599999999
-7.870966900000001
12.2124642
10.964716199999998
-4.7249478
15.630366100000002
0.4086631000000011
3.4880011000000013
8.111998800000002
18.3693777
2.2583077999999976
-0.1486770999999999
-2.554112500000001
-16.8830239
12.443180000000002
11.190429399999998
-0.20742050000000062
17.751404
0.5676666999999997
3.279925699999999
18.8969412
-11.808979100000002
-3.360533700000001
1.2024085000000013
-14.494574
-19.8373946
-3.3917661
-10.5054338
-6.9214346
2.2669216000000008
15.680337
12.1252606
-15.1801603
0.17880699999999933
4.035776300000002
4.627885700000002
-0.5319594000000006
-7.560575200000001
12.047043600000002
17.4735167
-4.995073299999999
6.5236287
16.3100384
12.597761599999998
19.0559751
-3.1725518000000013
18.6214257
3.8477406999999992
-2.4085327000000007
-11.554230800000001
-12.2948811
-11.613789099999998
-6.0769822
-14.9614624
14.458581399999998
-7.483688999999999
7.214321399999999
5.0387682
-12.9510625
-1.229356600000001
-13.0279998
-8.662335800000001
10.3141858
-16.2268436
-11.553025600000002
-4.9783159
-18.9514623
1.4301065000000017
3.2217194999999994
-7.477982
10.078252000000003
11.3529711
14.5636917
0.29883689999999885
-15.1137144
-10.7945414
-11.7992578
17.495745799999998
8.8019839
-12.347586999999999
15.895249600000001
-19.9761309
-2.4581619999999997
-14.388744200000001
9.793427000000001
-3.8829853
11.0877016
18.506032
14.6783318
-15.849531299999999
15.090584399999997
11.0989151
-7.026658
-9.135165500000001
0.5371977999999991
15.3413098
17.2243081
-12.009086499999999
6.357989200000002
17.477052699999998
-9.302198699999998
-1.237423899999999
0.6452223000000004
-8.5197587
13.7303226
-14.7683937
-16.543606999999998
0.3466592999999989
3.0165752999999995
-17.5934123
14.7201132
14.1565785
5.394762399999999
-6.7338996
3.3666454999999997
-0.07724179999999933
-9.855967
14.0878607
-8.779100399999999
14.122341500000003
-17.5372733
16.5948032
17.0974196
-6.014290000000001
18.5678607
4.372577700000002
12.3321679
-6.329290100000001
2.9083080000000017
-19.633781
-6.505332900000001
-5.997606699999999
-10.2015468
14.3345869
14.2216757
-16.896400200000002
-10.1888033
12.8904016
12.897782200000002
8.1161936
-12.772477199999999
-9.4989689
-17.5967264
-7.3607827
17.6499631
3.5307767999999986
6.3401285000000005
12.176287299999998
-6.1336853
8.6006243
8.0000333
15.205932699999998
13.409642600000002
15.5857435
-1.4994542000000002
9.089160900000001
-1.4340965000000006
19.881456699999998
-12.638120899999999
14.6692085
-7.397366999999999
13.638284899999999
-2.5567022999999995
14.874676800000001
-15.336093499999999
14.3475698
5.584392600000001
3.2635055999999985
-19.9740157
17.361264700000003
9.031567599999999
-19.855266099999998
-10.5711187
8.314819200000002
-10.8869533
4.3211648999999985
13.645496699999999
-7.984437700000001
7.105321800000001
-1.4339967999999998
-15.6246911
2.0849440999999977
15.581201700000001
-4.9620416999999994
-19.8901448
-15.1989829
17.7703906
11.4923765
10.308517299999998
-3.5409742000000004
-4.214910199999999
-3.1530243
2.820193599999998
6.201622499999998
0.29179920000000037
-10.0982506
4.1144974
9.805684900000001
-15.5425849
15.9687631
-17.8899401
6.982892900000001
9.674175700000001
-13.3222099
-0.3997851999999989
-12.174660699999999
-18.8719186
-19.0816369
17.4041972
-8.737829
-4.9117191
14.641565999999997
16.2520833
0.6460138000000006
-3.4010320000000003
-9.9939599
-16.281601000000002
3.886981500000002
-3.4677881000000004
-7.060075300000001
-6.7617967
-17.7721071
17.3139901
-0.8468460000000004
-6.299846500000001
7.7019239000000015
14.747918300000002
-17.9791493
-12.111217000000002
14.242178
7.477199000000001
4.446485699999998
-14.0206657
-15.5384115
-9.1677611
19.103565
7.781175699999999
13.850072599999999
-3.8466378000000008
4.2450052000000005
-2.939022600000001
16.585070599999998
-2.722180699999999
1.5218876000000001
-0.48506290000000035
-6.086381899999999
-11.605457999999999
-6.772104400000001
9.843180000000002
-18.1460769
3.1364627999999994
-14.6868237
16.483760200000003
-4.412999600000001
-18.1811185
-4.4383232
7.006244900000001
10.832142800000002
15.706806299999998
11.222645699999998
5.9830485
-8.227186300000001
-15.0878037
-9.560113699999999
-14.285361400000001
3.4468667000000006
-1.6959564
-7.3072443
5.3839743
-11.725382100000001
3.9877313999999977
-12.7724516
-11.286670199999998
-3.0990227000000004
-2.235712699999999
13.034281099999998
4.987118099999998
6.170374900000001
6.681233400000001
1.8881424000000016
-2.1994345999999996
5.309529499999999
-12.6936996
11.721927999999998
-6.4479158000000005
-2.5242562999999993
13.620991100000001
6.913665299999998
-18.1013001
-1.0397353999999996
-3.5158787000000005
15.3442407
-0.012643399999999473
6.619256
5.279147200000002
14.4312809
6.067619399999999
7.106226000000001
18.4670378
-10.7176892
8.280224199999997
9.180978799999998
-15.0781039
16.0855933
-4.234349999999999
5.618108299999999
-16.234745
15.762763
12.306618899999998
-15.951351500000001
13.096609800000001
-6.725331900000001
11.122207400000002
-15.9841412
-16.2817693
-8.575671199999999
18.5241504
14.9937514
-9.2610823
15.1234609
-9.924598099999999
4.2619198
-17.6740317
-12.892502399999998
5.184953300000002
-2.1929935
-16.4106662
3.0314091000000007
-2.175847799999999
-17.102746
-18.2545856
13.137052600000002
-18.564875400000002
17.035387
-16.5803081
-15.160772099999999
-15.4917672
9.544859499999998
-6.001217400000001
0.7147375999999985
3.2991832999999997
-11.6931282
-19.5696064
3.6225725000000013
-14.9764813
-3.2844776
5.283364499999998
7.7884791
7.2129093000000015
-7.750425600000001
-9.600442000000001
-14.7334443
-15.170788600000002
-16.7150515
-19.497777499999998
18.0352706
-7.4162037000000005
-11.438455199999998
-1.4442073000000004
2.8371862999999986
-13.5301153
-14.5207822
17.635142000000002
-4.6869798
11.960741800000001
-2.2828512
-10.804659299999999
7.869242599999998
14.350953599999999
-6.5678492
-16.047195300000002
7.5482526000000005
-10.703496
-5.921297099999999
15.271621
17.1697823
10.2125562
14.024884400000001
-19.53938
-16.1719761
17.46994
13.901039700000002
8.499690500000002
8.531913100000002
19.5188348
15.991657300000002
17.7408643
15.150338900000001
-10.5058714
-1.061032600000001
2.8184805000000006
-14.710272999999999
14.2348389
-10.1516984
-16.771348800000002
-19.1720254
-4.7015879
-12.345525
19.167613799999998
13.9354605
17.3508248
-16.8159303
12.3948895
13.4474604
-8.7325868
-5.8097297
9.951292600000002
1.3076749000000019
-8.8271846
-1.8414266999999995
10.3122062
9.240808000000001
15.3511435
-10.0024059
5.2611391
3.304130399999999
8.888697299999999
16.4764283
10.3376039
-5.2298188
4.176435799999999
-18.3721476
6.452131800000002
9.0757434
-18.1233783
7.9693858
8.590765299999997
-1.240045500000001
-0.6681985000000009
5.849535900000001
19.1447842
14.263184700000002
8.4033338
-3.1494145000000002
9.882997300000001
-4.804426000000001
4.295949300000002
16.9834066
-18.5166659
-5.076181200000001
-9.736360099999999
6.905210900000002
13.138862699999999
-19.0273095
3.2625541999999994
-2.7839058999999997
-0.4706025999999997
13.029589999999999
19.2681796
14.4259946
1.5656799000000001
12.201065400000003
-1.7908917999999994
18.4111799
-5.065068799999999
10.838089
-9.6924216
0.10972260000000006
10.430160500000001
6.296243
-9.8517142
-19.815763999999998
5.5801357000000005
12.044978999999998
-17.1692085
1.7963515000000008
-15.029456500000002
3.1355641000000016
-11.683621
14.5671634
-15.6842498
-4.3718874
16.589700699999998
2.0159621000000016
2.1491870000000017
-1.3054143999999996
-15.3614174
13.0039896
-9.209621299999998
-11.7239068
-11.903419300000001
10.872370299999998
-7.331059399999999
-19.1121157
3.9740992000000004
18.0945921
11.796904
-7.8280556
13.672594800000002
-8.1569159
12.6681068
-15.0703697
19.2031394
4.634630000000002
-9.3651289
7.040228499999999
-1.9792256999999995
7.262333199999998
0.8561475999999993
8.6755762
5.863984799999998
-8.0752827
-12.772580699999999
3.1023244000000023
-7.1692137
6.059609500000001
-4.2287196
-3.936262899999999
-11.8151794
-19.707490399999998
-19.6672387
-17.1888672
-19.843222
2.1002790000000005
2.4829673000000003
7.765215800000001
2.2380123000000003
9.3649897
18.5070361
11.730349799999999
-1.7005550999999992
-11.651718
12.594595599999998
-13.3186952
-14.3393409
-16.273174100000002
12.222038600000001
2.5681935999999994
-17.826643400000002
5.805742
-2.583517199999999
-10.637562
-6.5488159999999995
3.062903500000002
17.6211623
-4.717133100000001
12.5656309
16.3958613
-6.200219199999999
-18.420501899999998
6.0555177
-9.306988100000002
-17.8321678
1.4585759000000007
-8.0001459
-11.384009999999998
-5.572692
-8.0808301
-12.8729665
12.638094200000001
13.723225600000001
-15.9669326
19.7896785
8.104312199999999
4.847697899999998
-8.9453124
-1.8027521000000002
14.7914623
2.5441519000000015
-11.699230199999999
3.429803900000002
10.1394978
-7.5716446
17.124936299999998
-17.3720879
-19.0682907
11.1090826
17.654526500000003
-15.1129867
4.4568217999999975
-11.9827513
-12.516142199999999
16.968503799999997
4.322873199999999
-8.065112099999999
-2.569025099999999
15.099324099999999
10.962096299999999
15.418274799999999
12.169042899999999
18.8160894
14.0429446
-12.484132100000002
-5.748309200000001
17.7075711
16.982437100000002
-4.4869805
-8.593981300000001
2.6197505000000003
-12.207233
-14.068015599999999
-8.0320805
16.0447026
10.1422699
2.931927300000002
0.8589809000000014
-19.349058
-2.0276640999999995
-18.7339313
12.137441399999998
-0.7305873999999994
-16.7161254
-3.0049839999999994
-10.4371556
-14.4980583
-18.0677095
-19.674677799999998
6.6038587999999985
-17.1382676
6.004250200000001
4.648300899999999
-16.263510099999998
-14.3801732
-0.12462230000000091
-11.5073188
1.1096367999999983
10.8398261
16.9678887
15.342396800000001
-13.292559999999998
0.9653098
12.261893399999998
-17.369732
17.219346
-2.3985434000000008
-13.6026581
-15.7892195
-18.3479272
11.5079208
7.594270000000002
8.311673700000002
19.9244245
0.2683620999999994
-13.8888347
4.4435322
7.705186199999998
-9.4146696
2.1615810999999985
17.1452994
-17.8990318
1.7283224999999993
6.316212099999998
-3.8516912000000003
-17.326756500000002
10.7677639
11.7267013
7.6776884999999995
10.141010999999999
-8.082572399999998
16.840908199999998
-9.6796813
-2.4741607
-16.885859500000002
4.9684267
18.7825061
0.5155405000000018
12.271244499999998
-14.8310672
14.8208752
5.564550800000002
17.2029512
-14.5706619
19.5853177
-1.6944532000000003
-9.8872938
8.0688094
-11.4051348
-10.7900189
-10.964722400000001
11.0825067
4.7703971
-14.680406
10.8833097
-10.8104963
-17.7548745
-19.4209387
0.9539278000000013
0.23370609999999942
17.4378563
7.963781800000001
-13.4366885
-10.6793174
15.015848799999999
-6.103639499999999
9.2208677
-2.502739999999999
-16.6527866
-6.2411617
8.2750598
-13.949501599999998
-7.117206200000001
2.1116885
3.9994014000000018
-17.4831316
2.272655199999999
-17.3828279
-9.4353788
-14.953442500000001
-1.2442238999999995
5.068339599999999
-3.4603646
10.037297899999999
-13.033620599999999
0.46738239999999903
1.8676672000000007
13.243575500000002
-3.4799682000000005
-19.355685
5.908111800000001
17.6403838
4.398455600000002
-14.963328999999998
-14.602297100000001
-13.088963
3.670943299999999
10.104605299999998
-1.3664213999999992
-12.8798625
-10.232842100000001
0.28444400000000086
0.5520541999999977
9.0968705
-11.039276300000001
-0.4678905000000009
16.303348299999996
14.641309900000001
15.383829200000001
0.063740600000001
-4.863913500000001
-14.536665400000002
13.099763400000002
10.3033275
-12.7984431
-13.328117200000001
-6.048479199999999
-7.4838096
-6.7416499
-4.1903936
-18.4159577
-3.4893373
-19.4509939
-7.9274919
13.126783999999997
-0.6444404000000009
9.022092400000002
-16.6440144
-11.135625399999999
18.029035399999998
-0.8506392000000005
-11.4943274
1.0073019000000023
8.134133499999997
-7.3449268000000005
13.544494100000001
12.802661400000002
-9.715909799999999
3.8380960000000006
-4.257619400000001
16.522089500000003
-5.8871417
-16.2958941
3.1422145
17.5652926
-8.8727385
1.3669317
11.8742022
-18.0232784
-10.1989518
-13.8541527
10.4577995
-9.079917700000001
-5.331067700000001
17.548004799999998
-5.0393281000000005
14.940234199999999
-19.8466345
17.642112400000002
13.754992699999997
-2.6130394
-8.952530300000001
14.609518600000001
-13.3628826
-17.2245693
15.132487099999999
-6.2524514
-17.6094867
10.384058100000003
15.077690899999999
-9.238427
-11.7025223
12.2494733
-9.503351700000001
-3.2510761
14.7350369
-7.540303100000001
11.8972613
-8.055259900000001
3.899994700000002
10.4153602
-4.042624000000001
-4.856563900000001
-1.6205896000000006
-2.198024499999999
-16.5609964
18.878875899999997
7.200151799999999
-11.3206834
-6.9427083
9.620527900000003
-9.6977432
1.9353632000000016
-2.0226882
-15.302260999999998
13.841518700000002
7.093656700000001
14.844218900000001
-5.7494011
0.4284131000000002
2.0647751999999993
1.9269511999999986
9.292263200000002
-8.6945517
8.9934269
-4.3663148000000005
-14.8218931
-4.0706016
-16.856688300000002
-1.5662570000000005
-9.5418982
-10.0260599
1.1245562000000018
14.9767641
-16.0349721
-8.7625457
-13.5553521
10.3525823
-15.719168199999999
3.306069000000002
18.122287099999998
-7.190225399999999
-11.3116972
19.0600794
-3.0917290000000004
-19.8952171
-14.847229200000001
-4.7558682
5.3570255
-9.719103299999999
0.9404516000000013
7.129948800000002
10.422199099999998
-1.1776451999999995
6.751878900000001
-16.8749426
5.722298999999998
-1.4743177999999988
6.020343699999999
-13.8238644
5.050231199999998
15.839008800000002
-6.800280600000001
4.869844400000002
-11.8052184
-9.221709800000001
6.8351179
16.8314965
3.3924740000000018
-5.6527856
13.167594800000002
-12.681550999999999
5.8689385
-17.9584333
-16.5516733
-19.5705898
4.938781100000001
-4.753635999999999
-0.9452955999999995
-17.8176502
15.088197599999999
0.9981352999999991
6.561071999999999
9.228789999999998
16.6918378
17.7725859
-10.8609394
-4.9065274
15.0921689
16.411536
7.554530199999999
-3.653219300000001
4.501198100000002
15.329177199999998
18.0797286
7.794390400000002
-1.858382200000001
12.9101986
12.3085579
-18.2623965
0.0255962999999997
-3.7328574000000003
18.192128899999997
-15.170956100000001
-14.7562548
8.290223700000002
-6.083006
-7.326270400000001
-5.4980007
-1.3596746000000008
-6.188604700000001
-0.3727154999999993
-19.316615300000002
-11.6500009
-13.4218244
-2.6383303000000002
9.6207944
19.3170388
-3.9735472000000005
4.3982054999999995
7.1189415999999985
-5.190440300000001
2.3118640000000004
-4.7133268
-3.316734100000001
6.155423599999999
12.7704875
-5.6790724
9.491901499999999
2.8213396000000013
12.2797568
-11.0471322
-19.7141011
18.3077244
-11.772949800000001
-14.677617099999999
4.085428499999998
-4.4402534
19.0640542
-12.870104300000001
5.483759599999998
9.282233999999999
-4.7983242
-11.463750300000001
15.8074093
2.7263455999999997
-19.7848658
-13.0740094
-2.260563199999999
12.8596587
15.2456122
-9.1603128
15.165687600000002
18.104356
2.466491000000001
5.472468399999998
-6.942540100000001
-16.6255209
3.5041822000000002
-14.551935100000001
1.794958099999999
-12.510684099999999
-9.1572482
-3.617342000000001
5.919467300000001
-0.44376420000000055
-15.8027107
13.884658300000002
-8.1083541
-6.6375855999999995
-17.7552499
-5.5550342
-0.7792225000000008
-15.0474925
19.571918500000002
8.847358300000002
-11.0153921
16.8091248
-10.1374644
-19.8506693
-17.6245476
-5.0568985
-14.9796117
15.028204599999999
7.172820299999999
-14.317736
-0.036957899999999884
-4.903563699999999
-6.313141700000001
7.199757
-12.872751899999999
16.5178137
-6.660165999999999
-4.015236099999999
-14.7861518
9.505647100000001
14.0401042
-6.362194400000001
2.8037743
-19.697246399999997
11.869822800000001
2.4314487000000007
-10.548505
-12.389671100000001
-15.374358899999999
11.688824599999998
13.572890000000003
-6.463390199999999
9.2410299
1.7005447000000005
9.369963499999999
12.9525668
-9.2531964
-16.1651034
5.057717800000001
-18.751830299999998
19.179746799999997
-15.3914345
-8.289001800000001
2.7306842000000007
-6.198288
-13.1561802
2.2612066000000004
-10.429598599999998
9.573745199999998
5.486550699999998
-2.964934699999999
4.517332099999999
5.612010799999998
4.011803
-4.9253277
-16.4726834
-14.448011999999999
4.171631200000002
-2.3665677000000005
-19.0842084
-4.751955399999999
-6.669948099999999
-11.0753205
13.476478000000002
19.2955841
-8.6051455
-6.8015086
-19.184364000000002
18.080526
4.237656099999999
-18.400621100000002
-18.365645999999998
19.2151264
-9.414036900000001
16.4524725
1.1821457999999985
5.424806800000002
7.0405728
0.7898549000000002
3.538321900000001
-17.088547300000002
4.5005447999999975
17.7822527
17.0857359
-17.5195289
-4.2393966
13.518495200000002
-18.7739062
0.5961718999999994
7.0556639
-15.518189499999998
6.409161399999999
-9.0267392
2.3396853999999987
-15.2730194
-1.9302973999999995
-4.781939700000001
5.189490599999999
-0.658293000000001
6.3597325
18.092876
6.6763113999999995
-9.651633200000001
18.9378149
-12.2553251
-9.091780799999999
-18.4895927
-2.7673461999999995
15.822111799999998
-3.185259699999999
-12.5119722
10.3916878
0.5052075999999989
16.560065899999998
10.712165799999998
-0.26147629999999933
-2.148321699999999
13.376072800000001
7.236443100000002
-6.5581114000000005
1.527222700000002
19.530532899999997
0.7330634999999984
16.364475000000002
-16.9193821
-18.8132009
14.788247900000002
-10.9908041
6.728916599999998
18.9077601
-11.823872999999999
9.125330399999998
12.842945399999998
-1.4413806999999996
17.6594341
9.2165881
13.741993200000001
3.0516742999999997
2.431243300000001
17.5832146
10.607564000000002
-3.0418035000000008
6.710580500000001
16.803130200000002
2.512577500000002
-9.603760600000001
15.315014299999998
-16.3433535
16.0977018
13.703642
-3.415592999999999
-3.384515200000001
13.179544799999999
-1.3989687000000004
-18.8043362
10.049211100000003
-11.0814329
11.1342825
-13.051524899999999
-18.0843189
14.888940499999999
-5.799425799999999
-19.179213
6.69882
-0.7465554999999995
-1.1537077
5.711883499999999
16.6974215
15.6839826
19.6541808
1.1396354999999994
5.525955899999999
17.8542096
3.310596099999998
3.097047899999998
-6.7664284
-11.869628699999998
-6.703607400000001
-7.4643397
-13.267233599999999
12.691938500000001
-15.1206575
-10.3938598
17.3125706
12.6544106
13.002733899999999
-19.7639976
2.1748351
-10.7203519
17.576954399999998
-15.261795200000002
-10.5220189
5.784319700000001
1.6473361000000022
17.232808799999997
-3.1569108000000003
8.041246099999999
14.6184472
7.659984800000002
-4.9976637
-15.900925500000001
4.4674220999999985
-12.6586014
3.5746781999999984
-8.6021767
-10.9744183
5.341343000000002
14.0861582
16.399071199999998
13.8468037
14.597476700000001
-10.8832827
11.155069199999998
-4.655692300000001
14.689842400000002
-12.491621
-8.9610707
18.098524299999998
16.060628700000002
7.289165699999999
11.121025
-2.8490109000000006
14.203186700000002
-0.11254650000000083
-13.3872138
-13.7881923
-13.9089218
-12.7782905
-3.2910948000000007
-13.7115057
13.737566700000002
15.716637599999999
-18.0871046
8.795516499999998
3.412650100000001
-7.8448522
-2.3624688999999988
-0.1880087000000003
4.305316299999999
-0.7823091999999997
0.7085912999999983
15.025957899999998
-9.4308874
-2.9933669000000007
1.3345440999999982
-12.9362481
11.8988472
-0.5771262000000001
5.422123299999998
-2.8142508
-17.011741400000002
3.387060700000002
-6.445256
-1.5333103000000006
-10.7586358
-12.5367845
16.655102499999998
-3.7871540000000006
-4.4329695
2.3465520000000013
19.244766300000002
11.489705199999998
-4.456057499999999
-3.279362699999999
-17.210957399999998
9.109966199999999
-0.32041670000000066
14.656388299999998
-2.9685363000000007
15.230520299999998
7.926495300000002
2.619842600000002
6.7600605
-10.2712141
6.057519999999999
18.1374982
-3.0865061999999988
-15.042507700000002
4.362629999999999
1.6280810000000019
4.453127800000002
-16.3378528
-14.8423803
-2.5368352000000005
4.677624599999999
14.029303799999997
4.907352
9.3660259
-8.1805655
-13.3969497
19.6041257
-9.1913479
0.06260410000000093
7.223293199999998
-4.8783067
-5.7509657999999995
-2.2675259000000008
-8.995449200000001
7.575644200000002
17.543819
0.7695245999999998
-3.8704257000000006
5.275581299999999
2.948866200000002
10.0725301
-1.4527175000000012
-2.9343965
2.6797377000000004
15.463811900000001
0.6858532000000014
-19.2473626
-2.965672199999999
16.4120055
8.6253886
-7.164667199999999
-5.039371000000001
-2.7847109
9.202739499999998
-13.089315299999999
9.8938661
-16.9951559
10.2613314
6.261974300000002
-12.971160399999999
2.5491447000000016
-17.2729818
14.3889511
6.000140000000001
16.9204507
5.016060000000002
2.2600705000000016
14.1206554
-3.7266671
-8.4339789
16.197568099999998
13.270337300000001
-5.5179286
-6.648587
4.611054800000002
-2.9076997000000007
12.572111100000003
7.143081499999998
0.17321249999999963
18.5609491
-19.7974838
-17.038573799999998
-8.039466
-17.5974327
19.6828562
18.7010849
5.667467900000002
-13.936761299999999
-15.1802092
-17.7118058
12.8705373
-9.7811722
0.7120976000000019
-16.250356
13.115895
-19.596032
-9.282056500000001
-10.8218842
-0.8320190000000003
0.10599480000000085
4.712238699999998
3.0896074
-16.3916137
10.9019854
16.914315700000003
-3.181763900000001
5.448006500000002
-8.417421999999998
16.8968431
17.055037600000002
-19.8397654
-10.015920099999999
-14.0804578
6.4237565
-14.515386800000002
16.850114400000002
-19.9067562
-16.381697
-7.940792300000001
5.6404694000000015
-8.609382599999998
-3.981161400000001
15.730664700000002
10.758521700000001
19.787570900000002
6.749086999999999
-0.7270860999999991
18.924151600000002
16.322952599999997
-6.654458099999999
-12.047456200000001
-6.5810230999999995
6.907003700000001
-0.5833828999999991
-12.144185499999999
-17.7275455
-15.434272900000002
-15.4230324
11.500615499999999
-7.2092751
-2.439739400000001
15.7525436
-18.4507909
-12.5469967
6.667855599999998
-0.1612659000000008
-13.619931099999999
-9.5970217
-13.6080136
-6.0928943
14.0602041
-8.410569800000001
10.524874100000002
11.041443300000001
-7.027827400000001
7.5328575
-4.6317068
-1.9452882999999996
-13.2472683
12.5697123
-0.692974099999999
-5.455858700000001
-18.428667700000002
-4.9467951999999995
7.0419227
13.4251307
0.03414459999999963
12.3291084
9.722486199999999
18.6245506
10.950328399999998
11.045629100000001
18.193261699999997
-10.552730299999999
17.3274249
15.5556466
-3.9860935999999993
19.472372
-2.503937900000001
-16.951829
-16.9579344
19.5063282
-8.041556700000001
2.3527952000000005
-9.1043767
0.8082360000000017
19.3791011
-3.6711527999999998
17.4961844
-19.4838591
-15.671171600000001
16.495893000000002
-3.142734800000001
16.559918699999997
-19.0837957
19.8790217
-13.7291904
3.9690774999999987
-18.631297500000002
1.5990376000000015
3.5348662000000015
7.024414900000002
-17.2680519
-12.234498100000001
12.3819175
-4.2035969
-12.1629799
-14.5692323
-19.9004585
9.591327099999999
-15.0514852
8.615753800000002
7.013295699999999
6.093962700000002
-18.8567095
-0.1938063000000011
-14.4839635
7.189433199999999
13.585256100000002
-8.9164625
-1.3831054999999992
11.485432999999999
8.7041246
19.2902398
-14.337602500000001
-4.159432400000001
3.1298563999999987
8.0021706
-15.1018169
-4.6747196
4.536537600000002
0.16077240000000073
-16.2052046
1.9876600999999983
17.5114183
-19.7380293
17.1804457
-3.6276433
17.081085400000003
-14.7224761
0.5367218999999978
-5.5928835
12.602454499999999
9.041193400000003
6.749078199999999
14.660559199999998
7.290058600000002
-17.6041624
-10.3358085
-7.8765025999999985
1.9143744000000016
-4.813137099999999
11.4756056
-0.6559555
15.246401099999998
-9.507692400000002
-6.357950800000001
6.7385611999999995
-10.580172499999998
19.6808576
16.3903894
16.0197816
-9.1193858
-5.695246199999999
19.9014484
11.8271207
4.612229000000002
-0.4904251999999997
13.093143799999998
-9.0353432
-1.0097028000000001
-18.1539762
-5.257123300000001
-1.007838099999999
-10.179072999999999
6.619226399999998
-10.3165667
-3.220636999999999
0.9291091999999981
15.687368200000002
10.265417600000001
-17.7734489
17.6245802
13.3313085
6.966606999999999
-9.0036797
-13.8154452
-9.1951282
-9.896605600000001
-18.058312100000002
-7.216963699999999
11.332222900000001
-0.42737589999999953
-18.7796992
8.5021341
-1.8341821000000005
-4.291671899999999
-12.988672099999999
-1.0629225999999994
-10.672180899999999
15.3359722
7.9343208
3.391875500000001
-4.9144508
10.725938000000001
-16.0065526
9.55719
-8.2844193
17.7971038
14.8414527
-3.0944658000000005
-9.2381256
5.505321399999998
-14.9292441
-6.6494029
8.639643500000002
-6.943847000000001
12.4476588
-11.985363200000002
-12.380070100000001
-12.1554439
-9.5019395
-13.5931215
9.7809321
14.296359299999999
-18.9144025
-14.0351324
-6.7270073
-6.8232906
7.827565100000002
1.5706449999999996
8.8268873
-10.2578925
16.6479867
-3.8882719
-8.4442337
14.6208549
-13.2099559
13.6805525
4.967872299999999
-3.0674975999999994
-9.9379562
9.576226499999997
-9.342521699999999
-7.942126900000001
16.987728
-10.0347403
-4.9292562
-3.263444300000001
8.0875454
-14.5679015
19.5094024
-14.4653721
-16.7330314
7.1247629
-11.0530946
-13.106943900000001
-3.2876781000000004
18.3359505
12.768627900000002
19.926924800000002
-12.314642599999999
-17.5654869
-15.7281143
-19.5879884
7.459982100000002
-14.929228
1.026481899999999
1.684107899999999
10.019904000000002
-19.9718776
18.8655776
-17.5459257
19.4668614
-11.676393699999998
9.938687100000003
-5.480346400000001
-14.8717549
10.185909200000001
-13.664608899999998
4.154779100000001
16.0629726
-4.7950568
-1.0633440999999992
3.5542673999999987
-8.3837456
9.135547499999998
-0.5923892999999998
6.7184107
-5.860439400000001
10.245912199999998
-10.767602299999998
-1.6017263000000002
-17.6378471
16.199729299999998
13.161855999999998
12.842417799999998
-1.479821300000001
-2.332785200000001
8.095052
-2.117845
17.158734
-12.815270599999998
-6.006667199999999
13.927475300000001
11.643987200000002
-7.891652999999999
-19.0638979
16.825719399999997
3.4490398000000004
-19.6844469
14.666834199999998
7.643114000000001
10.5834787
17.487922400000002
-19.3069165
-12.7007727
5.5193148999999995
9.630303399999997
-2.7639969999999994
-17.964149
-18.1174949
-6.564874400000001
10.8895426
-17.6353878
-12.5731491
-15.8721778
-10.7127593
9.6586771
-3.3067512000000012
-1.2257257000000004
-0.3804209999999989
8.567672699999997
13.342508200000003
-10.0270284
12.8953915
-6.188082199999999
16.455572900000004
-8.9246462
-18.9126922
5.755083199999999
10.864256000000001
-14.6189492
19.2933403
-5.3231286
-15.599198300000001
-3.033944899999999
4.6285534
-10.1324735
3.4107459000000016
-15.225343700000002
10.208389799999999
-11.5071391
-15.387131199999999
-8.327319500000002
7.1588056999999985
-17.040104499999998
-9.235908799999999
15.416342199999999
-2.0924466000000006
-1.5766425000000004
-16.5964631
15.760945900000001
18.2647095
-1.453313599999999
-17.3825153
6.003025600000001
7.020354699999998
-18.2111535
19.1105416
-11.7909449
-12.5290731
-3.0288614000000007
-13.7455583
-9.6579581
-14.956961000000002
8.302197299999998
13.238916399999999
-17.1927557
-13.3487021
12.016387599999998
19.6861448
-1.1867759999999998
-15.986949500000001
-14.9124353
10.1705253
19.2528191
5.840314199999998
4.2332773
-9.0341349
-17.5598636
4.674565600000001
15.0581565
11.0586198
2.604633100000001
-8.9913364
8.957904899999999
-9.8350138
2.2962840000000004
-1.264371000000001
-1.587650799999999
0.888745600000002
17.3404204
17.2494887
4.856201900000001
-7.610730900000001
-16.094912
-10.9419408
12.072233099999998
-4.120234
17.3205883
-13.313654099999999
-3.1066031999999995
12.486453499999998
8.403200299999998
-16.1732999
-15.9297827
4.643332099999998
-5.920102199999999
11.002103299999998
-12.0871379
-8.2856128
-7.9778780000000005
-14.0067969
14.486878099999998
-12.302381599999999
7.334804100000001
10.689779800000002
14.7111062
-17.1357855
12.188367899999998
8.631230799999999
-2.5882899999999993
8.225574900000002
-3.939405099999999
-17.3597471
-7.5038241999999995
-12.984828700000001
7.001855900000001
5.099866099999999
-10.3856572
-16.5630609
-7.8467317
-3.716393599999999
14.150496400000002
12.926422400000002
18.194105399999998
16.2551163
-9.4604857
-4.8102243
12.850574799999999
-10.278211999999998
-5.8992372
-4.0584707
-1.9397814999999992
-19.947274500000002
-14.4143788
3.9291836000000013
-17.6227656
-13.1700593
-9.7151905
-16.9785428
-2.794276199999999
9.1520599
0.0769692000000009
11.5248857
4.994270299999998
1.3342497000000002
8.7730424
-7.111124400000001
9.989514100000001
-10.3726153
-17.6752179
-17.8921686
0.9311907000000019
-17.4505755
-10.847584999999999
-17.3054987
13.816049600000001
8.845042
5.348026399999998
-7.9419838
-17.3155269
17.2725142
17.0852684
-5.4543812
4.356130699999999
18.0861755
9.057114000000002
-2.3941554
11.3396189
-3.9018112999999994
-9.9812975
-14.9703791
9.7252292
-14.7663672
-17.415967000000002
18.008976099999998
-11.734959199999999
0.519343899999999
-15.142884899999999
14.2610975
-5.8700759
-12.9234511
5.0783537999999995
18.780727499999998
8.317006700000002
18.4431927
-11.2298111
-6.446751899999999
-2.8915465999999994
17.9663744
0.3190294999999992
-0.8662545999999998
8.161567300000002
7.489243499999998
10.441271200000001
11.447821399999999
0.7459270000000014
1.8019633999999995
-3.067566300000001
0.9597393000000011
2.926114600000001
2.459479999999999
-19.3639343
6.977691300000001
-18.8934179
2.692524199999998
-19.7560321
5.2819785
-18.0870281
-3.5509926999999992
-8.8160072
-6.8237326000000005
-11.2066107
-7.816171099999999
-7.2642096999999985
5.788733900000002
13.636219500000003
19.255682099999998
1.8004602000000023
-14.481939400000002
3.333156600000002
-19.3764447
-18.445278000000002
-0.11792369999999891
5.834749400000001
-17.752116100000002
-7.6824025
15.7048664
-10.570489
-15.968941
4.5826785999999995
10.436170699999998
2.0021398
-9.008421499999999
-13.346392000000002
11.2520286
2.288216000000002
9.185530199999999
-7.9667174
15.7405568
-1.6596697999999992
16.820466500000002
-11.537573700000001
7.068825999999999
15.1106201
-6.2983599
-12.1856254
-13.734697200000001
-19.5675778
17.850816799999997
-7.1126
17.5394029
8.007007100000001
-14.1158551
8.7167288
-16.4580778
-11.9536455
-0.7218669
-16.6460806
7.182406900000001
16.6572723
0.36751109999999926
-7.1842362
11.960263399999999
-5.4540777
-19.805284099999998
-14.7337051
-11.5182285
7.777801800000002
17.727342699999998
-4.8551109
4.168578400000001
2.958294000000001
18.9437077
-18.6174572
-7.88126
4.264019899999998
16.3772726
-13.8356386
7.414945699999999
4.8391040000000025
5.091281399999998
3.2711787999999977
-8.232954600000001
17.6636805
1.509928799999998
-8.8037932
-8.9578555
-4.9727952
-0.9288277999999991
-9.9692943
-8.504172
-18.1488254
-11.1830285
9.782725300000003
-15.1429118
-2.2782223999999998
8.248754199999999
-19.477306900000002
16.9743201
8.413198000000001
3.7525509999999986
3.821533300000001
6.899044600000002
-5.6881298
-2.0143733999999993
17.3432507
4.541656899999998
14.0008234
-6.4736978
14.2096609
1.0688952000000018
-5.1675332
-16.5419067
-18.3941018
2.6221876999999996
5.6718464
13.573382200000001
-2.9177952000000005
1.9655870000000004
14.3112216
-18.4051874
-13.566191800000002
-18.3074023
15.7058659
10.290705899999999
7.319886400000001
12.517789800000001
-5.947302
1.4577849000000014
-0.7760680000000002
10.2705715
-14.334028600000002
-18.703291099999998
2.764322299999999
15.0716925
10.782276900000001
-13.4192009
17.012933699999998
7.315299100000002
-5.534334599999999
-16.4086815
-11.695894299999999
0.727863400000001
13.412971699999998
1.8660048000000007
-9.725551399999999
-8.312235800000002
10.1957474
-7.105792200000001
6.346084500000002
19.5227268
-17.5651762
-14.8188874
7.8704943999999974
13.450005700000002
19.2923513
-7.913321800000001
-8.296844100000001
10.400520799999999
11.5744402
4.064964
4.2044907999999985
-6.320055299999999
-13.0635531
7.687908200000002
-5.6115625
-2.747696699999999
-19.9756854
4.599236700000001
1.7109943999999997
2.5715826000000015
15.311671200000001
-17.1492778
-18.204853699999997
12.648363300000002
-16.532441
16.007874
7.6100803
0.8389235000000008
18.250066200000003
-0.8488571999999999
18.9435939
5.3816923
4.273197599999999
-14.615341899999999
-7.790359100000001
-12.069993399999998
18.2366615
-0.03175700000000006
14.757323700000002
-11.699120800000001
17.5142278
6.4560214
17.8731401
-14.7328323
12.9095305
-17.6571474
-10.6495865
7.761599299999998
7.6010968000000005
2.585143499999999
4.605219299999999
5.7247984
-13.7482882
3.5767108999999984
-6.611031399999999
17.030819299999997
9.925879300000002
16.3240933
5.498285900000001
-9.590666200000001
-4.8275065999999995
-1.2992374999999994
12.945504900000001
-0.3809357
-17.599403
-12.463432400000002
-12.5773096
-3.2135445000000002
-15.9205652
-19.7840393
1.8175001999999996
1.0673003000000016
-16.0884944
1.6214307999999982
-4.188861500000001
16.7866358
8.216860499999997
16.8562845
-5.599241999999999
-7.6089484999999994
-12.5951728
-9.0151966
-5.7202296
14.6997509
13.5348331
-7.830857000000001
-5.2307044
-13.812183300000001
-12.293051700000001
18.160481
14.9976478
10.225663399999998
-9.5863204
-15.7326784
7.928384900000001
16.9068042
-14.213989999999999
10.3980672
0.29109030000000075
-3.907616499999999
4.5980164000000014
3.6882018999999993
-13.8128281
1.3821362
-14.8901017
-0.11517039999999952
-6.8854556
7.797730400000001
-0.21477030000000014
4.09163
2.7200905999999985
1.5121621000000005
-19.2212578
12.7743786
-0.2611778000000004
16.4080487
-5.529865400000001
-14.333228800000002
15.757261899999998
11.577240700000003
11.336236300000001
-12.3796334
19.6040382
19.857205699999998
-0.706582699999999
16.0698178
13.3527677
14.181683499999998
-12.5816155
-17.1708925
12.990795199999997
-11.4465081
4.298027699999998
14.0866367
-3.7922173999999997
17.1961213
-5.003395299999999
3.407015700000002
-18.8043992
-10.6516115
0.7188056000000006
11.1778253
-19.4553534
6.572197999999998
-4.4535283
-19.6680626
18.772308
-4.4713825
-7.696776
-16.7600941
-3.762487000000001
-13.243388300000001
-10.9428865
10.544985499999997
8.8877032
2.3753918999999994
-11.127066
14.377821399999998
11.4130476
-5.018904500000001
-10.4895253
-4.805911799999999
16.893184500000004
12.1496817
3.2737449000000014
-13.340819900000001
-9.634989800000001
-6.128967
9.211091999999999
3.0697064
17.748267900000002
-5.968234600000001
12.5135934
9.414395599999999
7.772583800000002
17.9429582
-5.959916800000001
7.190704799999999
6.770544799999998
8.458323599999998
5.692771200000002
-15.324125500000001
1.5602142999999977
10.980317799999998
13.389876199999998
-6.862994699999999
-2.6264509999999994
-5.066106400000001
-4.997933700000001
-16.1604764
-5.687989500000001
12.306033000000003
10.462519200000001
0.214381800000001
-11.5684867
-11.8873874
-14.6421927
13.559589999999998
17.7208885
-1.054698800000001
8.0683896
6.882442200000001
18.3989534
2.3371038
-8.5711248
-19.2013286
13.937983399999998
16.1934088
0.0018218000000001667
-10.8468482
-6.8819594
18.1201222
-3.9190914999999995
-18.9039979
14.902255300000002
2.3307756999999993
-10.1615019
6.044303799999998
7.002370999999998
2.9764339999999994
-7.629095199999999
3.0026323
-10.9464526
2.5354864
-14.2074703
18.7182901
6.5671477000000005
-7.2107906
6.291020699999999
-9.3406333
-0.15419470000000046
-7.7797605999999995
2.0561400999999977
-19.2887259
2.0661751000000006
12.672238000000002
13.896684300000002
-2.2410186999999997
-5.1954025
15.519775
5.7719585
-11.360937
9.007731399999997
12.500862999999999
-7.956334899999999
-11.683169699999999
17.539943199999996
6.924812299999998
13.673034699999999
-4.721024399999999
16.2476903
7.992288199999998
12.0171301
-8.9833763
16.109597800000003
-10.170662700000001
11.078229700000001
-1.5633881999999995
16.4550886
14.6021013
17.3807681
4.143463499999998
0.6818897000000015
14.7745125
-15.3188203
-10.900921899999998
11.7197726
-17.3864994
-14.9464051
4.208097899999998
-5.105451
-0.2488041999999996
3.6304745
-18.2042319
-5.4702773
9.127726699999998
-4.882800199999999
-1.8833438999999998
-13.8571577
4.081254899999999
-6.132596699999999
6.175892100000001
-9.755400199999999
-10.508310000000002
-6.283572400000001
-8.4637941
-2.9305917999999997
-7.396775500000001
2.937165100000002
-18.4162013
-10.6592857
-7.912192299999999
-15.786687899999999
-19.1040094
2.1597125000000004
-17.906912
17.211529999999996
16.1908551
-18.1671724
-11.2551201
3.473684499999999
15.186729799999998
-12.071472199999999
-5.783771799999999
-4.371550999999999
-7.5663895000000005
-14.7050503
1.937761999999998
-19.1576991
-1.0465085999999997
-8.725698
4.499978099999998
-17.3162715
-9.3946316
-11.3122056
-9.8320802
15.055154200000002
-15.5276753
3.1769327000000023
3.746392999999998
11.199940999999999
-18.309082699999998
-4.0389212
-4.2041021
6.3245156
-9.9823922
-12.6653339
11.126822900000002
-2.3291352000000005
-5.54057
1.5101222999999981
14.067879400000002
9.445227899999999
11.057816899999999
16.0843122
17.0745513
7.8689653
-9.5321081
11.7534022
-0.2708272000000011
2.7714420999999994
18.210691299999997
14.3085529
-6.4646722
-18.156515300000002
13.772094200000002
-18.7245803
-1.342193400000001
19.0560028
9.8478472
10.8298875
-17.5946864
-6.432739899999999
-1.1180464000000006
1.9721426999999994
1.1802320999999985
-5.151324400000001
-5.559371000000001
-6.1422756000000005
16.253565
-12.441502
-18.939649199999998
3.159421400000001
-14.286334000000002
-9.375072600000001
-17.0116158
-8.5781779
-13.7305703
-6.866549299999999
-10.0678658
17.3309143
14.536667200000002
3.3154183999999987
14.641645899999999
18.1133873
-1.7836564
-15.6034679
19.885433
17.8738914
-17.9165656
-0.911859199999999
-18.2180133
-5.907822799999999
-4.5357933
-5.033835200000001
13.766229899999999
17.4015938
-17.680772299999997
13.904386599999999
-14.099519399999998
-15.5028694
8.248815
19.4607206
3.8499085000000015
-0.5307067000000006
5.5343264
6.783353400000001
10.9895804
2.8652867000000013
5.401175100000001
17.3865661
-10.449551699999999
2.2679874999999994
-3.9968123999999987
-12.809871699999999
3.396115599999998
-4.6414437
1.5025914000000011
3.5611522000000013
14.4229961
-6.676371200000001
-16.650760000000002
13.690768200000003
-4.113326799999999
2.7002502999999978
-10.762356
19.119089600000002
4.3525306
-7.3394162000000005
11.653355999999999
14.203723599999998
17.139191500000003
-12.994957399999999
18.2947961
-0.7616299000000004
-12.3914583
16.524827799999997
8.610486099999997
-10.0278384
-1.0193317000000002
1.9423448000000008
-2.3007882999999993
-18.8936998
-3.8086824000000004
16.4797274
-11.290291200000002
15.8536047
-18.4275885
16.054211100000003
5.259747299999999
-4.2885645
-2.1203068000000007
-4.553244299999999
-8.0437193
-18.4851659
-19.097538999999998
9.7675182
-14.4012286
15.269911900000002
18.9395426
9.101275399999999
-8.1681402
3.809745499999999
-17.9051766
19.540388200000002
-0.6765625999999998
8.868932599999999
-14.166344500000001
11.244456399999999
14.764729699999998
-3.504070999999999
-3.964849899999999
15.698740299999999
-19.1850938
-18.771551300000002
-13.097350900000002
19.219806300000002
18.7006714
10.656587300000002
-6.9769831
1.3972926999999982
5.028741100000002
-13.2804793
-6.991878799999999
3.412133899999999
-14.130156099999999
10.436050100000003
-19.0041425
-1.6463200000000007
-4.673436400000001
7.541145299999998
9.204856599999998
-4.4479629
-13.2760647
-7.452182499999999
2.086255000000001
-11.4398136
-12.2545411
-12.037088599999999
8.0697478
7.425480499999999
14.1575295
-16.2148189
-6.1750091
3.8277086999999983
2.053704600000001
0.9907420000000002
-7.583893000000001
-0.012129299999999147
-11.0507085
2.4430706999999985
-4.7753287
4.281925900000001
4.4754251000000025
2.355295299999998
6.7521245
18.5989477
-5.963667399999999
-1.3133040000000005
-9.018543999999999
-14.197260700000001
-2.010615
-13.7386041
19.173441899999997
-14.071803300000001
-13.4820085
-10.5555029
-13.3420442
17.970487400000003
-1.0678522
16.754791599999997
14.837921799999998
12.5978213
-7.1310906
-11.9697857
6.5791039
2.3801027000000023
-2.8435202000000004
-7.4743935000000015
-14.301468199999999
12.64279
16.9156109
14.866246700000001
-15.7466862
17.8200115
17.7399374
8.7823722
14.856881400000002
-18.4995449
-8.0753115
9.378350799999998
-13.6627206
-8.2374737
-19.6611395
13.002325599999999
8.412339200000002
-10.8103378
8.3397984
-10.593429099999998
7.4377097
9.3482168
-15.674757300000001
4.221539699999998
15.467107299999999
13.536555499999999
6.341500299999998
17.285574
1.1145217000000003
12.829214499999999
18.1907614
16.5642773
5.2723126
19.2097062
-12.6756947
6.934657000000002
11.7627306
6.002887300000002
-0.4024376000000007
-0.8325306999999998
16.347354799999998
-19.4038634
9.9429029
-6.012374299999999
8.477260700000002
-16.8307023
-4.4987727
5.090136299999999
-3.9233188999999995
-6.652776200000001
-8.011994
-18.4673897
-7.6939562
14.990565000000002
7.2905340999999995
-12.8171335
-3.088477499999999
17.2300114
12.625255499999998
-2.2555873999999996
1.5237800000000015
-14.8840518
-4.588548599999999
-9.552493199999999
9.871954700000002
11.0115404
-14.2746495
5.1653773
3.064050000000002
-0.9453260999999997
3.6084722999999985
17.4528721
-3.4242832999999995
-0.9707438000000002
7.227344600000001
-1.7157075000000008
-12.8973928
-6.6660985
1.6934340999999995
12.5106669
3.089038599999999
10.854283099999998
-12.4855241
-0.09604080000000068
-13.8072254
-15.5439826
-17.3309788
11.469312500000001
14.034863999999997
12.4480858
-19.5549371
10.3163497
6.940302200000001
-2.4530890999999997
-17.6958963
-18.9373069
14.7706866
8.1351042
10.336282500000003
11.2309114
-3.4329451999999994
-0.813429799999999
10.670247
-7.5370886
-13.742298100000001
7.668000299999999
13.5964295
-12.2682845
-6.409638299999999
-11.1758911
17.4879314
-17.873774
16.453847300000003
13.2099895
19.187147
6.517244999999998
6.5614034
7.418112000000001
-11.9685691
18.2149539
10.261884
-4.777564299999999
-17.7112995
9.079356899999999
-6.3456016
0.7115457000000015
-14.536244000000002
2.8473460999999998
15.908086800000001
-18.8164903
10.1805451
13.1022869
-11.129416099999998
12.845988499999999
-0.6358115999999996
3.4179354999999987
-18.5175049
13.8105148
-6.6503179
-4.527807800000001
-2.2285867000000006
-6.0641425
-8.1829715
-15.5495386
-11.4370042
1.4145523000000002
2.6241498
-7.632161799999999
-17.0162194
19.4528481
-6.7451867
-13.2340756
18.8705974
-0.9598450000000003
-1.9055838999999992
-6.6225054
-12.780976700000002
-3.4110094
8.801819300000002
-1.6622282999999993
13.7136438
19.510339
-5.1064077
17.598824800000003
-3.5188859000000003
11.099730899999999
2.9453843999999982
-18.9136988
-1.4968877999999994
-8.8222064
-6.7633854
-6.0002938
-12.934993100000002
8.5122285
15.142489900000001
15.371803700000001
-1.5767505000000006
16.277771899999998
6.101197000000002
13.2320104
16.57
-6.8411293
-16.6816769
13.7450124
19.0343777
15.739645999999999
8.639834500000001
18.095848999999998
-4.459316100000001
17.7036342
8.2587995
13.3137788
15.4982647
-1.5762652000000004
7.108049000000001
-8.025420200000001
-18.1621389
-12.7513916
10.6888605
17.099275499999997
-5.167228399999999
6.879666400000001
-17.7721606
-0.01274449999999888
15.7539837
-3.5963022000000002
4.5055384999999974
-2.3572821
19.0100098
-8.7427002
12.581653900000001
-5.8849643999999985
4.844154600000001
-3.6487976000000004
-19.1351939
18.1074651
16.5559253
-2.052522899999999
9.3275209
-16.5113054
-8.183327400000001
-10.1639006
1.7276531000000022
-7.2103657
15.174413800000002
-10.2578998
2.5518564000000015
-19.3889469
-7.9685726
-19.346109
-13.4092648
-2.3496523000000002
19.1120312
-2.4617464999999994
-11.3305989
16.3280872
-5.277742900000001
16.873581899999998
8.8028883
-19.1153531
-10.6923496
4.776388400000001
-13.3861215
18.282077800000003
-19.8721498
-13.2033386
-2.2719750999999997
2.037899000000002
18.5024485
-3.4243504000000007
-16.0164437
-19.7535335
-3.4282980999999997
-9.8454806
12.974993800000002
-15.6675881
10.099375300000002
-17.881655900000002
0.311555699999999
19.5927615
1.7584990000000016
-2.4053278000000002
9.1979072
14.6754155
-5.055331000000001
-9.8967273
15.296207800000001
-8.827729300000001
19.798893200000002
-12.479675400000001
16.8814535
-6.9933488000000015
-2.4236025999999993
-15.1430648
-17.2045549
-8.688577700000002
-5.8330482
-6.1015156
-12.207065700000001
-11.6120133
-18.0789136
11.7863722
6.629136400000002
-7.397050500000001
-10.329410600000001
4.712480700000001
12.766349300000002
-14.6184862
-8.8400104
-5.156686400000001
16.7466169
-17.9245373
-0.8836110000000008
15.556549100000002
-8.749497799999999
-14.4632196
-15.2299655
-16.6405226
17.904087
16.7841139
-11.6762664
-19.1389796
13.404785299999999
-11.086566600000001
19.4575806
-16.851383900000002
-15.7105847
-2.5151133000000003
-18.8246934
-15.7856703
-19.6597615
-7.4035718
12.0941057
-10.8010007
1.7239069000000018
4.367651099999998
-18.1481334
-4.4222112
-10.1652712
12.633651399999998
16.2566703
0.915931300000002
7.762991400000001
-1.7817410999999992
19.841150600000002
-14.281732
-16.6037919
-3.6591541000000007
-13.674798299999999
14.238802
1.1543534
2.432652699999999
-17.4231184
-18.2395629
12.9214396
6.761590799999999
-11.3680455
-4.556380300000001
13.094362
-12.386734099999998
6.281829800000001
14.3914198
-0.5415659000000005
-18.5579928
-9.981681700000001
13.917353199999997
-4.521823099999999
9.0896472
-3.396391900000001
14.733287999999998
-11.727720399999999
-3.5193093999999996
-8.3906609
3.2180234000000016
-2.6964681999999995
-14.0821234
0.42794460000000073
-19.9511303
-11.798423499999998
7.003359799999998
9.738588300000002
16.9865042
9.2994326
-10.310989
-13.191709000000001
-18.0946437
7.310668099999998
4.057741700000001
14.178153000000002
-19.4379998
7.210187999999999
2.1152683999999997
-1.6446800000000008
3.183712399999999
6.347689300000002
-6.650930599999999
-13.8765011
1.1369488
19.9577378
9.636772700000002
-10.3798129
15.546136499999998
5.032487900000001
5.169669399999998
1.853221699999999
19.300105199999997
-8.6487896
13.601520500000001
-16.7920573
-3.6052332000000002
0.40117199999999914
4.966046500000002
-5.2696670999999995
-16.6587894
-5.740734600000001
-15.151668399999998
1.1631192999999984
-18.8714986
0.34219569999999977
-8.9374991
-17.457020500000002
7.327488800000001
-9.8528034
-2.047331200000001
-4.6512598
-15.2393967
6.977085900000002
6.098425200000001
-18.6793505
-4.8968498
-5.826980100000001
-15.306118999999999
0.05530340000000024
-3.3326946999999993
0.21118580000000065
6.0812509
-9.03224
-17.262886899999998
12.381220199999998
-16.432450799999998
-13.7264816
16.0613646
-10.5326212
18.6617506
9.315922099999998
1.913380400000001
-9.967651499999999
-5.1749903999999995
-15.7664792
-16.5798765
14.316741799999999
-11.5543116
18.803736800000003
19.4218941
19.5440365
-9.0940868
-10.2721549
-17.5715911
-13.214778200000001
-9.1086239
8.685285100000002
12.5476834
17.4694883
11.500790000000002
-16.9098586
10.316383500000002
-1.635853400000001
16.166305299999998
-0.7407026999999994
14.783341599999998
-6.021252400000001
12.095647300000001
-4.924758099999999
13.644671800000001
-3.5034411
-1.0148577999999997
-18.1675404
15.408656700000002
4.6470255
-14.8210067
-3.399821300000001
8.237791999999999
16.128453599999997
3.7776650000000016
16.9446625
-9.324447500000002
-18.2264455
-9.255657900000001
18.0018667
16.2056615
19.0611402
7.176722
-14.153046100000001
-4.9517663999999995
1.9682709000000023
17.632540399999996
-14.7652334
19.943655399999997
6.2855935
-14.096479399999998
-14.9660121
-10.3584034
5.3743687
1.9377955999999994
-0.5217327
4.492529500000001
-6.393229699999999
3.1455895999999983
0.6527541000000019
-16.5605014
9.361108
-6.3049263
11.0987761
17.0910681
-19.6379595
-4.3678953
0.6710118999999986
5.325475299999998
8.462348400000002
4.677860999999998
-13.202564400000002
1.9898091999999996
14.124608499999999
1.1776859000000013
-10.1886631
-7.8673605
-12.5223956
-18.3073538
16.871441100000002
-9.1959879
-2.0368165
-3.7667481999999994
-6.143371500000001
18.4501979
4.544654700000001
17.7523738
-12.583715200000002
-16.3622792
6.588310700000002
17.5562561
15.123539799999998
-12.591180300000001
-5.9082873
16.2327304
6.7239984
3.122470400000002
2.3124296
6.048895900000002
12.742230100000002
7.502837399999999
-7.638413000000001
7.9934141
-10.4732883
-14.357061800000002
4.147427699999998
4.8406727
-13.982803899999999
17.5756282
-18.751650400000003
11.438041400000001
-6.830633600000001
10.498937500000002
11.422008900000002
10.3825562
-1.8915338999999995
15.509070099999999
-11.055673200000001
19.650260499999998
10.178470499999998
16.664611700000002
13.8090519
-11.9110031
1.9544581000000016
11.491237900000002
-3.311090899999999
5.7665340999999986
-8.620092099999999
-2.9959409000000004
-10.5420068
-13.179299499999999
-1.310857699999999
-16.7561386
10.179286200000002
-11.932076200000001
-19.0586026
17.0064097
-8.7939632
10.643401800000001
-2.7797425999999996
-4.1629458
15.958604000000001
4.394672399999999
-3.0581583
-0.5415005999999994
2.166557499999999
-17.2279856
8.356683899999998
-5.336608000000001
17.921813099999998
-11.652054499999998
-14.296395
0.1098174999999992
13.784579800000001
3.4344801000000005
6.804022500000001
13.2566237
2.8085644000000003
-3.5519427999999995
3.2491458000000013
3.6952723000000014
19.1669202
19.7878892
17.5382281
4.575892199999998
10.191600199999998
5.029258399999999
1.0545031000000018
-5.884882
-11.3559781
15.778728599999999
-15.7900752
14.499727600000002
-4.244218399999999
7.437667299999998
15.0731914
7.316529799999999
17.2241451
4.4802108
6.927893300000001
1.6172195000000011
-0.6623916000000009
7.512198499999999
-12.4579293
15.699981600000001
15.832127999999997
-17.033770099999998
-3.2290897999999992
7.136551399999998
8.8502859
-1.0160382000000003
16.976842
-10.6112808
-16.011170500000002
-0.16230260000000044
-12.855305699999999
-9.6398144
11.4423094
2.604597899999999
-15.931463800000001
0.8747119999999995
-3.3724631
4.8172957
-16.8987557
9.6280519
-4.257339999999999
13.536454199999998
16.033869300000003
-9.2657971
-18.098143500000003
-3.609598699999999
8.6847914
1.700275700000002
-9.3158739
13.885940099999997
-7.6267111
0.18423050000000102
0.7059204
-13.7999838
-8.8288304
-3.760699199999999
-12.596620600000001
-3.429282800000001
-8.1289384
-14.372777700000002
-15.400710799999999
5.774693699999998
11.312623899999998
-5.500574099999999
-18.0461149
5.059549099999999
-13.0453154
19.5171241
4.648429799999999
-12.395921600000001
14.009703800000002
17.3991206
17.3988458
16.5266698
5.625878600000001
6.088261299999999
-10.866513
-6.373882200000001
3.033024300000002
-5.314113400000001
14.8141905
9.459111499999999
-15.8072847
6.030389799999998
-18.7825604
19.395454100000002
-16.4242636
6.906327099999999
13.730530399999997
17.8133907
9.065327400000001
13.6051831
15.789616099999998
-14.994065800000001
-17.372698500000002
-9.034160300000002
8.0401901
-6.518568800000001
14.2941768
-9.562221999999998
14.2786591
6.2067803
7.762344600000001
13.3421679
-8.5944711
-7.421766500000001
-4.9094615
15.395245100000002
17.4019096
-7.167983099999999
12.505577699999998
-0.2315110000000004
1.779381699999999
-14.8471552
3.655906500000001
-16.3791859
7.499369999999999
-12.744029799999998
1.3010447999999997
7.261985300000001
-17.648217300000002
18.0556911
-2.273838499999999
-0.0810552000000007
19.3569016
-2.850653400000001
-11.758712599999999
8.215415400000001
-16.604135900000003
17.5023762
5.8213591
-8.7627193
-10.9303379
-0.9166354000000001
9.284991599999998
14.5664579
2.508024700000001
7.201629699999999
15.768481999999999
-16.3433583
-17.161365
-17.2533833
11.4901021
12.876634199999998
-1.4891545999999993
19.067391200000003
4.509626400000002
-9.7813878
1.6923653000000014
11.4135295
5.405671200000001
0.5188054000000011
-11.9426939
0.7469038
-6.5981296
2.307986099999998
5.316313399999999
15.3651496
6.6733262999999985
19.687498700000003
7.728723500000001
-6.5540034999999985
-8.9311115
15.564815600000001
-13.2076973
-7.813787400000001
8.5163204
-3.190076100000001
-1.0677224
-12.8595761
-11.322379799999998
-13.5505715
6.7588779000000025
2.5801935999999976
-0.6880365000000006
-8.4509565
7.687217599999999
9.607814199999998
-1.1714150999999993
2.008440700000001
-7.0363129
15.000328399999999
-16.2641095
-3.038883699999999
7.1790929000000006
-14.107932
1.724105300000001
-11.074754699999998
13.934501500000001
-13.563747
10.3282643
6.6847829
13.003462800000001
17.067768500000003
-14.1622311
5.430636800000002
9.0637156
4.074291699999999
3.144938000000002
17.6420363
8.780714499999998
-3.4145467000000007
17.672214600000004
-0.06458509999999933
5.0469315
3.408761800000002
6.092999399999999
18.8282019
4.908812600000001
3.6001242
19.1351184
18.5834029
17.3493259
-17.6990424
10.9540715
-5.8287691
-18.5970028
-7.9338768
14.6436125
-19.993247699999998
12.9336047
11.125965200000001
-3.751649299999999
-3.9127811999999995
-0.32550269999999953
14.991738999999997
11.3908385
-15.734319399999999
-13.9621943
-1.2033318000000008
-9.393740600000001
-5.2725179
10.267132000000002
-12.7390096
-17.587007800000002
19.1603996
2.8431800999999997
-3.4314500999999997
-12.108498100000002
-2.2674461999999993
11.139656
-10.835797600000001
12.961662299999999
-1.4810250999999994
6.993280399999999
13.649031
9.427752099999998
7.681888300000001
-6.875904499999999
5.476600100000001
7.8146513
-19.0535514
5.6317454
9.565190600000001
2.2927196000000003
-9.4857062
17.902589499999998
9.720487199999997
16.858198400000003
-10.8769577
18.820213
-6.003764799999999
-7.0201241
-14.4280818
14.9979567
4.1564190000000005
-2.7608164000000013
8.409185400000002
17.1063209
1.3407956999999988
-4.799753800000001
-16.2498621
7.155876400000002
-13.9351178
17.2644123
-5.919972499999999
13.329992499999998
-9.7607416
5.521633099999999
18.1575724
-1.9040172000000006
-6.044743599999999
-9.375915399999998
-0.07334710000000086
-8.0776171
-15.9391002
5.614512700000001
7.860035600000001
13.889399300000001
0.702192399999999
16.4355452
-1.0055201000000011
-1.0468587000000003
5.044936899999998
2.915881300000001
-17.372822900000003
16.891228
-10.117760500000001
4.681238400000002
16.0924948
18.8365695
-1.3048317999999994
-12.7864827
-8.9029981
3.883419399999998
14.956106799999997
-17.1669947
-6.2407585999999995
-19.4636463
-0.9646567000000005
-14.1804315
-5.763409899999999
13.554083599999998
8.748858
-11.753238700000002
1.544696399999998
-18.518421800000002
3.0061790000000017
1.9121721999999999
-12.4053558
-2.5195471999999994
-14.7452257
-13.3733085
6.443767499999999
-3.319565
-14.5306494
-8.1807783
-13.4782996
2.323483900000001
-10.8806791
-5.292338
-2.6210502999999994
-16.908742099999998
-2.8417459000000007
-8.1586438
4.280851600000001
-13.140412300000001
17.5520809
8.870712800000002
-11.256762199999999
-11.983720600000002
8.157266199999999
5.188896399999999
1.654127199999998
-13.7910538
-17.8764533
-5.935681999999999
-3.3195737000000007
-12.9924696
12.2927052
0.747188900000001
-5.2431321
2.771813400000001
-13.328069399999999
-5.7190193
9.250146899999999
-4.6860069
-4.792502600000001
17.2613069
-6.9494533
6.2800232000000005
11.3392787
19.7112815
11.816587800000002
17.155608400000002
18.2479591
-14.8211816
-1.7587358999999991
10.6709591
17.771268799999998
19.114476
-10.713761199999999
-12.622602500000001
2.759361899999999
-4.294777899999999
-9.1391262
-14.5501035
-4.085836099999999
-16.5279538
-10.297222999999999
16.9274916
-7.480341000000001
5.375544500000001
-6.635832700000001
0.45884759999999913
4.8421389
1.4380065999999987
-11.431823199999998
-19.919523899999998
-12.9366077
2.7426838
-14.6371459
-12.2210746
-10.869226
-15.8495465
-0.632922900000001
-13.812553400000002
-15.077332000000002
-10.6705417
7.096855300000002
-15.0820572
-1.789413300000001
-7.8945497
-0.9683224999999993
-11.5815076
4.181402899999998
-7.122355199999999
8.667165
-12.0821344
4.000934499999999
16.7719204
-10.1179624
7.6138819999999985
17.6923803
12.323352799999999
-11.8607592
-7.4895662
-3.519714100000001
5.671950400000001
3.6906088
-14.1781474
-15.036500100000001
3.3830090999999993
8.131723900000003
-16.8224858
-17.7814589
15.367093599999999
-17.6955914
1.0746030999999994
9.950812700000002
5.176001900000001
-7.4501781000000005
-15.939562700000002
-19.1835952
5.267063699999999
0.21054910000000063
7.609783000000002
0.5833278999999993
9.775564100000002
14.244037600000002
6.162281499999999
0.045479100000000015
5.757890900000002
-2.3230617000000007
10.075923499999998
3.7661189000000013
-7.9412214
-16.2157176
-1.6352006000000006
-10.1372577
-13.1815432
15.8575792
16.5776487
0.6319455000000016
-3.773411900000001
-6.483832500000001
-8.5334664
14.0352736
-16.6758611
-3.9882187
-16.8961453
-18.8161559
0.5680319000000008
5.189713700000002
-11.6027518
7.8949748
-6.7599982999999995
-3.923521599999999
3.2862667999999986
15.8731578
17.0458779
10.3731081
-2.1619379000000003
16.5000959
-4.274888499999999
-6.7720342
-14.5955121
-12.0688645
15.537920199999999
-9.2805707
10.4019207
0.5302223999999979
-11.6976913
-5.626542400000001
-1.596609900000001
16.5416633
-4.855087599999999
-18.240945
-12.0634627
8.231241500000001
5.633441200000002
2.754942900000001
2.4544833000000015
-17.6574213
2.7761774000000012
-5.472263399999999
-14.699695799999999
11.784218599999999
11.160387
19.951313
17.410355
-15.5085927
12.2957438
-4.233949500000001
-1.2239420999999993
19.9252753
10.187947600000003
13.024249
15.03201
18.478041199999996
-4.651465599999999
8.619263099999998
6.898910299999998
7.625509400000001
-12.611761299999998
-19.178841600000002
4.294876800000002
19.3886837
-6.2595138
-1.026311599999999
12.8538584
13.599287599999998
-18.8426198
-4.3305017
2.870452700000001
13.143659499999998
-7.2722758999999995
-16.3472091
2.041246900000001
9.9683617
13.9404794
4.368788199999999
1.8961401999999998
3.498885
-6.9938713
-0.8157481000000008
-14.3639014
9.896971199999998
1.6801144000000021
-13.659818
-7.560271800000001
-9.7339315
-8.713403000000001
-15.8350663
-19.9643366
-4.305525399999999
10.2900527
-6.494555399999999
-6.275766799999999
-13.861906300000001
8.9411128
6.857197599999999
14.2313449
-15.1302018
-2.4926334999999993
2.0540293999999992
-7.059168500000001
4.058181100000001
18.7105334
18.771738
15.0200947
-15.9897153
-2.526962900000001
10.741578500000001
0.8062671
-9.8697322
-2.3295630000000007
-2.5655248000000004
-16.4642653
7.963870400000001
19.712713800000003
-4.124770100000001
2.8119155
2.043151600000001
-10.591833999999999
16.099441499999998
-0.13191839999999957
-18.9443187
17.7414725
12.005506500000001
3.4224420999999983
-15.031568299999998
8.451208900000001
8.440452599999999
16.0039681
-3.5367987999999992
19.9012037
-15.180095000000001
-6.9767931999999995
3.9163499
5.2873792
-2.0841001000000006
3.1580366000000004
-10.2198707
11.949606699999999
-9.4807913
-17.5274657
17.802512
-1.7196094999999991
-16.0292868
0.7793498
3.1980657999999993
-19.3034595
-8.8636961
15.764883799999998
-0.9368707999999992
-9.219369899999998
18.4181027
7.154191799999999
8.950848599999999
-19.220697299999998
18.8681309
16.968700600000002
3.7113508
-14.8498775
-1.5915353000000005
16.4284065
16.7104721
10.3547413
-3.702683999999999
-10.6818363
11.5533016
15.873998299999998
-3.0903161
-9.680077
14.1385952
-18.1592871
