10.005806899999998
-17.4038188
8.222646300000001
-7.1708490000000005
15.8666433
-4.4533518
-1.2602107999999999
-10.876490899999999
4.891826000000001
-9.850997099999999
-19.763314700000002
12.467289700000002
-16.4751684
10.1414867
14.971666599999999
-4.402330300000001
-14.555282299999998
-7.5491228
18.4876203
17.9647626
-9.4976354
-14.4938177
-9.5367474
-3.0504406999999993
0.5850162
9.977665299999998
-17.9884533
2.041475700000001
3.6717200999999977
-11.777887100000001
-16.2127999
17.0400731
-11.9728136
9.229668900000002
7.6148918000000005
-6.7522736000000005
18.8153512
11.921232300000002
17.746206200000003
-14.806365399999999
-19.3470179
7.129205099999999
0.8477586000000019
8.6355948
15.383800099999998
-4.384405999999999
19.8601749
-18.4845783
18.871887
18.189241499999998
8.223478199999999
10.344277499999999
2.3184852
-13.848796200000002
3.426534099999999
-2.385055199999999
14.3034573
-15.1272533
9.226164600000002
-13.9430457
12.140168399999999
3.487297199999998
4.770329299999998
-15.268015599999998
-18.7212312
-17.8857499
2.578739300000002
-9.7697092
13.106730299999999
7.125597600000001
-19.5981274
-19.9994635
-4.634721
-8.073671
17.7580449
1.3423871999999983
-16.809765
11.8855282
4.733420500000002
-2.1986338
-15.5234488
-16.690055700000002
19.446209600000003
-15.465045700000001
-3.8949263
-9.424199000000002
-19.2891886
-11.822967499999999
11.453886200000001
-15.7292901
-4.365671299999999
16.738699999999998
-6.494319700000001
7.191507000000001
-15.6284315
-16.1979847
5.279717500000001
-16.7847476
-2.626932200000001
-2.2617293999999992
-6.931017799999999
-11.8584179
-7.5303531
5.0604853999999975
2.6738362999999983
-2.081041499999999
-19.537878499999998
7.675214900000001
19.4470019
-14.147194500000001
16.5196376
2.9178013999999983
-1.894198899999999
-2.872573500000001
6.1275588999999995
-12.279548199999999
1.5202604999999993
-18.8404575
12.7615873
-1.4035606000000007
18.2448609
10.276853700000002
11.804194400000002
-16.2339794
-0.641703
-9.372402
15.816276400000001
-4.5081541
-12.371079700000001
-9.878615
13.937203199999999
-5.598806099999999
7.3624719
4.3397546999999985
1.462822299999998
-11.8934015
-1.3688922000000003
4.294174699999998
11.632333400000002
-11.1027182
-9.357320600000001
10.889838500000002
-0.3950488999999993
12.070803000000002
-9.7241564
-9.2057444
-18.924122099999998
10.8560779
3.7057243000000017
-16.6856542
6.9990255999999995
11.161999500000002
14.7922023
12.1630251
-6.2414427
-0.7744636999999989
17.8651546
-9.5204417
19.6756481
-11.8619471
-8.6698757
5.189514800000001
6.570616
15.489999699999998
-2.6825847
-9.6387362
-6.2621298
-13.9704812
-14.3612159
11.1881153
-6.0281834000000005
16.720371500000002
-3.2305043999999996
9.404729999999999
9.818593
6.3730978
-3.7554502000000003
18.646047
-6.310364
-7.689541899999999
8.920236899999999
-16.9938317
-19.9353156
-17.6587713
-4.708339100000001
18.8328431
1.247240700000002
-0.9966306000000009
9.388110200000002
-6.5385670000000005
-1.3429842000000007
-18.836426799999998
9.106230099999998
9.535770699999999
16.789828200000002
-12.8063737
-12.677335000000001
-3.834014
-12.014403
7.242387300000001
-7.4657374
7.856586699999998
-11.639724000000001
19.644312199999998
3.6725246000000014
6.7784251
10.839421699999997
4.995880000000002
-17.8928315
-10.4560521
8.216604900000002
-18.5667356
-2.0169604000000003
11.846295799999998
-11.083039
-9.6651706
16.4919048
2.5129954
-0.2550735000000009
9.629389900000001
-15.432074
13.9667868
-16.380260800000002
-13.0034818
-12.383383199999999
-7.679978599999999
11.768025600000001
-1.5908546000000001
-2.8858697000000006
-5.044395
-7.1656699
1.9188428000000022
-18.888123800000002
-18.4788031
2.0614831000000002
-2.6207179
-10.272600400000002
-4.8425306
-0.47564980000000107
-12.168550300000001
-6.1745659
6.5415625
-9.529419800000001
-10.7528339
-17.7738283
-8.078425
-12.0570676
-2.0675215000000002
-1.6254148000000008
-16.9595989
-18.9222791
19.958876399999998
-5.8647946
13.454470999999998
-0.09419110000000046
-12.2503143
-16.6288841
-1.6923024000000009
-4.818696600000001
-19.048619799999997
-10.688671399999999
8.4456189
10.341699899999998
-3.805909899999999
-0.6172295000000009
3.290589500000001
-1.0828240000000005
19.1923587
-11.4870947
-8.1108814
-12.4861539
17.9045941
0.8124366999999983
19.9468472
-0.03929010000000062
14.431098499999997
-2.4624163999999995
1.706788700000002
-17.9880611
5.724548100000002
15.879381199999997
-3.1182963999999993
11.428858300000002
6.653587900000002
-7.049828700000001
-12.549819600000001
-17.443172
14.0546079
-4.0856971
11.6874363
-19.9948563
-1.648487500000001
5.987901299999999
17.4270118
-13.959757100000001
3.9194930999999995
-1.6876863000000002
-1.8026783999999998
-19.709016
-12.063945499999999
-6.0695262
12.1981758
8.4764847
-18.1858438
3.0918622000000004
-15.9388579
-12.872616
-13.231255700000002
-1.976137900000001
-18.5733209
11.6582586
-10.867393200000002
8.939453100000001
14.745589
-14.5335647
8.7643756
-1.9981856999999992
-1.2717904999999996
16.772448
-8.5894955
1.468182700000002
-16.5058116
18.794517799999998
12.990212700000002
-11.319863500000002
17.344699900000002
11.1814495
17.538027699999997
-18.4110103
-8.0762788
3.6074308999999993
18.7533196
-10.424467700000001
-8.8124541
14.953236900000002
-14.6528664
5.822234199999998
-2.382958799999999
0.49899289999999835
-19.9610667
-13.216741200000001
-16.694445700000003
-7.5995272
-4.150636300000001
17.170771300000002
19.757130099999998
8.9615321
4.798481999999999
14.920008200000002
15.214522900000002
-16.157217499999998
5.996507700000002
8.928619199999998
-9.1085346
18.5129162
-11.8878286
14.9385225
-8.004724900000001
-16.1819336
-11.5985059
13.479178999999998
16.7265372
-0.9813525000000004
-1.9377310000000012
-5.2967893
-19.8431936
-10.7621449
-2.8933294000000003
-13.6008716
-2.3591993
13.968819100000001
4.812627200000001
18.553682199999997
11.346456499999999
-7.0244839
-5.639197999999999
-15.923141000000001
11.543341999999997
-19.335152700000002
-0.9354546000000005
14.668091500000001
-17.3391608
6.759069199999999
19.4935486
-13.3412012
-18.568975599999998
-13.4825767
7.462248599999998
-7.2630356
-2.7878619000000002
-15.112570799999999
15.873030199999999
15.522900300000002
18.9521235
10.747548400000001
12.650088
9.948216000000002
-15.7468007
-12.7733549
-5.9915916
-10.7071787
-17.6914783
-18.7796297
12.8826256
3.9504689000000006
1.414690700000001
-15.224098699999999
8.669429399999999
-5.9423677999999995
-16.7886779
-14.929602399999998
-6.9778362
-11.920895
6.6172838
-13.8884212
8.0754349
10.949272999999998
-17.124753799999997
-16.347059899999998
3.595018399999999
-14.4527567
11.7707114
-4.293210099999999
14.504471899999999
-6.1424243999999995
6.955125899999998
-2.715702200000001
-15.568050600000001
-11.7435915
15.232992300000001
16.5220223
12.5898013
-7.9417409
-8.8908591
4.409676500000001
-12.677830800000002
3.8286346999999976
8.642458900000001
-0.9760602999999992
-3.8394454
7.6603243999999995
-1.9259141
-8.364552100000001
17.537682599999997
17.5544486
5.233898199999999
-16.2247996
-14.774290599999999
-0.48716740000000075
12.501482700000002
-9.4334418
3.278879999999999
-9.0633556
-7.451052299999999
-6.2630646
19.020696400000002
2.698439699999999
-4.1192623
5.4665191
18.285240199999997
6.6320597
12.772028300000002
9.8800889
2.954145400000002
-13.226644700000001
-5.2429943
17.7875436
6.531950000000002
19.5651137
19.903595099999997
14.914564
11.881451299999998
19.2009927
10.616727099999999
13.618506699999998
10.737511599999998
-7.480984800000001
5.184425299999998
-13.0908281
-19.4715318
17.2922138
-5.5632971
8.3432425
7.586679300000001
-8.237312
12.785120200000001
15.570619499999998
-10.6484411
12.720222699999999
-13.3300926
-4.546563900000001
-1.439015300000001
-6.617834800000001
-7.632103600000001
-13.764693499999998
-5.285043399999999
1.9515043000000014
6.8459969
4.763719299999998
-11.6591544
-14.3085086
-12.0537684
-19.0486239
-16.7551461
-17.4381609
-10.492414899999998
4.256746499999999
-5.0388608999999995
-18.4133202
14.253372800000001
-14.350870399999998
-1.4227144999999997
4.1375241
12.7998246
-1.657382500000001
-0.9516654999999992
-11.301426200000002
-0.818144299999999
9.8769763
7.189529000000002
5.440209300000001
2.0630578999999987
-14.970854300000001
5.8538139000000005
6.4913447
-0.9046355999999992
-16.3472968
2.926546699999999
-15.4489634
-8.5888683
12.325132100000001
10.154101099999998
-11.4463065
2.6786324000000015
-8.4197984
10.910855299999998
9.720910600000002
3.1711994000000003
-13.6700746
2.007223600000002
4.383753499999998
12.965896299999999
-8.8801524
11.1632069
7.349051899999999
9.7349696
-6.373743199999999
-8.7705076
4.073477600000001
-10.309333099999998
-16.9407765
13.677173600000001
-6.342313999999999
5.584270700000002
9.663851100000002
19.7374143
-11.8573893
-8.9251486
16.132105000000003
5.096374799999999
14.7398479
-8.2294666
1.6807618000000002
11.374590400000002
15.187377700000003
3.3826013999999986
2.271256699999999
0.7126625000000013
-4.518528899999999
1.0813002000000005
-18.1078456
-15.621923899999999
-3.386433400000001
-11.771669200000002
2.245833699999998
10.635865899999999
-2.6314903000000003
-9.4150166
-5.7627578999999995
-14.2013104
-18.2288679
-12.2275656
-0.9322709000000009
19.4033608
-3.7274243
-6.661460199999999
16.0051106
-1.7007284000000005
3.9571808999999987
-12.8148839
-2.338880999999999
-14.1377225
-7.9285833000000006
-17.9425146
-17.230142700000002
-9.5337586
6.6382639999999995
-10.719856700000001
-4.831223
15.690846299999999
-6.016191200000001
11.030685100000001
-7.921427699999999
-6.8426467
-12.612613700000002
-5.815552600000001
19.1450484
3.590821500000002
8.055082800000001
4.025050299999998
17.586694400000003
8.755567099999999
10.077549
13.126552900000002
6.854210600000001
-11.3106626
2.640322000000001
11.5850918
-2.8619064000000005
-1.6926695999999992
-3.6189896
-15.590482
16.3600698
12.265378700000001
-4.498091400000001
6.4830814000000005
5.836895100000001
13.082951699999999
8.482141200000001
-17.07501
11.534516199999999
16.654544
-18.1390869
3.198839699999999
16.1685534
4.167986999999998
12.056183
-17.1082786
16.925333900000002
4.0873387
-17.874193
-1.7297918000000003
14.767735899999998
16.888971299999998
17.7724156
-1.5926332000000003
16.2748398
-4.386010799999999
9.743028800000001
16.5462917
14.150116400000002
7.595785099999998
0.47811149999999997
2.367178100000001
-15.629488900000002
-7.680830599999999
9.781855599999998
-7.948717300000001
-7.742407700000001
-6.544942499999999
4.739144799999999
18.046750799999998
13.874887300000001
-11.823606199999999
-1.637321199999999
-7.171931400000001
16.270175899999998
-18.5527032
-2.769384500000001
-7.2221274
-8.240286900000001
19.1157118
-17.4042891
-17.606067499999998
-19.9056612
-8.7535561
16.9514645
-3.0296254
-2.3335877000000007
-18.4759059
-6.9110996
0.45658179999999904
-16.3900805
-10.021372
-6.9199190999999995
-16.8503714
-0.041378700000000206
8.3100121
-5.6773533
-9.2417012
-19.018928900000002
14.9082123
-3.2260913000000007
6.294917900000001
3.1199834999999982
-15.925363400000002
-6.399256800000001
-8.7136088
-1.332369000000001
19.4994503
11.174676300000002
-18.524294
-15.863916699999999
-10.0845695
3.3272323000000004
-0.10610920000000078
14.6992303
-18.1288202
-12.5709132
-7.467944399999999
9.5331129
-12.8858474
-3.9476334999999994
18.599293499999998
-10.133497499999999
19.8451718
-7.9587438
16.6405319
-11.5621102
-17.7231326
-19.8767317
16.514181100000002
15.284908999999997
-6.207061100000001
5.7875577000000025
8.763002900000002
-4.975802300000001
-7.155873400000001
0.4872487000000001
19.151011699999998
-16.5259299
-16.4519255
-18.6713987
-5.274541300000001
-14.902277400000001
13.4052345
-10.1536154
6.468555700000001
-11.0332384
11.562244399999999
-4.332130899999999
-19.181252
-5.4926601
-0.9501506999999992
13.214802100000002
17.268468
-6.454617599999999
-2.8409502
19.0924696
7.221338599999999
12.171115799999997
-12.1395361
17.389086699999996
1.6314609999999994
-10.3569166
-5.284036599999999
-17.4688127
-9.4796707
-17.981946100000002
-10.3855456
12.710338299999998
-2.9984426000000006
3.7145172000000004
15.625035899999999
-9.3022263
15.883810800000001
-0.7859168999999997
-16.6974215
-16.970571
-19.9275812
-11.0588979
18.149408100000002
0.09045229999999947
15.797594800000002
2.404033800000002
-4.497572
1.3777275000000009
11.5603139
12.1171902
4.920038800000002
-19.831298
1.7302928999999994
1.0262521000000016
-18.9325956
-15.848321499999999
-6.5520596
15.4257746
18.283480599999997
-7.3041363
-11.0667326
-15.178426300000002
19.356932200000003
-14.141245300000001
16.270356200000002
1.5472155999999995
-2.3511167
-3.340785699999999
9.274816500000002
-6.393178000000001
-9.1021829
-5.831908599999999
6.379351400000001
14.530844400000001
-14.2817614
15.133383100000001
-10.8615236
7.286965399999999
-15.372288300000001
-1.2862628999999992
10.4824755
19.8603795
11.676977
-19.1175024
12.2920341
14.7379144
7.800628200000001
-4.829924599999999
10.440837700000001
-9.9958796
-11.8974871
14.725170499999999
-6.8367482
-13.2077019
19.2392127
-5.1180881
3.1983278999999993
-10.4278441
4.0016174
-4.922529999999999
-10.7222006
14.832896900000001
6.435990000000001
-11.758922199999999
18.4865305
18.170971599999998
-8.3825374
-1.5919602000000008
11.191332900000003
-1.357419500000001
-3.1757618
-9.466248
-3.9130863
-1.4206107999999995
-6.589860100000001
-12.779399100000001
19.329056599999998
0.9448351000000003
2.676742100000001
5.251370299999999
8.593780200000001
-9.8298179
4.6120244
11.9857645
-9.8880117
16.374209399999998
-6.977782500000001
-13.7111491
18.0224865
5.881401700000001
17.042283
11.8228933
18.805343200000003
0.25138110000000097
0.6526719000000003
13.1759183
-7.5440491
14.2145957
15.927307
-16.628523599999998
19.391682
-17.348185899999997
6.232225400000002
2.4362003000000003
-16.8788071
-10.2688684
1.5838801000000011
17.851133
-9.1878946
8.7085596
-18.200513100000002
-18.260690999999998
16.292107299999998
11.057816899999999
-17.6827842
17.0913686
10.703516399999998
-5.484427499999999
15.988567499999998
18.430511799999998
-0.12010230000000092
11.704271100000001
10.408706299999999
17.1418403
-7.4920047
-8.2816595
15.398474099999998
0.07637539999999944
-4.4632034
13.0108727
-15.5865017
-16.0638961
-0.21958800000000112
-0.9178211000000011
-16.2990368
-19.4315863
6.1620748
9.816593699999999
-18.697937200000002
8.4692735
-18.489417
-12.2057097
-13.641842099999998
4.337737400000001
14.337158800000003
11.904018099999998
6.6372109
-12.5437927
2.597550799999999
15.202480799999998
-18.4274677
-17.019068700000002
17.4018082
3.5226164000000018
-6.7129385
6.876685400000001
-12.3116632
-10.216812
-3.869690599999999
-3.8795119999999996
15.716606900000002
-0.30400349999999887
11.180426200000001
14.4048526
8.042751800000001
-3.8923289
-0.590030099999999
-0.03080169999999953
-12.475495
14.494575500000002
-12.4974773
-0.16712150000000064
14.263651500000002
-16.7465247
-5.901412600000001
19.591879199999997
-17.4345829
16.4264835
3.412467099999999
2.1848187000000006
-9.8225761
19.1985573
-3.891825100000001
-17.2085987
6.727490800000001
13.753328499999999
14.044069599999998
14.0754327
-8.6891812
12.022331
-5.7636645
-18.7492693
15.0544074
-14.6034712
7.544824899999998
-1.4830241000000002
9.8184915
6.975945700000002
0.9242326000000003
8.801855500000002
-18.510071
12.076445600000001
-11.278687599999998
-12.597090699999999
9.964925899999999
-14.6175496
13.4632618
8.876381700000001
-2.9656655
-13.9561436
-5.817545399999999
17.1382465
-13.843129
4.3114192000000005
13.751223300000001
-10.1188417
-11.1061646
15.830954499999997
6.827425699999999
3.5856097
14.3038684
2.789534600000002
17.6501676
-17.6398567
-16.497709
-15.974253699999998
3.274296300000001
2.107497400000002
-5.7715578
-4.7109764
10.970826699999998
0.13737460000000057
6.777806500000001
18.8100074
4.956743799999999
-1.1795236999999998
13.825372699999997
-17.3283356
19.2246938
3.6291021
1.5814098999999988
-7.6004036
-10.5148323
15.8225299
16.2049175
-11.261958199999999
17.8730732
-8.7767938
16.0206781
-3.7918982000000003
-5.8620567
13.497660999999999
-19.1666676
3.9108356000000004
-16.6440498
-6.510612799999999
-14.980726399999998
-4.710925700000001
2.2856356000000004
3.177693599999998
-3.5854919999999995
10.016564899999999
-13.3555476
-12.403614400000002
-13.253611000000001
11.8794031
-7.002468599999999
11.1812297
-14.36493
-6.5490409
0.20268299999999953
3.833124499999999
19.7178498
5.216726399999998
8.445319599999998
-9.090151599999999
-12.9000688
5.1905477000000015
7.187655300000001
5.7359072000000015
11.080402
13.9440458
-9.3970725
-17.5134391
-1.9887538999999992
-9.922259500000001
17.315447199999998
-2.5791291000000003
-3.3156707000000005
3.998452900000002
-13.145069699999999
0.2735331999999994
10.9362352
-5.190996500000001
19.061280200000002
-11.184994299999998
-0.7187125999999989
3.2418165
-6.298173300000001
17.454178499999998
17.1927072
-16.808737
-4.3334261
-13.3826389
-11.351576999999999
-16.5916557
12.456918
18.3966963
-1.7528667999999994
18.956052399999997
-8.1368049
14.9914957
-3.6462245000000006
10.0908887
18.541387800000003
-2.558149900000001
10.427121900000001
17.800064499999998
1.7150340000000006
12.512379099999999
12.219013300000002
19.4791026
17.432923799999998
9.409775100000001
-17.0008433
19.2427994
1.2947859000000017
-3.4143626999999994
6.8873722
3.471782199999998
17.9037486
18.037779500000003
11.458125100000002
6.429135000000001
-12.832253900000001
-13.590882299999999
-1.4798892000000001
-13.081263100000001
4.5663526
14.1824973
-12.905969599999999
-11.1802
-2.4075448000000006
10.110937100000001
7.500432500000001
-3.4897776
-10.1955668
5.3264998000000014
-14.240913299999999
-14.315326300000002
-1.3521742999999993
19.914245700000002
-18.2558741
9.7148702
13.7379374
-17.1271956
-10.200368
9.6026652
-10.4842357
14.748493600000002
11.646632800000003
19.8078355
-15.219095500000002
17.1081687
-10.9964886
-2.949612199999999
-17.7791688
13.959167200000001
-2.5845850999999995
-7.8688492
-16.0052821
-10.231802
13.946839500000001
-4.7708067000000005
-17.4981847
-14.174979800000001
19.751293500000003
1.1000169000000006
15.2669614
10.9206218
-17.787612799999998
14.6446853
12.986031800000001
14.935840199999998
11.090619400000001
9.7674095
12.711506300000002
19.478773999999998
-10.5322656
6.373844800000001
2.4539779
-8.3843942
-3.377709400000001
3.087665299999999
-10.780982800000002
1.823187899999998
18.9109452
-14.1954298
14.351592099999998
-8.0810884
3.3650673999999983
-2.3624675
5.262633300000002
11.7878496
5.1520584000000005
15.1374487
-11.9057437
19.6794477
-15.002157400000002
-2.273301899999999
0.6978454999999986
-4.056971799999999
10.5981444
-19.6177312
-4.0328043000000005
0.34740700000000063
0.11138140000000021
-17.216461
16.3519097
-11.923840300000002
12.4064228
-9.9888924
7.330930400000002
5.4764615
-11.801404499999999
15.167145900000001
3.4021831999999996
13.4540209
5.264419400000001
-6.8407897
-6.787679499999999
7.230814500000001
-11.967773
-19.8130078
5.256952900000001
-11.2760672
18.1819575
16.7670031
8.972083099999999
-6.2037545
4.104082899999998
-11.817473599999998
4.941800499999999
-1.1338085999999998
-5.025863300000001
-7.2280384
11.6218203
-0.9538066000000004
-5.952038299999999
11.297314000000002
-15.4300259
-7.957015799999999
15.4880395
-18.157690499999998
-0.6395641999999998
1.1897715999999992
18.2042006
-12.033060599999999
-10.973740600000001
10.2891725
-18.6484664
5.3607834999999975
10.002084799999999
12.381604499999998
11.190894199999997
14.3088611
1.6033523000000014
15.612765
-5.760880299999999
18.2209827
-12.1387846
3.2093132000000013
3.6447308999999994
14.252984900000001
8.9291655
-6.2895067
8.3438823
-4.9924164
7.695582399999998
14.963240599999999
0.6895830999999998
17.5051684
-9.8208005
16.111534000000002
-14.828485599999999
11.3627972
-17.5186036
19.618533499999998
4.2753359
-17.469259400000002
9.186736299999998
14.2913287
-13.985837799999999
-12.005664000000001
5.8975846
17.0687469
7.1944875
-3.5195065999999997
8.8546915
9.844660199999998
-3.9619443000000003
15.9645628
7.425116499999999
-10.7270913
-0.4160184000000004
-9.4060421
18.9238117
0.1287561000000005
14.782030100000002
-1.7088293999999997
-3.8809953999999993
12.9847008
-11.043451399999999
4.715747700000001
14.7744895
-1.1008484999999997
0.8454716000000008
-2.4532359999999995
4.177081400000002
11.799736600000001
-7.7800557
14.3974305
-12.8338771
12.441156099999999
-12.049918600000002
-6.234964199999999
-15.4635503
16.717194199999998
-14.3935808
11.4333284
-8.517063
17.8658068
-3.9008472000000007
17.5274988
7.696392999999998
13.811459100000002
-14.672259100000002
12.968985499999999
-19.2561597
-10.872867700000002
11.451410000000001
-8.615752399999998
-8.8327509
-8.081277700000001
4.729252200000001
5.310670300000002
-10.5289316
2.1054223000000003
-15.6719898
3.5603499999999983
12.8674125
13.3806068
9.7332098
15.1029277
-7.307911799999999
17.3366074
10.8103991
8.497070399999998
2.7834373000000006
-17.8728066
-9.3071751
-0.750440000000001
5.159324799999999
-11.9262987
-7.504161200000001
-14.546219999999998
4.1512957
12.2275409
-4.897349099999999
-17.589193
14.1944911
0.4908833000000004
-8.9608941
-8.0455123
-19.0233971
17.7765808
16.915257
16.2929019
-13.4317589
-19.236673800000002
5.7560552000000005
8.9213575
-9.599711899999999
-16.483014100000002
17.7365785
-16.2749115
11.381424200000001
2.6363666999999986
11.9577592
13.202879899999997
-0.3620080000000007
-19.2578449
18.5143725
-6.594870699999999
15.919146799999998
-5.849860000000001
-17.8177125
-13.0841924
-6.562148299999999
11.969942799999998
1.2866417
-2.053478299999999
-2.140109
9.071442200000002
-4.1870389999999995
-16.036041599999997
-12.2658698
-13.1125396
-17.990382099999998
-2.978912399999999
15.949242
10.1780202
-13.8896855
19.0607463
-17.8011522
-11.4223584
2.705443799999998
0.18742819999999938
14.329879700000001
-5.0294156
11.385124099999999
9.636912299999999
-2.4173216
7.380757600000002
0.9291620000000012
1.074881300000002
-0.5684804000000008
-1.9465949999999999
14.622611900000003
7.086652199999999
17.209304900000003
-18.9215985
-2.4724097000000005
14.324721399999998
-10.2540015
19.001093700000002
5.106267899999998
8.5185995
4.6971894999999995
-18.1389513
-16.8624647
6.5620236000000025
-14.253272099999998
3.1252939000000013
-14.286017200000002
3.2095355999999993
-16.0310931
8.158946500000003
17.736623899999998
15.5926397
-9.2088772
8.2637644
-6.9136050000000004
-13.205895599999998
-6.6207022
16.7101946
-12.840507299999999
-10.7928153
0.8356671000000006
14.587921500000002
9.1721225
-7.0208666
5.144018000000001
8.232080799999999
3.6119887999999993
9.8447462
-7.5475029
18.217779999999998
-19.795253499999998
9.264580299999999
-18.2828679
12.211155800000002
-12.8742607
16.9695022
12.066799299999998
19.934484400000002
13.6426251
9.750676499999999
-16.5817091
18.491231499999998
16.1271601
5.552120399999999
-14.373416499999998
10.756487000000002
3.9016919000000008
10.936315399999998
-13.0813938
7.549895000000001
-19.1442707
10.632659899999998
-11.486026099999998
17.2698166
15.275073499999998
-9.5901453
13.6283822
10.224718699999999
-5.6666506000000005
-8.672538
1.6410800000000016
-1.1201137999999993
-14.421577499999998
-6.9104529
3.2667367999999986
1.3415607
-7.4301233
10.152069999999998
7.054541899999999
18.2427009
10.270809199999999
2.9559598000000005
5.144262100000001
-3.015515700000001
-4.6229573
10.42513
-0.33696539999999914
2.9898153
-7.7307665
-14.1390692
6.668825999999999
-3.910876599999999
7.272086599999998
-7.1872264999999995
12.679019499999999
9.4859454
-18.0837416
16.881138500000002
-15.207141400000001
-8.871552999999999
16.935881
-2.7507998
0.24132920000000013
8.788654200000002
-17.0983889
9.9020955
14.623360499999999
8.8793657
-2.7401135999999995
-11.484107400000001
-11.888504000000001
14.9687086
-9.4087924
6.197182699999998
-3.6567629000000013
6.507722600000002
-4.9622457
-10.0082619
8.5697912
15.466646500000001
10.411306100000001
-8.572283500000001
-6.1133485
18.7736215
6.399042199999999
-13.314011599999999
6.567279699999999
-8.225557100000001
-0.32956159999999957
-15.1093056
4.7959411
-12.0556975
-11.9901601
8.786158999999998
-8.772895
-17.7421986
13.915835600000001
-2.617687599999999
-17.7876562
10.360696400000002
0.625619099999999
-13.074684600000001
-16.4159896
18.4416074
15.161371800000001
-4.7753784999999995
-0.5154196999999999
-18.4408034
15.3270336
19.0438746
14.17634
-4.8419259000000014
15.2368213
18.5727343
-19.5406152
-2.9626864
-10.207925
3.6836176999999997
5.182010100000002
-15.1677317
-2.8584356000000004
12.495796300000002
16.5724588
-3.1924289
2.9734292000000004
-12.585518
-9.655834500000001
-16.5451729
-10.217763099999999
-14.7425451
10.025646799999999
-4.2217498
2.6901054999999996
19.7954423
-12.499004399999999
7.059832700000002
5.988555099999998
17.461914200000002
4.952786299999998
13.434111600000001
17.7488007
-14.2413848
-16.1589481
-12.1432357
-13.7943514
-9.7368307
-18.5813263
6.1670566
-12.5281968
-19.3978929
18.26908
18.8550376
17.3112309
-18.1450315
-0.9808653000000004
8.663037800000001
12.741181200000002
-11.5508392
-2.8281107
10.906989699999999
-16.064098100000002
-13.2278538
8.534823900000001
-9.6614246
-3.463044
-14.781601599999998
14.6343608
11.8982823
-15.1815912
3.572983599999998
13.824354800000002
3.2438603999999986
15.2876525
-14.7191084
-12.582666300000001
19.226499800000003
6.4445134999999985
2.1728926
-1.9356481000000008
-13.812943599999999
6.224088700000002
-2.198330000000001
11.3258331
-6.5372677
-6.4948341
0.9676553999999987
9.4029421
-3.1544297000000006
14.124524000000001
-7.655073299999999
3.7148390999999994
9.821095500000002
-16.9445665
13.270157300000001
-7.7896261
13.867714000000001
16.4237254
8.058815399999999
-7.0622352
-4.059220900000001
-17.674056
-1.6768668000000002
-18.0423569
19.1155412
-10.8573412
10.4697289
-2.8644659999999997
12.988332099999997
-2.8137382000000004
-2.4267642
-14.059604100000001
16.9923586
-7.074344699999999
4.847607699999998
-15.8891052
0.7085141999999996
-2.9637562
15.987512900000002
18.0537867
-14.7196506
4.337780499999999
-14.8258639
0.7420049000000017
-0.21863869999999908
16.034159
-18.1038317
17.1228211
-2.484559999999999
-9.8608483
-13.2756865
12.817009400000002
6.773498800000002
5.627738300000001
-10.0895685
-14.576232300000001
1.6645227999999996
19.1239946
17.7193462
-12.312109500000002
15.548704400000002
12.070161400000002
-6.0027792
9.7557584
-17.4320314
-17.1264073
5.9535345999999985
1.5892257000000019
18.2860613
11.610158900000002
-17.653082400000002
17.7552657
-9.4087944
-17.9947405
1.8122150999999986
2.4788702999999987
-7.3366334
-6.450435700000001
12.0643655
-9.7275834
15.088270499999998
-3.174462100000001
-0.4760889999999995
-8.720495399999999
-13.3439762
-17.654964500000002
17.6220012
15.761280499999998
3.0648509999999987
13.592044500000002
15.0844908
17.632234800000003
-12.241626799999999
-4.567533900000001
-6.310851500000001
-5.6184774
-13.7085986
-1.0903422999999999
19.4676127
8.994249
4.2928092000000015
16.423759
-0.0679284000000007
12.347345
3.0576256999999987
18.9094958
-16.6669145
12.959202
-8.6237402
14.2173362
-18.5244147
6.921943099999998
-0.3147283999999991
-11.609775100000002
11.505210299999998
-11.9694579
3.094651600000002
-18.7877878
7.184379600000002
-8.7270852
-12.4921255
-1.344040500000001
-5.555590400000001
6.126878200000001
5.124256799999999
13.2228575
7.9376967999999986
-0.35786569999999984
7.7669018
17.880156000000003
1.6827646000000005
7.4825907
9.1475587
18.3472682
6.250091600000001
-10.139371
-12.417788100000001
-0.6337878
7.528015500000001
-14.1898435
-17.7240526
-5.8547705
-5.5403829
0.6951859999999987
-11.141719
19.4722219
-13.122588
-7.968131800000001
10.787155400000001
11.244035199999999
17.4619859
1.923166299999998
19.0221578
1.876653799999999
-1.6942074000000003
-3.011010100000001
12.9502612
6.523655600000001
-15.8485384
14.349551900000002
4.532920399999998
-7.2554017
5.976162300000001
-14.148037899999999
17.2453566
-10.0481082
-18.75991
-13.5452132
2.711231200000002
0.5186918999999989
13.284664600000001
11.1505182
1.1760352000000012
10.627053999999998
18.926183700000003
-19.5366707
-13.0406746
4.0067365000000015
-12.5859058
13.833791500000002
10.4413352
5.4264743
-10.948620799999999
-2.9714717999999993
6.3369814
19.1255277
-19.6589755
19.8215899
6.778994600000001
1.491260699999998
-6.1565256999999995
16.1920329
-19.2966053
-16.2031753
-5.210553600000001
-18.4964327
16.1813134
18.4253982
-14.8164678
-13.6912106
-9.1549094
-5.9871018000000005
14.810684500000002
-13.4169658
15.601438899999998
7.227964400000001
3.5525831000000014
-5.309590000000001
13.4435095
-15.991514
14.581560399999999
-12.958761899999999
17.641857599999998
9.690821299999998
0.14613419999999905
18.3486891
11.900992
8.7630184
14.703010399999998
11.997265800000001
1.3408658000000013
9.596198399999999
-11.8329681
-0.908573100000001
8.470133300000002
5.762650800000001
3.225210000000002
4.3877163999999995
-16.8584897
14.991511799999998
5.007915699999999
7.612609299999999
17.0848434
18.0409155
2.703386599999999
7.380989
6.193071199999999
11.930131999999999
15.2962349
-12.9844986
13.490378799999998
-6.273361500000001
-11.290760599999999
-14.3827995
-17.6901702
-18.7189998
4.8917643
-8.594568500000001
5.516686300000001
15.3264961
11.3214574
-13.406602699999999
14.021224299999998
15.837777599999999
-2.654680800000001
-18.9919136
5.649362999999998
-2.9331015000000003
14.3370134
-17.9762481
-19.7111534
0.08739829999999983
13.3075954
-19.1371009
15.818555299999998
12.635738500000002
6.8106405
-0.036141000000000076
12.8253899
-2.6116761999999993
6.700168399999998
-2.542095300000001
-17.4852248
-0.673580300000001
18.471953600000003
-11.1557932
12.0530609
2.930671400000001
-6.546032800000001
17.4867114
-0.2401631999999995
-17.8982906
-3.282938200000001
-14.2508333
17.882440900000002
0.021664599999999156
-2.6260312999999997
-3.3701663000000006
19.453197799999998
-18.0080664
-10.876094
-16.0497788
5.197460599999999
10.222984000000002
-6.5036124
-3.802896900000001
0.06231089999999995
4.292532099999999
-14.8690349
-17.6579798
-7.9488898
-8.749511700000001
8.4984667
-16.4757114
2.573097200000002
11.358797
12.435013399999997
-14.6992262
-15.753075200000001
3.2075014999999985
11.353759199999999
-12.264239499999999
-4.0172650999999995
16.4734247
1.4504835999999977
3.757631700000002
-7.882264600000001
8.138457800000001
-3.1415346
5.8592121
-0.7604251
-10.8576727
1.8528299000000015
-15.442588599999999
-8.519266199999999
6.572153400000002
11.5846479
16.496761499999998
5.808103000000001
6.130346800000002
10.362216499999999
14.6570748
18.940331299999997
-18.6071108
1.5215801999999985
5.712938199999999
-11.424330099999999
-1.7104784999999993
-4.299631099999999
-17.564089
2.4713749000000007
7.133071799999998
1.639073199999998
7.494588800000002
17.880884299999998
-2.4833736999999996
-17.4758334
4.723433100000002
10.6275024
10.708950100000003
-4.2188768
-16.9998417
-19.290420100000002
-7.429022600000001
7.189474599999999
19.7425215
-10.4225484
-10.911110599999999
-1.659269099999999
-19.131853200000002
11.4707786
-1.7599104000000012
14.8678595
-8.7460696
-7.152415800000001
9.702712700000001
-12.9090966
-0.9955892999999992
-13.4865886
18.609652
-11.042882399999998
4.311253900000001
0.25016930000000004
-14.3959721
0.6697645000000011
6.092186299999998
4.8185428
10.6804041
7.499506200000001
-19.1578262
-8.141952000000002
0.3651936999999998
9.328647799999999
1.9637761
10.852335600000002
-14.027116000000001
1.500059299999998
4.268304899999999
-3.631134999999999
-18.444427700000002
-5.907824800000001
10.063856399999999
-12.336560399999998
-4.6450269
7.555288399999999
8.347283200000001
-1.0020481999999993
-10.556974
1.6357960999999976
-12.640769299999999
-18.6994556
-6.659158500000001
1.4222002999999994
-0.7062032999999996
-1.1351638000000002
8.0888458
-6.186534699999999
-0.6143299000000002
9.0348434
18.622616400000002
5.6511157
7.689513000000002
16.1340319
8.166586699999998
15.286539499999998
-12.850270700000001
-8.189795400000001
-17.4596808
-12.6153654
-19.2333236
-3.1434588000000008
-6.3111581
7.065993699999999
-11.284489899999999
1.273404599999999
19.330849100000002
-7.389113099999999
-4.5274739
-14.2450527
3.7900228000000014
13.186642499999998
1.7007691999999996
-18.3732322
10.303254900000002
5.0732161
-14.788452099999999
-3.356584700000001
-17.5836397
11.483662800000001
-1.9972929
5.559130700000001
-3.9486759000000005
-4.958418999999999
-19.4545122
-1.1955826000000003
-19.5039645
-4.9504000999999995
9.364463599999999
-14.4000463
18.283427900000003
-18.6935035
-19.130478
8.687068199999999
4.943207299999999
-15.6962273
12.7433309
-14.6407454
12.2931513
-4.585482199999999
4.404870900000001
-15.9037357
-14.225682099999998
-18.665865699999998
-0.5235475999999994
1.1039672999999994
-2.905505700000001
-15.013871199999999
-19.8674571
-16.0969369
-1.0081006000000001
12.4918021
-1.286224400000001
8.172997099999998
12.553106699999999
-8.5470963
-16.2529977
-0.3700502000000006
8.350363600000001
5.297930000000001
-18.5054589
-15.901689099999999
2.3855681000000004
-18.215295100000002
11.606109400000001
18.905920000000002
-9.5995069
-15.5980301
-11.7190201
-18.8426055
-9.2422948
-4.972820400000001
-7.602693200000001
-4.370432900000001
15.399998500000002
5.876645400000002
-4.773432499999999
-3.2805744000000003
-5.024785099999999
-8.0625288
-12.7844958
13.220634
-2.619086
12.173533000000003
-4.787813799999999
18.578467500000002
-18.1809572
-8.446113800000001
-0.9013336000000004
-14.1654062
2.437587199999998
-7.6250565
-9.8367328
11.684531699999997
-17.7421639
0.8632969999999978
-1.2238228000000004
-2.8929140000000007
-7.8922378
-6.861603
8.5172901
10.9915843
13.505575499999999
0.5176035000000002
-6.185442599999999
16.1731419
-4.199193
17.109935999999998
-4.2628098
13.1278436
-7.371096199999999
13.870269600000002
-11.7845544
-9.477682
0.2871658000000002
14.673445499999998
11.4951028
11.405891200000001
13.625986600000001
-14.5783051
19.5621878
-1.7544282999999996
-13.4675954
-7.5329008
-5.9632575
-7.9145274
-15.555437
-15.5824398
18.750175300000002
-4.5171497
15.4688414
9.6608009
13.669133900000002
-19.6022707
3.8763807
14.0625038
15.7810162
-14.1518048
-6.395653500000001
-5.274989800000001
19.9354529
-3.030521100000001
-2.7291616999999997
3.8477912000000014
0.47129239999999983
-3.658993700000001
-1.9868984
-15.2620515
14.305587799999998
-15.287721300000001
19.4595815
13.9101419
-0.32595229999999903
-17.317582299999998
9.8384278
10.359892199999999
-7.3067904
-0.9440669000000003
-14.1661538
-10.9085237
-5.6123264
11.585218599999997
-13.6896381
15.445739800000002
-18.3177052
5.189775199999999
13.962236299999999
-15.6675534
1.374059400000001
4.711373699999999
10.6961688
-7.373451399999999
-5.0336822
-15.1666766
7.096110399999998
-2.819261799999999
2.2623216000000004
4.683737500000002
15.3203197
-3.4453465000000008
-17.9332134
-4.464292299999999
4.967689099999998
-11.9162799
6.124888500000002
-18.8700135
19.9665696
-5.260530000000001
18.414614099999998
-19.7286726
14.117856900000001
0.9044565000000011
-19.5002423
-5.7325243
-16.6780555
-8.2932547
3.0641168000000016
16.0250569
-2.5500108999999997
4.139901500000001
-17.3273445
-7.278852999999999
-15.928590699999999
19.047674699999998
2.7099476000000005
-9.1820472
-9.1645721
-19.9961804
-8.726388199999999
-1.8909706000000006
-10.793926099999998
18.6340365
-9.551841
-18.0318119
2.5117853000000014
-17.5110441
19.5238865
14.6718545
18.0466319
-5.8657186999999995
-14.494841000000001
-18.6614274
-5.764085399999999
19.1931059
-8.111887999999999
0.5640639000000011
-4.944518800000001
-13.3937345
-11.503945800000002
3.1021875
11.770429399999998
14.0793039
-8.3195102
16.7530472
5.377985300000001
-16.552671
1.1140934000000016
-15.942049899999999
-8.64751
-3.383714
-9.2375623
11.4067917
5.727038400000001
3.059047300000002
-13.901843199999998
-7.101092000000001
7.324930399999999
-4.2319363999999995
-12.5002591
-10.8694254
10.696921600000001
7.009320400000002
-19.6723816
0.9637782000000016
3.542529300000001
4.025421700000002
-7.715948699999999
-13.0025909
-14.8586989
11.605108799999998
-2.1813662
0.3728368999999998
-10.317556
-4.230554299999999
-18.8056804
-7.2960338
-10.575447899999999
15.9035909
3.2188268000000018
-4.2777386
-12.5250936
-14.4785799
-5.878150499999999
-13.9551854
15.598913899999998
3.841095700000001
-2.807994799999999
19.166404000000004
-2.7122812999999995
0.6370595999999977
-1.743791000000001
-3.4862527
16.3927793
-14.2241553
5.401778599999997
-3.9899882000000004
-18.5709735
-12.648125300000002
0.7764636000000018
-19.6058086
16.1519341
15.543550300000001
2.7278589999999987
14.5837045
-4.8172065
-3.2604825000000006
11.156083400000002
-7.3166444
-19.117017399999998
10.422555200000001
-1.8244975999999997
-16.2108417
-12.1974857
17.965615
-12.6733286
15.137399199999999
7.862987499999999
-14.539781600000001
-8.9013639
-2.9500789000000007
-12.6419832
-15.208081
17.9416602
7.2216165
-11.0310563
10.3236528
9.7627898
-10.314963800000001
11.428492500000003
-18.4254368
-2.2632356000000002
-19.1028899
-2.782207699999999
13.5044535
9.980213600000003
-0.4037381000000005
-14.3181376
-16.1829945
-9.7931559
9.725457999999998
-0.13758599999999888
-0.32942050000000106
-15.4715337
-9.589997499999999
10.9095772
17.3752396
-6.8979728
-16.401109
-6.8988345
-14.2204329
-8.8601742
-1.0985295999999993
-11.0932206
11.131519699999998
19.2398909
14.552157699999999
16.7237977
-8.945487
-15.9536011
-13.7469731
-2.099913200000001
-2.0760455
-4.541343899999999
7.301510800000001
19.0048702
8.479248899999998
-0.6452691000000005
-9.5278967
-12.691118900000001
-9.614418
0.11426490000000059
-19.7630319
-11.367583300000002
-17.6976028
-10.231157
-11.6290967
4.924018700000001
12.5151705
-12.2843134
9.3820613
-10.9710643
-0.30037559999999985
-6.286449999999999
-9.588696800000001
17.937445699999998
-14.2530952
-12.683681000000002
-13.1369225
-11.113682800000001
18.672852600000002
-15.251238800000001
18.725053
17.3251559
-0.2213282000000004
-6.078157100000001
-14.7242756
10.231355400000002
14.7796248
-16.1929474
-10.7802185
2.9340616
-14.5153204
-4.066061400000001
5.3568264
18.466073
-1.9503071999999997
17.3224198
5.060455000000002
-4.9791445
-10.996383000000002
1.5598457999999982
-12.442244500000001
-6.988770400000001
12.558925899999998
-10.602292499999999
-18.6795599
-13.563341900000001
19.5060337
9.271241199999999
16.126902
-10.772680000000001
-1.7647470999999997
15.7248852
0.2999362999999994
8.1031855
8.968719700000001
13.057884800000002
-5.303039699999999
7.9539788
10.707003399999998
-15.478826699999999
-7.4408429
16.7251298
5.750065100000001
-7.2287322
11.6283343
18.4420203
-0.6936904000000004
12.864832000000002
-9.682134699999999
13.058589499999998
8.860365400000001
-14.7783719
17.502140100000002
6.579966399999998
-0.9240434000000005
10.019996500000001
0.10441319999999905
-1.2798649999999998
-12.678791700000001
13.782457800000001
-7.9908159
-1.5078584999999998
15.3381196
-5.6299600000000005
19.768572
11.827611600000001
12.456581000000002
14.062013799999999
1.1382373999999982
16.727352299999996
-5.371908699999999
-4.4366139
-19.434952
16.436963300000002
4.287935900000003
13.336005700000001
1.2921032999999988
9.0474469
-17.6573699
2.361255299999998
-16.4109863
-9.5713961
-14.9582627
0.0624472999999989
-0.8768796999999995
8.977583800000001
1.5786103999999979
3.960762300000001
-16.367456
-3.6376555000000006
0.5744257000000016
-7.3099146
14.8315121
-11.596171199999999
14.0376782
4.948319200000001
1.741557600000001
-3.328421699999999
5.1940308
0.9230621999999994
6.3616964000000005
5.883501099999998
10.933034400000002
-10.0901703
-5.314293299999999
-5.470074400000001
-14.4398237
15.643304199999998
6.3527945
-18.63157
13.071955899999999
10.445009399999998
7.924109600000001
-10.3845148
13.5959679
14.1587413
-9.9579769
-8.144656
5.4794825
9.268957599999998
-16.6577644
4.399629300000002
-9.515948100000001
9.5354196
12.2168975
19.3551084
9.181352000000002
8.2157485
-4.456440399999999
-19.9717623
-4.5384547
-6.410280600000001
-6.735304900000001
-10.634413799999999
12.4068959
-18.9157359
1.1983836999999995
10.1804983
3.0477451999999996
12.644275400000001
-1.467103199999999
-3.6501181
0.2257316999999989
-11.341244099999999
-9.8107793
-0.9602565000000004
-12.778193700000001
-4.2165049
18.8514851
14.957034100000001
-13.5731187
-13.2525685
-6.1721189
-14.841544800000001
-9.5562861
-7.9611860000000005
-6.173504600000001
-15.604249300000001
9.875042600000002
-8.518409799999999
-15.370545400000001
-4.5700091
14.6567988
-11.232873199999998
11.0506129
4.496819500000002
12.2762383
-0.8177243999999996
8.2108335
11.3158682
-2.651138800000001
-14.125385999999999
-12.005050200000001
7.7405665
-12.7868046
-16.5812604
6.204344500000002
11.146289099999999
-8.283412499999999
16.045261999999997
3.6346786999999994
11.168558800000001
3.4735870999999996
2.082932099999998
-11.726783900000001
0.8565499
5.612031999999999
19.544238
-12.760520299999998
-10.3894083
4.888087099999998
-0.43277250000000095
4.057883000000001
16.7415262
14.0892841
-6.163895999999999
-18.723934
6.279858300000001
12.934365600000001
0.9316129000000001
2.670863899999999
5.761102799999999
19.069839299999998
16.8896429
12.9364077
6.6830549999999995
15.565167299999999
5.329264400000002
-18.6025396
-14.705673299999999
15.339888999999998
-11.477111500000001
-11.318084899999999
1.9298502000000008
-12.9022919
-12.609384599999998
-3.8891922999999995
9.2029826
4.233007200000002
7.6906525000000014
12.659019699999998
-4.222326399999999
-15.343925899999999
-7.6571172999999995
-8.819010800000001
16.1302767
17.2342987
4.7723477
-2.4191252000000008
0.415137400000001
7.251846999999998
11.177891399999998
4.921154200000001
19.163912500000002
10.789341399999998
19.249682200000002
5.184361300000001
-5.199665700000001
-19.0347625
-4.358189299999999
-6.0056576999999995
2.1348475999999983
7.050764199999999
11.750428999999999
-6.269646900000001
-4.049056700000001
-12.414403299999998
-6.9124582000000006
11.692197099999998
-6.636674299999999
-10.4645685
-1.6371048999999993
-11.001057799999998
-8.615545500000001
-0.9937644999999997
-15.905726099999999
-15.998055100000002
-2.552258400000001
-12.483742499999998
-0.7792802000000006
10.288136100000001
-15.188542499999999
-1.7724631999999998
-6.3509554
-19.3098901
-9.672350100000001
14.593010800000002
-4.370884000000001
-1.637944399999999
-1.9943702000000008
3.4490776000000007
11.5873088
16.9537916
-13.2405853
-3.319953800000001
10.273190599999998
-17.7669052
1.7329113000000007
-2.9920946
17.6420514
3.1382002000000013
-15.3007466
10.215717199999998
-13.639772800000001
-1.235955100000001
18.745243099999996
-13.497053900000001
-16.076194700000002
15.3257983
19.0807874
-9.9635902
-11.2275188
-17.1184693
7.2036389000000005
-12.526931399999999
-10.4363979
3.6084272999999984
-11.173809499999999
3.6775122999999983
6.841618600000001
-13.3384979
0.5142138000000023
-12.7877704
-6.722022300000001
-15.671155200000001
1.1124852999999986
-17.9080708
1.4679205000000002
-14.177887
1.7389013999999998
15.315577199999998
-19.964287
16.103192399999998
-9.9565662
-11.751823199999999
-4.6096260000000004
-11.581853599999999
-5.8334259
15.934879700000002
-17.1892882
15.9500254
-16.8251157
19.725425599999998
-7.172520899999999
9.957275399999999
-15.8101947
-6.685705599999999
7.669237800000001
6.391390999999999
2.8466886999999996
16.9126789
-14.6584686
-17.9315633
13.857695399999997
10.5962568
0.1324610000000007
2.4194615999999995
0.26402469999999995
3.691133100000002
-17.9569445
9.429371000000002
5.496119899999999
6.255474599999998
-0.30701049999999896
-0.33950059999999893
-16.070240300000002
-4.6163229
-1.5532706000000007
17.8316122
15.1000288
14.642079199999998
-16.3768011
4.1642112
17.9309175
4.773544299999998
2.9538405999999986
10.8140384
5.590150199999998
-14.9559151
17.5614544
-8.299157000000001
-16.1193587
-6.926108500000001
8.604281
11.219970100000001
-0.6219318999999995
-10.0750885
-19.8577291
18.1642458
10.7931772
-16.3354388
0.3731063999999992
-13.4938825
10.816480799999999
-12.415007799999998
-18.9886728
8.6216493
3.0647670000000016
3.3306050000000003
19.341656899999997
7.6810264
12.8466973
-16.1832832
16.9770088
-9.495018700000001
1.8250235000000021
-15.0121468
9.0179223
8.749953099999997
4.529512500000001
6.329406600000002
2.317138100000002
-10.161680800000001
-14.49566
10.6686861
0.162494200000001
-0.7268189000000007
1.6826794999999992
9.982745100000002
4.684947200000002
4.390497599999999
-14.719581899999998
-11.3305505
14.0207645
-11.685259
-2.185818999999999
-5.2717432
7.458528900000001
-18.649549
-10.1827712
-10.9926484
-5.943167900000001
15.2826307
-8.5679818
-8.1139259
-5.385078599999999
6.024303100000002
14.4991849
18.522143200000002
8.2253418
7.365293900000001
-17.9480476
-5.1898396
3.7128877999999985
9.977954500000001
6.681550099999999
-16.3419256
-8.866951899999998
-2.3419336
-7.3756828
16.674215
11.7920707
19.016266599999998
16.9263158
16.0550326
-1.9309602999999993
-13.1098079
-12.360374900000002
-18.4196474
4.2946272
17.043892200000002
-3.3724151000000004
5.754951900000001
-12.918418099999998
14.411911199999999
-7.6178747
16.8628562
3.5484749999999985
-1.347810300000001
-18.513398199999997
-17.7378665
-2.8361969
-15.1812281
4.4824631
10.859927699999998
-0.8103956999999992
19.5578042
12.189997400000003
-14.9355288
-17.596814
-17.4366657
-15.9197028
2.6211112
16.293733699999997
17.0228189
13.587207800000002
17.454264
-15.164897000000002
1.7883320999999979
-7.122918899999999
-5.670697700000001
-4.138745799999999
0.006376499999998941
-1.6860881999999993
8.1356922
4.6511132
-11.685080699999999
4.752984000000001
4.937723000000001
4.272234600000002
10.8280521
3.7993001000000004
5.177089700000002
15.706635700000001
-1.5538325000000008
-0.8586795000000006
-8.182147399999998
19.7740061
8.458390599999998
-1.0992374999999992
15.471289700000002
2.399413300000001
-17.3181716
17.377550999999997
10.328022599999999
11.893144999999999
14.748300800000003
4.7044659
-18.3451585
-5.347721899999999
18.0584798
0.6332067000000007
12.701979999999999
16.878928700000003
4.8968408
10.563008100000001
14.2518732
13.961978399999998
-12.1737372
4.850948899999999
7.669124499999998
-7.902332200000001
19.2443889
2.215454
-3.5844796
5.585182199999999
-4.3239273
11.034737100000003
-15.933454300000001
15.282373699999999
-18.887851700000002
-17.9438928
-1.8201315
10.076088300000002
-0.6076083999999992
9.8715017
14.653442799999999
16.6410485
-5.701565800000001
1.2758437999999979
0.24161000000000057
-10.6098492
-0.034339299999999184
-9.9652475
-13.1950043
6.068523100000002
-1.5313845999999989
8.747455100000002
-17.504518
3.3740684999999986
-5.1251354
-13.766134
10.767270899999998
12.6193001
-9.4286694
-10.8413889
-0.8215171000000009
-13.994943
-5.6701108
-13.718280700000001
14.6074368
-8.5643248
14.2697546
-18.0746451
-0.9809545000000003
-2.3861879999999998
-15.2506998
11.2810772
9.866405300000002
-5.179306899999999
-14.0616823
-0.045944199999999
3.4729311999999983
-16.2713368
-13.9646762
17.1090505
17.8335293
18.037245
11.081539699999999
0.5647422000000006
-12.915485100000001
-1.0105394
-10.777392599999999
-14.5806143
6.1220307
-14.8538068
-7.9841345
-5.823595700000001
-4.513780999999999
17.817515800000002
-16.1752794
9.5769243
5.5457292
4.957827400000001
-16.155117500000003
9.783121000000001
5.416955400000002
2.6495431999999983
-5.954209100000001
-3.2774522999999998
11.198735099999999
-6.875075799999999
9.168795799999998
17.838886900000002
-10.782902199999999
8.5747485
-11.1328679
-9.0750875
3.9343642
5.9607389999999985
-2.7658088
11.5024597
19.9977843
13.349977399999998
13.409111699999999
4.167081400000002
-13.3058093
0.660294399999998
4.4490461
5.404313000000002
-12.000118
-1.8100387
6.4316536
-16.4550808
18.0383691
-15.2560902
-10.3950427
-8.5523387
-12.5424131
-11.824288999999998
-8.804496899999998
3.6933952
7.210865699999999
16.8228112
-13.4259161
-10.9545149
-9.0725411
13.3555033
-11.727038299999998
-5.9678702
11.122882599999999
-15.6097804
-3.308656000000001
-13.959322499999999
-1.3698471999999993
16.761285200000003
15.388563399999999
13.8526422
6.193799800000002
-18.6607051
13.188944900000001
19.757627699999997
-6.263943999999999
2.7585935999999993
18.6105813
6.812120199999999
-8.444957500000001
2.1216314999999986
-3.3335628999999996
6.026985599999998
6.081142500000001
6.622051499999998
1.5050327000000017
-1.7755148000000007
9.249546
-14.549567200000002
18.6029402
-18.0074488
-16.3397723
-18.2927447
-9.6716098
-5.7998327
10.766462099999998
16.625349500000002
13.878571499999998
-0.963860400000001
6.508939399999999
10.876635500000003
-17.3890547
8.3281905
-7.826728900000001
-19.7092617
5.7164060999999995
13.037135899999999
0.48031039999999847
-3.6746128
17.4493985
-10.621757299999999
2.251189599999998
-9.2635231
-8.2926136
4.3776791
17.535355300000003
12.9996967
9.159698400000002
4.630152800000001
17.409107399999996
16.7062649
-3.6866650000000005
10.769952400000001
-0.737849799999999
14.760922500000001
7.924678600000002
6.8546911
-3.9174632
1.809075600000001
10.787263400000002
-13.116846500000001
-9.2142823
1.6014274999999998
-10.0407996
9.187933899999997
-9.413029799999999
0.1158710999999994
13.717186400000001
-7.2772291
-12.002695300000001
-8.874833
-7.6249691
14.476956100000002
-6.162475799999999
-13.135519799999999
-5.3109257
-5.6176114
-15.7989628
17.7714014
-18.4412112
17.3310426
9.661736999999999
-16.4991337
-1.670555999999999
16.9551859
8.8072734
9.604796099999998
16.7454859
-13.7205904
19.234918699999998
4.0129961000000005
3.6093402000000014
-7.117949000000001
-6.1057413
13.234306700000001
-2.029420399999999
-9.950780700000001
-19.5512662
12.979718899999998
10.818193500000001
-12.7584692
2.0417444999999996
-19.8761042
11.625915399999998
-13.535040100000002
11.576563799999999
12.9579016
19.0611535
19.329805099999998
2.433514700000001
14.245660200000001
-16.4604158
-6.7249952
5.453701000000001
-15.170998399999998
-12.069693200000001
3.1692043999999986
12.452438900000002
-14.4179545
-19.7446539
3.5601623999999994
-0.22283010000000103
6.724916100000001
-9.8385883
13.541096699999999
-9.0617319
12.847258400000001
17.53181
-3.1350786999999993
-7.8916326
-16.8121847
-3.4083681
3.731742800000002
-1.249843699999999
8.3456099
11.9917839
-15.9557215
10.7104781
-16.3353369
5.385275700000002
12.242872400000001
-18.2693227
11.494010800000002
-17.6861349
4.486100400000001
1.8150757000000022
10.3759771
8.268032600000002
-2.1977656000000003
8.1730813
-13.101650100000002
-15.5936115
-16.204843
8.876168400000001
9.192983
-6.4193599
15.699720699999999
12.909698800000001
15.0652223
-0.7925092999999993
16.5348619
-19.8012556
-4.247190700000001
-1.8206727
18.9828165
16.162368999999998
18.197428300000002
0.5777709999999979
19.5916921
2.8747413999999982
17.3579868
15.177156599999998
-5.0834071
4.0708824
-15.7587138
13.2563049
1.594362900000001
-19.1193147
12.676608900000002
2.1779675
-0.40305090000000066
16.627395099999998
-3.295169000000001
16.2506595
13.487242500000002
11.9240972
-9.1291398
15.764403600000001
12.1395041
-7.1370444
19.0056368
16.7383056
3.3329586000000018
11.479096
-7.846436900000001
-17.717707700000002
-16.315737300000002
-11.258359599999999
-19.1848204
-3.0347285000000013
-5.039370699999999
8.3093563
-13.8422522
-16.5419608
-0.49908210000000053
-17.8783982
14.1157458
7.412839699999999
-6.853340499999999
-12.2624998
9.317962099999999
10.851249699999999
11.652789699999998
-13.227784699999999
17.026251900000002
4.392937299999999
16.2714376
-4.606701
-10.235273999999999
15.7690283
5.781994
-9.639122400000002
16.659937799999998
-17.6977501
15.416890800000001
-3.2820335999999997
5.719908999999998
7.052940199999998
-16.9156526
13.2766174
19.926048700000003
-10.0102454
6.7765389
-6.7350297
9.875397899999998
-3.5914634999999997
6.311771600000002
5.0667816
0.003571999999999207
-18.897907500000002
1.8511679000000003
-0.9961313999999993
7.389234700000002
-5.7604142000000005
18.161956
-8.9822234
2.2823813000000017
14.7176289
15.393877900000001
9.929094
12.7612644
1.0411135999999988
-16.295348100000002
19.566958
14.5738168
-17.322834
9.984583200000001
6.586764499999999
7.904158400000001
-0.5909760000000006
1.2828647000000002
1.7666334999999982
-10.3940479
5.241813900000002
17.715780100000003
-12.7519931
-14.668768599999998
9.362365399999998
-5.532866899999999
13.086653000000002
18.6692645
9.919032000000001
18.6160581
13.1887207
-2.476167700000001
-3.3861141999999997
-7.821163899999999
10.112834699999999
18.5930126
-5.902652599999999
7.698225200000001
-9.164875799999999
-0.017275600000000394
-18.44257
-7.437443599999999
2.172195700000002
18.6279853
5.583806100000001
1.3745877999999994
19.7241429
-8.676960999999999
13.824806199999998
7.531907299999998
-6.5931672
-4.6524028
17.7697249
-13.918272400000001
-3.421084000000001
-5.444168500000001
5.123856399999999
2.8261047000000006
14.650466799999998
6.798313400000001
1.394951799999999
15.8036594
-2.2627037999999993
7.351960300000001
18.756574099999998
11.674335000000001
9.316409399999998
-5.0742077
-11.2171985
-19.412201500000002
-18.9060387
0.16203710000000002
18.5575304
-9.9662725
16.792763599999997
5.0950088000000004
12.233982700000002
6.891294899999998
19.2433454
9.843850200000002
5.446287699999998
6.729023999999999
11.050148100000001
-14.497141200000002
-8.695837
-13.432037399999999
9.532733199999997
9.135167700000002
-7.795566300000001
-9.736768199999998
-8.7573356
-1.5076371999999991
14.1379392
13.4621512
-11.970862499999999
-16.7261077
-14.789941199999998
12.189272
-12.586285499999999
11.525559600000001
3.7434920999999988
-7.7030439
-17.0765355
12.921499800000001
4.361095000000001
16.142060299999997
-15.5882717
-16.0280665
-16.010528400000002
-16.9334309
-16.7448601
3.3869129999999994
7.1930017
-1.8974361999999996
-12.0093514
19.973855699999998
15.499846200000002
-1.4639535000000001
11.975154600000002
3.1363396000000012
-2.2586976000000005
-15.2817645
-19.349966600000002
13.865425599999998
14.677111700000001
-2.477349899999999
16.229322900000003
-19.0188249
17.719836
-17.9336886
-17.0792386
0.12858459999999922
9.6957787
-9.1577828
9.700774000000001
-18.6732249
15.774607799999998
2.0585534000000005
-4.600721200000001
-16.7045766
12.0905993
-18.6202574
-15.884322
3.1357787999999984
1.9039761
6.572907599999999
-14.4029512
6.3169882999999984
10.133147
-6.8671461
17.8311888
-8.409724
-4.3154024
-5.865962099999999
10.4902835
3.2334047999999984
-12.5669787
-1.005897299999999
10.018148299999998
-11.6532221
6.169777600000002
-12.123401800000002
15.7756489
-15.8977992
15.642097600000001
-13.310073
18.0663897
-6.647486699999999
19.4775145
14.5985934
3.6085341000000017
10.0411852
-10.035593
-17.3925353
8.643904900000003
-12.2684025
-4.322520999999999
-10.0389122
10.493758699999999
-16.4307483
17.9623499
13.643088400000002
-5.4056009
-15.6927522
-5.950344
-16.0351044
-19.477731
-7.829222099999999
8.015191199999999
-1.1122367000000009
13.978281000000003
14.266109299999998
-6.818845899999999
-13.0630872
8.8660104
0.9830971
8.8290076
7.545003999999999
9.3174584
-1.7210287999999991
15.3323788
10.063085299999997
4.0076382000000015
-0.28541750000000093
-2.2549946999999997
-4.4162967
5.723656900000001
11.789816500000002
2.3340011000000005
-11.9032546
-19.264032
-9.455037299999999
-11.544576499999998
6.6400511999999985
1.2962543000000004
-11.120918099999999
-17.041146899999998
17.767561500000003
12.2847301
-15.7257079
11.6842204
-15.4336813
5.079941800000001
3.1262341000000013
-0.8517669999999998
-8.802000499999998
-10.787261899999999
4.5538501
-7.608105700000001
0.8088306999999986
13.101230300000003
-13.622088699999999
-8.936910399999999
-7.7093056
10.547596600000002
0.9173977999999988
-18.7403758
10.426854199999998
-5.179433400000001
8.689703800000002
-11.4503781
-11.6109753
-5.210001400000001
17.4313031
17.8696191
-6.0944317
-4.358249800000001
11.2649444
-9.3679918
6.091474800000001
19.6633985
-8.3018407
12.812643699999999
-13.8586758
11.0437727
18.965989
11.1007512
-12.0982707
-3.2370576000000004
-16.9272063
-2.9827873
10.9972874
-13.3661093
1.7464269000000012
-8.1353078
-19.993814
-18.4450328
-14.7922979
10.5510725
-11.3763132
-17.4176943
-0.9057971999999995
14.8213951
5.109180799999999
-13.183932500000001
-13.7257421
-5.1488952999999995
-13.8724954
13.482889199999999
15.119265
16.0374832
13.065966600000001
-11.8183431
7.503817100000001
-8.5698064
-10.5625052
16.451027800000002
19.778263000000003
8.390452100000003
19.1117236
4.637189600000002
18.2642567
-13.702839199999998
5.875292300000001
-0.20526299999999992
4.599281000000001
-1.3658824000000005
5.979355900000001
11.1523983
-14.3418707
17.0106744
17.3633933
-16.968420000000002
-3.3231113000000003
-11.4034523
-17.4849578
13.069940499999998
8.2817146
12.794818100000002
9.2557917
11.756922199999998
-5.682657300000001
17.640943699999998
-10.923449100000001
0.45106199999999946
8.236267200000002
9.2123911
-15.5027162
15.403289500000001
-17.8563572
-19.0558923
-10.357193400000002
1.0073824000000013
-18.345834500000002
-19.571322600000002
-7.550698700000001
-18.7140291
-4.0554846
11.507616899999999
-9.593576
-19.0183377
-15.6858859
-7.3865374
1.646561099999999
15.533591000000001
7.726772099999998
-10.2137176
11.9772969
-16.9666451
0.3850841999999989
5.671029199999998
-5.045904499999999
9.1289098
-13.4309618
-2.3423035000000003
-15.5532881
10.442591299999998
-6.4153422
-14.6267794
-3.721235200000001
12.2618658
18.6272664
-7.420158799999999
-5.449418599999999
-14.785169000000002
0.177346
-17.9419662
-9.571448499999999
-13.357815
-5.6887489
7.9963356999999995
16.175753800000003
0.9154187000000001
18.588694500000003
-19.211948500000002
-10.6097982
-16.974641899999998
11.749901799999998
8.3995642
-10.4893604
5.3265725999999995
-8.3352883
-0.5320372999999995
18.6856747
17.9031061
12.9711103
-0.28502150000000026
-3.3457629999999994
-5.6042644
7.993504499999999
-18.21156
15.835094100000001
4.013337299999998
-14.865231199999998
-17.7896268
14.411732000000002
9.468695400000001
-3.2456430999999997
-3.358025
19.57835
8.5767778
-12.7426415
-10.6203952
15.321486799999997
-1.4222607999999992
8.773973999999999
-2.1508861
5.222952100000002
12.879072999999998
-10.0429628
-17.1035117
-5.7677702
5.8446489999999995
-15.221138700000001
12.052714900000002
-3.5454497999999988
-15.4741032
-14.705054599999999
13.7039788
3.632623400000002
5.070059700000002
11.8154974
-2.1922240000000013
11.8411818
0.23456670000000032
10.924032000000002
13.445881399999998
10.949798399999999
-14.195562399999998
-11.987305300000001
-3.4340176
9.142675399999998
-10.723058000000002
1.2164114000000017
-0.9074708000000009
-17.7104811
17.892543300000003
-8.0153251
-12.2927317
-15.0026376
-19.605245399999998
4.951176599999999
0.7432783000000017
12.9101627
-15.7642182
-0.4732157000000006
18.4270268
-15.636674399999999
1.2351468999999997
4.359336800000001
-5.484288100000001
8.741712600000001
8.474050299999998
-14.4331146
-10.0321271
-12.8562743
18.2809532
-3.6274946999999997
18.6045787
-18.8311704
0.8962953000000016
-1.1713528999999994
-2.5047160000000006
-1.153150700000001
-3.314101499999999
-16.426584000000002
-5.549967400000001
-9.5141311
11.7440535
1.9060415999999987
10.125715300000001
-10.6233736
-13.8148922
11.986292400000002
19.399929999999998
-9.467194099999999
6.274089699999999
15.1747485
-8.7168297
-12.8225151
-15.437849100000001
2.6217786999999997
5.144259200000001
-16.99512
15.781012700000002
14.488474900000002
-6.1184221
-18.645991
-3.149954
-15.5801552
19.2908461
12.191068500000002
18.2924362
-15.3700915
-19.2802683
10.0236849
-10.086435400000001
5.340965000000001
11.260685199999998
9.6254063
7.8055816
-7.4466147000000005
-14.207809600000001
6.0651134
-16.8588451
3.0412152000000017
-13.1513562
-2.151887999999999
10.875562
-3.1157436000000005
5.989337300000002
1.9126638999999976
19.0274763
7.274686000000002
13.362517400000002
-16.5930976
-13.1458386
-10.890527200000001
4.7494894000000025
2.0883179000000016
-8.5081737
-14.145302000000001
-11.6862753
0.40431970000000095
-14.358040599999999
-9.3417145
12.4917065
9.6942807
-10.720222199999998
18.7184611
-2.504958899999999
17.481276400000002
6.364337599999999
-4.7054638
-14.405002
-13.065135599999998
1.545704999999998
7.413377599999999
5.815977499999999
-11.1218282
-19.293609200000002
15.157322800000001
-1.6392972000000008
19.6601273
11.826140300000002
-17.5645749
-0.7471056999999997
-10.583706999999999
16.4116928
3.9173662000000014
-8.6947058
-19.228593800000002
1.9691579000000001
-2.1788238
-10.9742514
9.6489698
-12.2623471
-10.644719700000001
6.0810781
13.906928800000001
-11.5236422
-11.839085500000001
0.25419920000000046
0.49565369999999803
-10.274833899999999
-19.1407142
-1.2032945999999993
8.554401400000001
19.3249834
0.8113839000000007
14.639765400000002
19.0164593
-15.322609199999999
-14.281009599999999
-14.590888399999999
-17.6962668
-16.5404844
9.9933675
-15.9032603
9.6500201
-1.8726044000000002
5.700347700000002
13.949654599999999
-4.681382799999999
6.305119899999999
2.9152273999999987
-0.4190524000000005
18.771811200000002
-4.5571570999999995
0.4411403999999993
8.619938999999999
8.749892899999999
-16.062640599999998
-11.9611023
19.8816805
2.8574029999999992
4.22779
-18.1846464
-11.210993100000001
-16.367367899999998
13.4017355
17.7685064
-5.111388300000001
12.349985799999999
-5.454061899999999
3.136276600000001
-0.23842709999999898
1.2858136000000013
11.055884200000001
-3.2741235000000004
8.2025083
-5.522185099999999
-3.7505322999999997
10.286451099999999
5.617330499999998
0.19261349999999994
13.3293954
5.645789100000002
5.885246200000001
-17.6369574
13.701884
-11.8530447
-1.9157482000000003
11.990258399999998
10.970159800000001
-1.1547181
3.505883899999999
-2.5449898000000006
12.8919971
17.1608158
17.558937999999998
3.912794899999999
-0.6747215000000005
-12.2277286
6.5358619
-3.8389841000000002
-14.471231
2.023449099999998
15.524980399999999
11.306628700000001
11.337186999999998
-17.8960377
-19.113426999999998
-14.926798800000002
-7.368136600000001
-12.6828489
7.674217899999999
18.935975499999998
13.259250299999998
15.055182300000002
-18.941124
2.5618944999999984
5.0908599999999975
-19.743191500000002
19.4256819
-3.8583304999999997
-3.2025856999999998
6.5086007000000015
5.095894499999999
17.1934423
9.5255881
-12.4669559
-14.7633781
10.434281099999998
5.692532500000002
12.568929899999999
18.3432505
-4.9709745
-6.372327600000001
-19.6242727
-12.764963999999999
-3.279431099999999
6.881948200000002
-6.019586099999999
-7.7535625
-16.1253619
5.092651399999999
0.06675310000000081
-7.2791316
-11.836629499999999
16.7736322
11.602630800000002
5.471519699999999
18.635212000000003
1.061246900000001
-8.956890800000002
6.749829800000002
17.118926700000003
-13.1547372
18.28978
14.1422563
10.879915599999999
10.7992233
-13.9231585
-11.664230400000001
8.095282900000003
17.282729
1.0824976000000015
1.7279512999999997
2.7785896
0.1488363000000004
3.082251700000002
10.2280247
3.5217666999999984
-16.0186625
1.8532191999999987
16.6489516
-3.2912812000000007
12.8693975
-19.181939
2.605452399999999
-12.479802600000001
-2.8635519
-8.5116084
-5.7365661999999995
15.491296400000001
9.311762199999999
0.6245272999999998
19.7059233
11.931000800000001
7.310318400000001
-7.745694100000001
-1.3144192
17.0796215
-8.6662282
6.317944699999998
17.4991694
6.7938529999999995
-0.8871379999999999
-6.5663929
-19.7417119
12.272326499999998
-19.5748833
-12.5358108
-16.0731025
-6.845497
13.900739199999999
-7.408124399999999
-2.479326799999999
9.7125468
-6.530741599999999
-10.700061
-13.0240017
3.8454487000000017
-12.8954473
1.8608154999999988
-0.09268610000000081
9.5702614
12.368149699999998
13.7972761
6.091408900000001
-1.2561039000000005
5.615628000000002
3.010583999999999
-19.900608
-10.513378
-15.287440799999999
-5.3663447
13.257471599999999
-13.1595552
5.534105599999998
18.419622800000003
-14.0482799
-5.734958899999999
14.0617933
12.9534272
-1.650240899999999
1.0440212999999994
-4.569487099999999
9.972222000000002
-1.034263900000001
-5.5583024
-13.870536499999998
10.288883099999998
18.6306108
-13.157781700000001
-8.4907655
3.1870604999999976
-13.5828514
-6.4944381
14.066370700000002
15.032620299999998
12.0893383
-19.457719
10.829906799999998
15.4966358
-5.8987609
-17.636262
-15.711646100000001
9.727245200000002
15.624957
-6.256758500000001
-14.9611499
-16.3814269
-17.061911600000002
7.151881400000002
-17.358936200000002
9.4100504
-9.8956698
-5.366795199999999
2.3355110000000012
-17.8481129
9.6254608
-3.5675414
-5.4833232999999995
-13.459362200000001
18.5948388
0.9653843999999981
4.014987500000002
-11.5110419
-10.9182304
-15.3644381
8.9422327
12.300864999999998
-2.6547009000000004
-15.2001405
-13.7807138
9.801197900000002
-13.440871099999999
-4.1898854000000005
-15.0977245
-19.0751148
1.997857399999998
10.236356599999999
9.2241307
-19.1799224
18.1958301
11.053326299999998
-9.6500986
18.684972899999998
15.713671199999999
-17.7416068
-16.8916832
-5.486134099999999
1.1655013000000007
-4.9865056
11.154827100000002
2.0341337999999998
-8.9455059
13.247158800000001
-10.472083
18.423430699999997
2.951347799999999
-2.139454599999999
2.855841399999999
-10.4636835
6.233507500000001
-6.3255602
15.753737500000002
-8.1542373
-4.6222604
10.1171742
-17.4116712
-12.7252418
9.257967600000002
14.3981765
18.4207675
-1.9436589000000004
1.6212379999999984
-8.444652900000001
-12.5770569
-19.097024899999997
2.1745807000000013
5.806447800000001
5.219972200000002
-10.1247557
-7.5684851
-19.9490592
-14.0323047
18.029949499999997
-15.7544705
13.180479
-8.2967879
12.651051699999998
7.803134799999998
4.516807199999999
3.937847999999999
-7.540695100000001
9.458422099999998
6.220367200000001
-18.17099
12.006679100000001
-0.27392579999999955
-10.2726227
19.0925507
-11.2800506
0.7009344999999985
-11.2655844
10.419605200000001
16.676466
-14.606317100000002
13.632022200000002
19.289150199999998
4.345131599999999
-2.6054611999999997
-2.9423485000000005
-8.9021756
11.7775203
-5.1919018
-2.6774667999999995
11.174378
-6.905302200000001
13.079367900000001
-2.4883274000000006
12.0466687
-18.6020973
14.801345099999999
-16.2812818
7.748912399999999
-13.431487299999999
-16.2430679
2.353670400000001
19.1377906
-8.138995600000001
-6.5016119
-3.7419841
-19.5315679
15.777448300000001
19.8226347
-9.028374
-15.6986664
12.9238054
-2.9416731000000005
12.652031699999998
-4.357226800000001
13.586071000000002
-8.341013199999999
8.1410997
10.2619056
12.546233200000001
-9.9403518
-1.719227699999999
-16.9549196
19.9005698
-7.8571417
1.714057499999999
-18.1215795
-18.196966500000002
1.6289262999999983
-4.4445046
3.3736085000000005
-5.7479383
-14.560616399999999
-0.23613059999999905
18.9259496
-18.5806094
16.4704255
7.421602200000002
-3.959138600000001
4.229729400000001
0.8589220999999998
-14.7563672
-3.6611187999999992
1.2424569000000019
-8.8755555
12.8289293
-11.2904504
10.5793082
16.3814378
16.1017272
10.4210419
5.166472699999999
-18.2007665
3.8088805000000003
6.6751802
17.9813839
-5.7219371
-3.5804563000000007
-2.849653599999999
-8.6659129
-11.8932301
0.9204739000000017
16.6386096
1.4949650000000019
8.000763900000003
-16.9243016
-11.3689748
6.5841669000000005
-1.3236167999999997
5.706663699999999
-13.249281799999999
-7.0522208
-14.423140899999998
7.787411499999998
15.030070999999998
-8.141576800000001
4.939376200000002
12.528575700000001
-11.2978775
-11.556167599999998
-5.3579009
-5.709157
8.536625199999998
-1.8822586000000001
-15.137629200000001
11.814591300000002
3.4067081999999984
17.504476399999998
7.356352499999998
-11.1508513
-9.4510158
-16.550994
13.647878
-19.2338211
-16.071781700000003
13.523237199999999
-6.409521299999999
-6.4602875
-6.384660200000001
0.4354989999999998
-6.0598288
19.626873300000003
-6.053016399999999
13.691619099999999
-16.1941137
15.146820899999998
7.4109700000000025
-3.0449434999999996
-18.0822382
10.9987515
-7.2289319999999995
8.4015566
8.3066703
18.8316453
-9.3587546
-12.3593083
15.442572799999999
16.4902022
7.5406979000000005
3.2896047
-3.683520900000001
2.3280585999999994
-12.308231900000001
-18.2186931
6.345625100000002
10.462812800000002
-12.0796901
16.6869018
5.756051200000002
-19.0112788
-6.3247378
-13.1604831
6.257584200000001
-12.8859169
-16.7867346
-1.8357843000000003
-17.0770698
-18.2809385
17.7192808
9.269492799999998
4.747559099999998
7.8661648999999985
10.009294500000001
-7.557464700000001
1.5690929000000005
-10.142317799999999
1.019631300000001
-19.245834
2.3600736000000007
-1.6202747999999998
-16.436647699999998
8.526305900000002
-5.820396499999999
5.381986200000001
-15.0427334
19.0330147
-1.0133751000000006
9.769116100000002
-12.2409601
-3.419079300000001
-18.7416736
-15.8171803
-2.1335294
5.357204900000002
14.084581199999997
-16.955516
2.873071500000001
-7.188280099999999
2.0543264
5.054614900000002
-3.3740068999999995
-9.429736600000002
-14.3442875
-3.1761329999999997
-15.5429963
10.2878707
9.7457618
-10.382944700000001
9.819629799999998
-5.287376699999999
-18.9494704
7.269867
1.3988437000000022
8.115926599999998
13.600833999999999
14.835566399999998
-10.0013325
10.248732799999997
-9.755235800000001
-17.4624442
-10.255007500000001
2.0400372000000018
12.440637200000001
-2.5141346999999996
-7.501885
-8.7628153
10.1488832
3.192971200000002
-6.910729899999999
0.28236180000000105
-13.8431416
-14.84531
-2.788056200000001
8.8083239
-6.942649899999999
15.049970100000001
14.9674482
17.851326
14.5770449
13.1470645
3.5186146999999983
-17.7805162
-17.0219269
12.879190600000001
13.235963000000002
0.2773541
-7.269784899999999
0.3862506000000008
-8.9878055
19.852700100000003
-6.309710299999999
-2.8559222999999996
0.41913880000000064
11.585963900000001
-12.394234200000001
-14.057276000000002
-0.3830581000000006
15.338475899999999
-19.3794682
18.2723737
-6.423744500000001
-12.471290100000001
18.328717400000002
18.0838777
10.8201339
4.8378890000000006
-2.780700999999999
18.282891
-11.5789194
-7.3322604
16.0055933
-10.0518939
-17.8275351
-8.778637000000002
2.2208053000000016
4.9107398999999985
-18.913526400000002
15.660808600000001
0.5218589999999995
-17.8938754
-9.0672436
-14.948929399999999
3.905176200000001
-13.6779459
-19.606354
2.6808462999999985
6.695078499999999
18.1564574
-9.5806126
-3.3307934
-19.838482799999998
8.7842942
-14.752233499999999
-19.871761
16.7442305
-0.3879207999999994
-5.668896299999999
-3.148619000000001
8.894232699999998
6.307508699999999
9.089625500000002
16.894506
5.623227400000001
-18.1663903
-13.2798992
0.24140509999999948
-17.197492999999998
-17.2709117
2.9471244999999997
1.6535870999999998
19.4187973
6.393960600000001
18.4821091
-8.6511911
13.577574399999998
18.7424183
17.2580556
-5.964458199999999
-4.803083300000001
-17.4983432
3.420603500000002
17.352104100000002
-10.8907037
1.6804647999999998
-11.7655589
1.1412118999999985
10.7496252
11.259747900000002
-16.089623000000003
18.7672199
9.921387300000001
6.4780546
14.725659799999999
19.2612424
-3.144297200000001
1.0589094999999997
16.3276368
-6.151721
-0.47010140000000095
3.8291832999999995
-17.6417681
-7.1759393
-16.9646946
-16.275260499999998
11.144331200000002
-15.3297962
-5.1606252999999995
-5.688133700000001
1.4650945000000002
-17.778261
3.4341336
-6.831886099999999
3.146426499999998
2.2434087
13.7265571
4.073479299999999
-3.0883592999999996
-10.669924700000001
-8.663156100000002
11.8492934
15.531865200000002
4.4447386999999985
7.726793600000001
14.100411600000003
7.445186899999999
-3.3735474
-16.8862759
-18.622263
-0.9532621999999992
-11.5031158
-10.3914583
-6.9077063999999995
-8.3878915
6.573290999999999
12.386759499999998
-0.6369457000000012
4.2981890000000025
-8.7204789
-1.3557064999999988
14.652312299999998
-5.049207699999999
-16.4457522
-14.2337609
-13.1793435
-11.2701683
1.6465273999999999
-9.856494300000001
-7.150629200000001
-10.0478369
-18.435773400000002
13.110077500000003
16.905818800000002
19.5082701
-8.3747442
14.669972499999998
17.2592759
-14.7284916
-8.3987814
15.7676793
-10.8558864
7.031749300000001
6.499618599999999
-7.2490319
16.869612699999998
6.8159107
-14.034521199999999
1.0088133000000017
-10.2405952
12.5761521
-6.1954324
-17.5207628
-13.039650799999999
-8.0480071
-7.971899800000001
-3.1076045
-17.1029179
18.0364881
10.164696800000002
10.497923500000002
7.9199928
-10.037713199999999
-2.4442904
16.591201299999998
14.240439500000003
16.8969479
-13.231934
17.0308052
-13.295012299999998
-8.580064400000001
11.7024183
4.158846600000001
-13.0154386
-1.0225557000000003
-15.4723363
6.7677603
-16.5109554
1.203729699999999
-15.361869200000001
14.318461900000003
3.0523738000000002
1.0464064999999982
-11.1745236
-2.320213799999999
-4.4254397999999995
0.16648030000000064
-12.033498300000002
19.913750500000003
11.526149099999998
-0.3388824
14.718489800000002
16.3030818
-5.9618174999999995
4.974386300000001
7.626291099999999
1.5245780000000013
-15.0223649
12.488330000000001
15.165836100000002
9.3051942
4.7867688
1.3676492999999983
-15.915523
-11.3554853
-13.3681546
-13.0355261
-3.5425370999999997
13.316189300000001
15.4053109
-12.569288299999998
15.320994999999998
18.334806800000003
-9.8151978
13.424135900000001
-18.9670399
-3.9095919000000006
-4.9725803
2.7224179000000004
-19.0731091
-12.4125263
17.5625963
-0.5096765000000005
-12.264928500000002
10.373084899999998
5.937264399999999
15.608445900000001
-16.8113292
-15.588468
17.648353200000003
8.869482499999998
-9.7785585
-16.8276417
-7.0865617
9.912531699999999
18.275898400000003
-6.430355500000001
14.950654800000002
-14.363690000000002
19.380877799999997
-9.8425801
16.374943
-4.3063021
-19.8384339
13.749640800000002
-2.5897974999999995
7.106183299999998
16.897811700000002
2.795889400000001
-12.830880299999999
-10.835441799999998
14.883058099999998
-5.9336400000000005
10.893802
4.4988851000000025
5.634393
0.5239354999999978
-11.1183173
16.5065171
-8.4507649
12.6763427
5.438153099999999
-18.937690399999997
-7.680235700000001
13.930983500000002
0.6221792000000005
-16.5830801
4.869909600000001
-10.2034081
6.1154961000000005
9.9855643
5.109665599999999
15.768111699999999
1.400329999999999
-1.7902413000000001
-2.099966400000001
-4.9364076
7.913178400000001
3.035742100000002
-2.391179199999999
17.6724993
18.471203300000003
-8.2968255
2.5259004000000003
7.093733000000002
-11.225824499999998
-13.525153500000002
-9.9190374
2.9133925
-13.6635692
3.4693865000000006
6.885250700000001
-8.2595435
-9.0513618
4.291010000000001
8.396143000000002
-15.5395359
18.797234
2.2986499999999976
-2.8742164000000003
9.032419599999999
-6.0764155
-4.8268904
-3.3067316000000004
-18.177593899999998
12.673150099999997
15.635264900000003
1.8393109000000003
15.070169799999999
-9.209193299999999
3.328563600000002
4.137428500000001
13.398888499999998
-18.523750500000002
9.888664100000002
17.020599200000003
3.504005299999999
-10.1973209
-14.5396117
-17.3912826
-1.5085437000000002
-9.257378699999999
-8.2570405
-2.3786194999999997
19.872695800000002
9.493498500000001
-10.028723300000001
-1.6105393000000003
-3.3414607999999997
4.310249899999999
3.8402475000000003
12.488164999999999
11.241174599999999
-6.193503800000001
2.1017507999999996
-10.524510399999999
10.445196900000001
-9.7897411
17.1782375
0.5392003000000023
15.122094200000001
-0.28590279999999896
0.04538950000000114
17.297345099999998
19.431355600000003
12.2358817
7.4107305
12.697899900000003
-11.885876399999999
-11.4298741
-13.4484153
6.342472400000002
9.6446356
-6.529490599999999
18.5716277
-4.089345699999999
12.9463553
5.0786837999999985
-8.8560214
10.667169300000001
8.360646299999999
0.7201378999999997
-0.3981589000000008
-16.4474476
-9.3235884
16.966304599999997
11.7384947
-14.0610612
8.185668399999999
-12.285008
5.711683699999998
-19.0518014
-9.8081723
-5.2201142
6.6118901
-11.3613031
8.121277799999998
11.4520507
-9.286849
-16.515272
3.4246704
9.9902662
-13.0754663
-11.4490864
3.2172834000000012
-1.0958313999999996
3.9882452999999987
10.5978926
-4.327569499999999
-16.3816483
-15.8908943
-1.6300118999999995
-10.2958862
13.598608899999999
-14.1845393
-15.027345599999999
-1.2696480999999995
-14.0094687
6.773042799999998
18.001663100000002
-5.0905374000000005
-7.9742337
-4.280668499999999
4.179519700000001
-17.7954195
-15.3003078
10.0584256
-8.716148700000002
-10.454725600000002
-4.427488100000001
-8.040144
18.2971047
-3.8739320999999993
-19.258910800000002
7.944326000000001
-11.307076400000001
6.882324100000001
3.338141599999999
5.675967700000001
-1.7384349999999995
9.280967300000002
-10.303273899999999
-19.0201964
-12.6517085
16.6931431
-2.915053600000001
-13.5695019
8.1953982
-10.3237932
-12.536987100000001
-5.817691400000001
-11.4488885
-9.7353024
-10.3029377
-11.6069256
-15.5062569
-6.8778019
15.250453200000003
11.658517299999998
9.086813200000002
-12.165179600000002
-3.499577200000001
19.268218400000002
4.189375399999999
0.599356600000001
-2.413672899999999
-4.015538200000001
-12.969002500000002
14.322968900000001
8.2647444
14.922189199999998
-3.4274207999999997
14.680845599999998
0.2653395999999998
16.0151535
3.623516800000002
-11.434147600000001
-1.3605657999999994
-18.2870016
5.695609599999998
-19.6860795
-0.535801100000001
17.494445999999996
11.180604899999999
17.987245400000003
-1.150626400000001
-2.3040236000000003
-2.6472620000000004
3.832209200000002
-4.828086699999999
-8.7637824
18.4196274
14.678854700000002
-7.5921145
19.6371654
19.2271913
-9.667052900000002
14.918568300000002
6.156944199999998
-18.7474718
15.816073099999999
5.978253500000001
18.008219699999998
-8.586157499999999
-6.1963212
9.3243462
5.1079185
3.611172200000001
2.079614099999999
-5.2967136
13.073811599999999
-15.7186553
-4.8207889999999995
0.5430103000000008
-7.945769299999999
-8.2192178
11.951033299999999
-11.1964312
-18.4222171
-16.218944099999998
-17.3471175
-17.8312836
7.683727100000001
16.4257452
12.369675499999998
-8.157988499999998
-12.414176099999999
-17.9594787
-10.168097
-5.8845921
-9.854865499999999
5.8057906999999975
11.275876400000001
-12.5976528
-19.1884179
12.4286465
15.6889237
-13.938083900000002
2.729545600000001
19.2122392
5.968975799999998
6.7443172
9.907685299999999
-13.940944
9.2845716
-11.5666409
18.4111979
18.7632724
-3.9762561000000005
17.7557768
10.8557688
2.508583100000001
-9.7151895
14.875020599999997
-7.008243500000001
-1.1240263000000004
3.5262156000000004
-13.9661018
-11.895532800000002
16.9843829
