0.51988
0.5782
-0.86659
0.50067
0.37439
0.43412
-0.4612
0.05254
0.17953
0.67219
-0.36286
-0.76633
-0.40914
-0.70481
-0.51173
-0.65987
-0.55769
-0.32019
-0.16489
-0.04015
-0.5056
0.45136
-0.22432
0.41779
-0.04001
-0.2807
-0.73444
-0.49651
0.23048
-0.03711
0.68463
-0.12782
-0.28307
0.538
0.28261
-0.29167
0.58783
-0.03409
0.332
0.06551
0.88414
-0.19464
0.44111
0.11706
-0.11255
-0.3929
-0.3101
0.47685
0.22261
0.91673
-0.11882
0.03167
0.29561
-0.26663
0.16434
0.42546
0.0899
-0.3475
0.28627
0.05736
-0.65914
-0.16303
-0.06115
0.32078
-0.51077
0.34072
-0.04155
-0.87793
-0.33543
0.07237
-0.46674
0.15221
0.33519
0.39601
-0.41359
0.68307
0.77291
-0.2141
0.14963
0.75303
0.18261
-0.09329
-0.00583
-0.33536
-0.10439
0.12446
-0.44518
0.54863
0.05317
-0.1865
-0.36218
0.53433
0.33154
0.72575
0.08411
-0.37562
-0.71592
-0.17276
0.37464
0.85014
-0.28668
0.31476
-0.54959
-0.91351
0.1054
-0.37695
0.49922
-0.28983
-0.64431
0.00106
-0.72546
0.3842
-0.24453
0.77806
-0.54713
0.24101
-0.11058
0.58852
-0.40713
-0.39906
0.71347
-0.48162
-0.61661
0.12554
0.14624
-0.38559
-0.07381
0.5423
-0.10052
0.12918
-0.75288
0.32937
-0.32021
-0.21165
0.21377
-0.04123
0.42851
-0.32489
-0.2206
-0.3444
0.55578
0.54474
-0.24229
0.1892
-0.052
-0.89628
-0.6072
-0.7057
-0.45069
-0.68586
-0.32675
-0.88379
-0.26058
-0.57244
-0.42756
-0.34393
0.13977
0.7954
-0.6256
-0.80843
0.85293
-0.75927
0.39605
0.14881
-0.02016
0.21469
0.48473
-0.01497
-0.25922
-0.0744
-0.44114
-0.77459
0.58454
-0.10642
0.00972
-0.27202
-0.43934
-0.69614
0.69839
-0.58079
-0.54744
-0.91018
-0.41386
0.5336
0.33905
-0.58415
0.70712
0.01908
-0.26817
0.14555
0.28576
-0.60731
0.02721
-0.72226
0.92949
0.51501
-0.46506
0.32392
0.8414
0.49612
-0.44807
0.46983
-0.63392
0.62759
0.02325
0.27172
0.36427
-0.18275
0.01562
-0.0834
0.62328
0.61334
-0.03909
0.16601
-0.349
0.07816
0.66677
0.1508
0.74758
0.47406
-0.0348
-0.46878
0.81407
0.75136
0.6627
-0.30849
-0.78677
-0.11968
0.46158
-0.75979
0.09226
-0.2926
-0.62419
0.17983
-0.08197
-0.85049
-0.20853
-0.78204
0.04623
-0.40273
-0.0718
0.44048
0.25601
0.52334
-0.41287
-0.11791
-0.14455
-0.71292
-0.36678
0.32726
-0.35481
-0.22078
0.01546
-0.48868
0.69369
-0.49774
0.23082
0.12655
-0.27296
0.57026
0.48515
-0.32207
-0.50289
-0.20351
0.02542
-0.34304
-0.34891
-0.01125
0.07237
-0.42494
-0.68185
-0.26076
-0.4943
0.50209
0.43542
0.06663
0.1574
0.33327
0.43143
-0.38337
0.42089
-0.47163
0.33931
0.21357
0.65629
-0.26874
0.30137
-0.3853
0.29662
-0.07712
-0.03424
0.76096
0.67881
-0.65982
-0.04439
-0.12012
-0.85849
0.41142
-0.38497
0.1535
0.35925
-0.43759
0.48445
0.7025
-0.56677
0.32469
-0.15333
0.0149
-0.01171
-0.07868
0.47115
0.01985
-0.36331
0.74658
-0.8153
0.00863
-0.43054
-0.27644
0.03169
0.55747
-0.16989
0.22677
0.48355
-0.49129
0.53738
-0.7224
0.09302
-0.42095
0.70549
0.35417
0.23404
0.51501
-0.63734
-0.46779
0.77958
-0.27963
-0.52092
0.42853
-0.36005
-0.24754
0.92908
-0.50763
0.87971
0.37337
0.16399
0.62593
0.41238
-0.93832
-0.5025
-0.42914
0.79998
0.22403
0.32991
-0.73606
0.02877
-0.47828
-0.16079
-0.52035
0.67255
-0.14093
0.62771
0.29624
0.03774
0.85332
-0.17722
-0.41486
0.44655
-0.94302
0.10121
0.3914
-0.17686
-0.74573
0.33096
0.92844
-0.50574
-0.28457
-0.24496
-0.20582
-0.1257
-0.09883
0.05685
0.59632
-0.60988
-0.26716
0.72402
0.74824
-0.88347
0.22852
-0.40266
-0.05628
-0.17765
-0.27553
-0.02543
-0.67424
-0.80234
-0.08518
-0.78691
-0.01908
-0.49524
0.0789
0.41384
-0.40186
-0.47112
0.75532
0.31565
-0.0214
0.14496
0.23828
-0.6931
0.62587
-0.78566
0.55663
0.19801
-0.30212
0.41265
0.50036
-0.25719
0.243
-0.01547
0.76306
0.25142
-0.45322
0.40224
0.75656
-0.26177
0.63095
-0.58911
0.31696
0.22053
0.00598
-0.89436
-0.2542
0.61566
-0.47488
0.13658
0.23038
-0.46832
-0.09971
-0.50767
-0.74966
0.28727
0.40264
-0.47224
0.49259
0.39179
-0.1331
-0.25487
0.11077
0.01696
-0.61726
0.24748
-0.22306
-0.84625
0.23146
0.58488
-0.16945
0.24435
-0.22895
0.3976
0.85229
0.25354
-0.35004
0.51194
0.10232
0.0707
-0.32708
0.45129
0.42377
-0.91508
-0.02151
-0.4553
0.77327
0.3571
0.47104
0.06067
0.26301
0.37945
-0.08109
-0.61694
-0.33402
0.21354
0.75301
-0.24471
-0.54497
0.24933
0.09184
-0.32762
-0.91757
-0.7608
-0.49402
0.67687
0.74356
0.4163
0.11652
-0.39947
-0.13928
-0.02675
-0.04935
-0.06665
0.54986
0.19964
0.67916
0.36353
-0.39536
-0.08331
0.27725
0.18024
0.07928
0.90032
-0.41982
0.16446
0.28073
0.11823
-0.90709
0.52764
-0.17195
-0.60651
0.27175
-0.16264
-0.09534
0.12745
0.39685
-0.31387
-0.57547
-0.27585
-0.15311
0.19709
0.51874
-0.56955
-0.13893
0.76705
0.58333
-0.43186
0.86495
0.14374
0.52895
0.64843
0.72767
0.29344
-0.52156
-0.47797
-0.17628
-0.56639
0.64293
-0.52753
-0.17466
0.86486
0.15552
0.10029
-0.10531
0.8343
0.72793
-0.55449
-0.59175
0.30826
-0.38847
-0.41626
0.41909
-0.45072
-0.66786
-0.26092
0.92076
-0.21273
0.64195
0.90302
0.83083
0.1478
0.43311
0.85384
0.53834
0.21663
0.29282
0.34604
0.84054
0.18552
0.06244
0.18985
0.57855
0.33187
0.90385
-0.20631
0.43108
-0.12568
0.23133
0.01637
-0.10185
0.14615
0.24076
0.13536
-0.2129
0.02706
0.0742
0.23052
-0.76047
0.53794
0.41065
0.16245
-0.36259
-0.31697
0.65711
-0.22479
0.55726
0.26626
-0.2734
0.32823
0.57082
0.01792
-0.80148
0.00842
-0.50596
-0.69168
-0.54118
-0.75469
-0.13673
-0.12267
0.41216
0.74205
0.47366
0.04847
-0.29317
-0.73551
-0.22169
-0.5494
-0.35975
-0.41926
-0.58367
0.00804
-0.51901
-0.53461
-0.26434
0.00084
-0.33195
-0.21346
0.43592
0.62202
0.70407
-0.07576
-0.01952
-0.04793
0.12719
-0.56448
-0.47838
0.18482
0.28591
-0.70738
-0.04964
-0.89139
-0.23617
-0.1997
0.01505
0.86344
0.44265
0.1241
-0.8126
0.37054
-0.3288
-0.02728
0.59178
-0.34585
0.59516
-0.87299
-0.73129
-0.49758
0.62554
0.03374
-0.17862
0.45221
-0.29546
-0.13951
0.70592
-0.00106
0.72954
-0.74926
0.10263
-0.44022
0.86985
0.31526
-0.12652
-0.00686
-0.04825
-0.10894
0.7473
-0.64748
0.50769
0.05497
-0.13726
0.13955
0.0135
-0.04653
-0.04848
0.00484
-0.26827
0.48324
-0.697
0.49569
0.70211
-0.67026
0.31227
-0.55064
0.53907
0.20257
-0.22564
0.11352
0.22079
0.26612
0.69715
0.78682
0.34559
0.34204
0.34311
-0.33942
-0.91284
-0.66501
0.45094
-0.24098
0.5977
-0.40375
0.2899
0.27389
-0.74578
-0.15164
-0.32359
0.13638
-0.04793
-0.02313
0.0642
-0.09719
-0.39136
-0.25291
-0.01508
0.33946
-0.38222
0.34928
-0.44248
-0.40164
0.20922
0.53331
-0.06665
-0.35422
0.41506
-0.6125
0.56547
-0.3553
-0.39739
0.41922
0.93279
-0.61545
-0.66917
-0.35816
-0.68492
-0.80768
-0.39645
0.8129
-0.2371
0.65252
-0.72848
-0.47956
-0.1227
-0.61076
-0.11382
0.53936
-0.60666
0.77803
0.29478
-0.42122
0.3527
0.79752
-0.27197
-0.67121
0.24634
0.33524
-0.02834
-0.00361
-0.24389
0.21648
0.89002
0.34254
-0.31673
0.08313
0.42282
-0.60474
-0.12979
-0.63245
0.43682
-0.20147
0.43894
-0.29537
-0.10867
-0.42386
-0.13562
0.31445
-0.1123
-0.08512
0.70634
0.22185
-0.35506
0.69746
-0.0248
-0.20459
-0.72793
-0.44209
-0.51189
0.6957
0.47491
0.10794
0.15821
-0.70513
-0.03798
0.32353
-0.47335
-0.18082
0.84554
0.74912
0.00528
0.05406
0.6385
0.07469
0.77844
0.15244
-0.43898
0.30223
0.02607
-0.87142
-0.59977
-0.58168
-0.11182
-0.32423
-0.49909
-0.62866
-0.47904
-0.2377
-0.26076
0.1159
0.37441
0.62098
-0.75042
0.43483
-0.38559
0.34482
0.13087
0.03494
-0.65869
-0.62426
0.37115
-0.08789
0.25519
-0.7806
-0.3325
0.35997
0.48542
0.0842
-0.2121
-0.20445
0.02657
-0.80431
-0.17878
-0.09281
0.36761
0.69501
-0.40521
-0.57363
0.36432
-0.37816
-0.67781
0.06225
0.42748
-0.19796
-0.10773
-0.23417
0.6114
0.22238
0.75586
-0.3603
0.66899
-0.33846
-0.51704
-0.23195
0.07285
0.29676
0.8288
-0.81828
-0.5873
-0.03911
0.69419
0.40134
-0.60216
-0.65958
-0.26405
-0.70717
-0.26808
0.03138
-0.34515
0.1577
-0.31028
0.37872
-0.02683
0.63257
-0.32314
-0.38023
-0.00641
0.84463
0.49098
-0.19779
0.24437
-0.0001
-0.24281
0.12518
-0.02274
-0.18874
0.22931
0.23613
-0.05031
0.25733
-0.75876
0.01178
-0.13474
-0.28075
-0.14336
0.84721
0.44016
-0.30149
0.63363
0.57603
-0.51103
0.77706
0.13697
0.42223
-0.76214
0.31469
0.05989
-0.22194
-0.55357
-0.84666
-0.14453
-0.24892
-0.32563
0.0176
0.10775
-0.1419
0.74779
0.50949
0.52972
-0.88708
-0.68857
-0.63658
-0.73387
0.6896
0.75945
-0.7737
0.48191
-0.51339
-0.8101
0.25096
-0.70214
0.26107
-0.37348
-0.00046
0.06697
0.13949
-0.12276
-0.61465
-0.55737
-0.48075
0.41598
-0.44524
-0.14373
-0.77047
-0.75868
-0.35658
-0.33266
0.8076
0.67381
0.25666
-0.12167
0.17458
0.25424
-0.16815
0.76052
0.20571
0.67115
-0.94247
-0.43465
-0.02639
0.29212
-0.55221
-0.92681
-0.39199
-0.24426
0.36034
0.79286
-0.51475
-0.21457
0.84032
0.18123
-0.69605
0.09692
-0.8006
-0.12705
0.22248
0.82584
-0.79601
0.31376
-0.67248
0.47201
-0.53259
0.79277
-0.37296
-0.17725
0.15641
-0.52833
-0.28862
0.50277
0.18097
-0.77159
-0.63262
-0.07174
0.87784
0.38723
0.71269
0.23268
0.52933
0.11561
0.44098
0.36576
0.29289
0.04406
0.51286
0.28462
-0.4012
-0.18628
0.32896
0.61911
0.59139
-0.45016
0.40454
0.07104
-0.04969
-0.57807
0.38439
-0.38103
-0.7203
0.35959
-0.04816
0.01916
0.16488
0.03819
0.11478
0.18349
-0.69746
0.28419
-0.31016
-0.35635
-0.02583
-0.32178
-0.3164
0.65474
-0.22317
-0.76107
-0.15694
0.71299
-0.32119
0.37018
-0.09167
0.40285
-0.00599
-0.209
-0.38013
-0.07423
0.64099
0.32227
-0.75903
-0.51629
0.19906
0.59085
0.58057
0.36792
0.70234
-0.66591
0.0773
0.49228
0.13602
0.67069
-0.47657
-0.58612
-0.46346
-0.41087
-0.34919
-0.50043
0.13013
-0.11969
0.00324
0.13356
0.16723
0.09202
-0.51706
0.8175
0.40451
-0.74206
-0.74988
0.30191
0.1727
-0.69489
-0.08542
0.54118
-0.80124
-0.42568
-0.06148
0.53968
-0.31836
0.68222
-0.86451
0.02271
0.35159
0.26324
0.53209
-0.47087
0.64839
-0.04942
-0.88488
0.67563
-0.16085
-0.32152
-0.42101
0.14039
0.55194
0.56566
0.25938
0.21516
0.00808
0.64463
0.45372
0.5225
0.51875
-0.18255
0.4845
-0.25664
0.19369
-0.57789
-0.58774
-0.402
-0.38476
-0.18915
-0.78831
0.73529
-0.52602
-0.75049
-0.62402
0.28556
0.46595
0.59826
-0.64861
-0.18505
-0.07269
0.62217
0.74431
-0.4164
-0.61548
0.45162
-0.33599
-0.74483
-0.73334
0.78295
0.83041
0.44416
-0.28798
0.7221
0.09373
-0.57069
-0.48093
0.51254
-0.05678
0.75582
0.32397
-0.70961
0.07795
-0.84658
0.79928
-0.00272
-0.1282
0.18838
-0.41271
-0.51217
-0.1108
-0.72502
0.14694
0.52026
0.29189
-0.39385
-0.5564
-0.68552
0.43841
0.24657
-0.30713
0.09794
0.77872
-0.83314
0.68611
0.43669
0.37188
0.56989
-0.27258
0.29308
-0.21838
-0.47264
-0.83111
-0.12809
-0.03002
0.37261
0.60402
0.63119
-0.91458
0.57142
0.49699
0.22865
0.42738
0.04925
-0.47627
0.12389
0.41019
-0.18397
-0.46056
-0.88721
0.42944
0.71034
0.88378
0.1697
0.34071
0.1547
0.01874
0.63828
0.07897
-0.14264
0.53826
0.22878
-0.69205
-0.77956
-0.11832
0.3447
0.09679
0.15924
0.70671
0.48457
0.52331
-0.56537
0.75091
-0.43379
0.35926
-0.06442
0.3428
-0.7377
-0.63624
-0.64219
0.79094
0.64035
-0.44458
-0.36466
-0.76374
0.31623
-0.41798
-0.08707
-0.52834
-0.46491
-0.02823
-0.16658
0.17238
0.03323
-0.79838
0.10969
0.35576
-0.55209
-0.52327
-0.23208
0.35388
-0.70448
0.54844
0.85261
0.49409
-0.29751
0.39993
0.82311
-0.28307
-0.15917
-0.06444
0.06678
-0.35278
-0.60378
0.40144
0.65556
-0.25085
-0.66792
-0.58113
0.77857
0.5533
-0.71828
-0.81184
0.04238
-0.87436
0.2478
-0.70924
-0.77528
-0.13163
0.38297
-0.41129
-0.59162
0.40995
0.09222
0.42603
0.02323
-0.25957
0.12985
0.01705
-0.26394
0.82653
-0.23511
-0.18209
0.70901
0.28306
-0.37401
0.90549
0.61773
0.11181
-0.72167
-0.28097
0.69465
-0.03421
-0.31801
0.13351
-0.38112
0.40694
0.20904
0.69544
-0.01884
-0.94819
-0.54662
-0.82299
0.08313
0.60207
-0.41348
-0.22079
0.62161
-0.39472
0.52849
0.21608
-0.11175
-0.21187
0.36413
-0.60273
0.55708
-0.61497
0.28503
-0.17524
-0.14122
0.22561
-0.07097
0.87065
-0.281
0.81225
0.68458
0.30197
0.20563
0.22584
0.02915
0.03369
-0.73649
0.08045
0.32344
0.91718
-0.16293
-0.63403
0.4774
-0.50903
0.0124
0.44892
0.34194
-0.87991
0.21472
-0.36838
0.54858
0.28718
0.24435
-0.61763
0.69336
-0.6097
-0.43257
0.08119
-0.20229
-0.60822
0.15464
0.2763
0.92867
0.15205
0.24208
0.83429
-0.33344
0.28405
0.30089
-0.57592
0.12007
0.15443
0.55429
0.78816
0.3879
0.26442
-0.40578
0.90065
-0.70792
0.34395
0.85156
-0.41447
-0.60525
-0.42168
0.69921
0.96324
-0.87977
0.73503
-0.1706
0.24526
-0.12342
0.04478
0.57524
0.84591
0.02707
-0.53305
-0.01879
-0.81696
-0.18836
0.49872
-0.22258
-0.44761
0.05362
0.32386
-0.59673
0.1291
0.62952
-0.26416
-0.88487
0.53471
-0.1003
0.5553
-0.76412
-0.60374
-0.48017
0.0901
-0.89913
0.58212
0.13092
-0.88041
-0.13685
0.23809
0.16847
0.09685
-0.21296
0.48386
-0.22734
0.09833
-0.14377
0.57968
-0.52808
0.3194
0.8279
-0.44264
0.01033
-0.52536
0.58289
-0.2717
0.03767
-0.38769
0.07184
0.46108
-0.48913
-0.62005
0.09521
0.25957
-0.46606
0.2781
-0.66743
-0.90516
0.23329
0.91966
0.2285
-0.09955
-0.78741
0.25973
-0.49081
-0.76845
-0.80963
-0.04032
0.23922
-0.66633
0.83574
-0.78807
0.65891
0.21485
0.03327
0.20124
-0.43096
0.35533
-0.67217
0.37897
-0.2309
-0.7322
-0.2374
0.73639
-0.11984
0.8162
-0.12601
-0.04797
-0.43252
-0.392
-0.39719
0.60116
0.19656
-0.12378
-0.15945
0.0367
-0.73666
0.17874
-0.02475
-0.86397
-0.24117
-0.85466
-0.3317
0.05084
-0.11668
-0.0747
-0.29778
0.37707
0.62575
-0.20424
0.17751
0.55351
0.0291
-0.11278
-0.34805
0.05687
-0.80293
0.44353
0.0186
-0.6278
0.07562
0.74432
0.27733
0.05248
-0.08078
-0.29972
-0.13848
-0.3936
-0.43749
-0.53585
0.25643
-0.41969
0.76129
0.46877
-0.48482
0.74474
0.30276
-0.89302
0.34735
-0.14594
-0.47942
0.19956
-0.88225
-0.62499
-0.03321
-0.38243
0.30709
0.38598
-0.00624
-0.6396
0.55692
0.533
0.75364
-0.92985
-0.25953
-0.8014
0.33306
-0.42865
-0.62505
0.41408
0.14244
0.64748
-0.69194
-0.53281
-0.83857
0.44234
-0.15344
0.57305
-0.22556
0.85626
-0.70646
-0.08552
-0.53032
-0.72101
0.12051
0.08039
0.09572
0.25576
-0.09747
-0.4726
0.14579
-0.41949
-0.48001
-0.86489
0.08166
-0.59086
-0.2505
0.38566
-0.06928
-0.0438
-0.23837
-0.27986
-0.66433
0.03675
0.29309
0.17876
-0.11877
0.43226
0.75399
0.76794
-0.01621
-0.58991
0.38594
0.0481
-0.25214
-0.28064
-0.12124
-0.22048
-0.0837
-0.36991
-0.05943
-0.18407
-0.66642
-0.47165
0.41353
-0.18834
0.14864
0.83504
0.06288
-0.15703
-0.52633
-0.37814
-0.61049
-0.28654
-0.86317
-0.6778
-0.65273
-0.13336
-0.1351
-0.49994
-0.90224
0.90259
0.58777
0.50157
0.42389
-0.4073
-0.85561
0.0031
0.54158
0.09404
0.57066
0.28087
-0.60968
-0.56068
0.646
0.31451
0.48558
-0.08816
-0.19851
0.70681
0.25214
0.0712
0.63393
-0.53331
0.72535
-0.19201
-0.45055
0.14002
0.22775
0.50513
-0.17095
-0.89188
0.12019
0.12542
-0.2205
0.03951
0.55016
0.11615
0.76309
0.57085
0.3207
0.63818
-0.10767
0.6495
-0.24981
-0.54662
0.15117
-0.17388
-0.41308
0.3823
-0.80192
-0.0019
0.43744
0.24975
-0.27991
-0.04538
0.1533
-0.476
-0.58072
-0.61508
-0.41292
0.35126
-0.5561
0.028
0.50801
-0.815
0.27212
-0.12347
0.22504
-0.69212
-0.09629
-0.37166
0.54362
-0.02636
-0.06736
-0.41643
-0.81207
-0.15956
0.67775
-0.04524
-0.21891
-0.87651
0.22752
-0.36847
-0.3538
-0.39016
0.38272
-0.37157
0.23689
0.20178
-0.01628
-0.11546
-0.58075
-0.16693
0.10923
0.13393
0.7033
0.87883
-0.72054
0.06663
0.59161
0.26295
-0.51024
0.80311
0.18859
-0.79813
0.34158
0.07309
-0.73172
-0.12038
-0.57372
0.45164
-0.04638
-0.04169
0.08933
-0.66892
-0.04741
0.66804
0.63224
-0.15118
0.08924
-0.0697
0.82757
-0.65113
0.71372
0.32211
0.85082
0.43863
-0.10457
-0.07033
0.12849
0.40558
0.2277
-0.52787
-0.0504
0.17335
0.6272
0.06762
-0.65152
0.79017
-0.38865
0.06486
0.93548
-0.07145
0.42511
0.21068
0.59865
0.87733
0.3674
0.8244
0.17152
-0.13685
-0.54591
-0.27679
-0.8937
0.05582
-0.72856
-0.44839
-0.39684
-0.7532
0.23918
0.2107
0.41809
0.90848
-0.46648
0.57485
0.53471
-0.06206
-0.20487
-0.07711
-0.47702
-0.70532
-0.16753
-0.38829
-0.1079
0.49089
0.39068
-0.50749
0.54297
-0.2254
0.51762
-0.56993
0.21562
-0.34498
-0.47037
0.05934
0.00357
0.30292
-0.04263
0.51122
0.49725
-0.00027
0.63896
-0.30802
-0.45568
0.59318
0.79103
0.58519
-0.01306
0.79348
-0.72596
0.35212
-0.70409
0.60482
-0.93462
-0.18129
-0.3565
0.33787
0.34032
0.66858
-0.87575
-0.69237
-0.50646
-0.82308
0.45801
-0.2224
0.77254
0.72447
-0.23455
-0.66488
0.27898
0.70789
-0.01188
0.14974
-0.17935
-0.67787
-0.0245
0.5054
-0.23352
0.36411
-0.59244
0.43827
-0.78207
-0.50963
-0.47517
-0.79287
0.88679
0.23309
0.41603
-0.5446
-0.38782
0.58671
-0.25905
0.39384
0.05637
-0.33157
-0.53267
-0.07593
0.26113
-0.62133
0.16209
-0.23946
-0.00466
-0.15403
0.10877
0.34635
0.85538
0.06956
-0.68494
0.04958
0.4456
0.74434
-0.72635
0.48574
0.89766
0.40647
-0.46184
0.10986
-0.70265
0.52533
-0.26236
-0.24393
0.65932
0.29834
-0.79356
0.79919
0.23261
0.39353
0.43691
-0.22843
0.79139
-0.84749
-0.11936
0.07074
0.79541
-0.8516
-0.88108
0.15831
-0.56092
-0.02324
-0.38134
-0.35607
0.29697
0.15691
0.15475
0.80545
-0.58554
0.8582
0.53638
0.89436
0.84545
-0.32948
-0.00659
-0.4492
-0.41137
0.20805
0.77438
0.49627
-0.42794
-0.18801
-0.34041
-0.41905
0.77456
-0.23572
-0.03359
-0.07674
-0.14462
0.64941
-0.83532
0.5996
0.32571
0.32796
-0.83911
0.58909
0.17465
-0.27117
0.34801
-0.60598
0.34429
-0.84456
0.41054
-0.17988
0.27905
-0.26681
-0.4229
-0.43987
0.17505
-0.06417
-0.29862
0.41431
-0.0175
-0.47636
0.47082
0.13753
0.57635
-0.29121
0.64289
-0.0545
-0.38014
0.76965
0.06271
-0.05547
-0.46933
-0.44123
-0.57827
-0.18822
-0.32929
-0.67771
0.42082
0.432
0.1431
0.11737
-0.21527
0.59979
0.71104
0.16943
-0.43556
-0.41522
0.87779
-0.81682
0.58627
0.44047
0.3093
-0.4475
-0.40553
-0.62592
0.68227
0.25278
-0.51513
0.91868
0.012
0.26143
0.02789
-0.06928
0.65358
0.10303
-0.1554
-0.6519
-0.57132
-0.81961
0.06953
0.42885
0.40532
0.63213
0.04205
-0.73599
-0.12735
-0.34622
-0.33341
0.45476
-0.594
-0.74178
-0.4868
0.85309
-0.72162
0.09245
0.03403
-0.07393
-0.53249
0.3013
0.69434
-0.23796
0.33002
-0.04055
-0.32586
0.46042
0.45877
-0.78716
0.73691
-0.23273
0.44073
0.22421
0.62267
-0.75301
-0.4664
-0.69811
0.35744
0.6211
0.52411
0.5
-0.2521
0.62596
0.02559
0.70093
-0.43199
0.00749
-0.58678
0.11285
-0.64401
0.59216
-0.26135
0.24579
0.54946
0.07722
-0.51605
-0.17447
0.28566
0.21568
0.35791
0.30573
0.40729
0.4769
-0.80361
-0.24042
0.21718
-0.40264
-0.69392
-0.58991
-0.05259
-0.0967
0.8807
0.52037
0.32266
-0.55592
0.59185
-0.24125
-0.7211
-0.59441
0.01783
0.51844
-0.24641
0.57849
-0.39353
-0.14045
-0.20858
0.62933
0.1793
0.13575
-0.27912
-0.81976
-0.23583
-0.63159
-0.56159
-0.19692
-0.63323
-0.18173
0.75643
-0.28195
0.41426
-0.89728
-0.68233
-0.5716
0.42971
0.22026
0.08329
0.06494
0.58147
-0.4257
-0.32301
-0.85386
-0.2489
0.74747
0.50433
-0.01989
-0.02039
-0.53712
0.71563
0.82604
0.58783
0.30336
-0.3995
0.02944
0.81767
-0.04703
0.22547
0.50688
-0.33294
-0.58499
-0.02146
-0.37705
0.09242
-0.16068
-0.30161
0.70955
-0.29346
0.83612
-0.22915
0.35917
-0.80919
0.31425
0.776
0.02281
0.86667
-0.13681
-0.72673
0.56887
-0.63575
-0.12574
-0.5191
0.06821
-0.05751
0.21915
0.10374
0.19743
0.56377
0.45235
0.30248
-0.53081
0.41793
-0.35206
0.3517
0.81771
0.4886
-0.37856
0.01592
-0.1167
0.51079
-0.84809
0.27318
-0.77876
0.21727
0.78198
0.63973
-0.55794
-0.64385
0.4473
0.38144
0.79169
0.30396
0.38178
0.12269
-0.14112
-0.17342
0.17813
0.64591
-0.32608
-0.02257
0.60241
-0.20008
-0.57338
-0.43451
0.29731
0.03362
0.08525
0.29379
-0.59059
-0.93112
0.33265
0.38073
-0.34011
0.75672
0.53927
0.10609
0.14042
-0.28523
-0.1303
-0.46205
0.06941
0.86672
0.2982
-0.20811
-0.15302
-0.70914
-0.37204
0.46656
-0.06789
0.50785
0.55516
-0.69715
0.57435
-0.3168
0.32658
0.57523
-0.0958
-0.56321
0.68832
-0.25225
-0.61649
-0.85366
0.18127
0.62194
-0.69993
-0.747
-0.07609
0.04629
-0.52065
-0.54767
-0.79267
-0.11529
-0.09536
0.82298
0.0205
-0.56254
-0.5647
0.44749
-0.74066
0.57884
-0.92405
-0.25684
0.26153
0.72625
-0.16494
-0.05277
-0.10056
-0.15649
-0.50269
0.7308
-0.2413
-0.13076
-0.53203
0.64594
-0.17736
0.65607
-0.08181
0.40876
0.33448
0.31272
-0.09948
-0.54756
0.68588
-0.88924
-0.09316
0.50862
-0.3692
0.50257
0.15671
0.05532
0.53528
0.30151
-0.23599
0.62705
-0.13726
-0.74215
0.50543
-0.44326
0.37601
-0.31286
0.77978
-0.41025
-0.09698
0.63563
-0.23817
-0.6429
-0.07941
-0.06079
0.36094
0.25745
0.69143
0.75722
-0.60241
0.47585
-0.45723
0.14699
-0.22004
0.46749
0.29189
-0.90137
-0.16348
0.86333
-0.86859
-0.48866
-0.21372
-0.75352
0.60224
-0.47886
0.08209
-0.43426
-0.68705
-0.06879
-0.00452
0.11473
-0.37812
-0.39264
0.43189
0.40293
0.16345
0.33272
-0.42018
-0.81667
-0.71115
0.8273
-0.51025
-0.51703
-0.47691
0.85033
0.21971
-0.49629
0.40999
0.12784
-0.57607
-0.27874
-0.73621
-0.87068
0.46842
-0.57153
-0.33805
0.76461
-0.0147
0.40546
-0.66842
0.5906
-0.03065
-0.68738
-0.26565
-0.26932
0.35323
0.75767
-0.87559
0.29608
0.03619
-0.15994
0.53447
0.24001
0.28019
0.57378
0.61919
-0.53153
-0.42732
-0.36532
0.19001
-0.73183
-0.7939
0.73001
0.22699
-0.44034
-0.07079
-0.58956
-0.36777
-0.29508
-0.73272
-0.37955
0.05042
-0.10949
-0.85616
-0.12297
0.5461
0.39849
0.53265
0.56716
0.82966
-0.70131
0.07245
0.36822
-0.35021
0.40012
0.44742
0.32504
0.16214
-0.21444
0.10641
0.3676
0.51996
-0.0116
-0.23752
0.39964
0.68442
0.65483
0.92354
0.87574
-0.47336
0.1114
-0.27343
-0.56991
0.63594
-0.24354
0.50801
0.05751
-0.43379
-0.30496
-0.19405
-0.80328
-0.5657
-0.4514
0.05201
0.33392
-0.63642
-0.26758
0.06513
0.49485
0.6257
0.23472
-0.59334
-0.50962
-0.26858
-0.45197
0.8348
0.31446
-0.34464
0.86871
-0.03042
-0.15564
0.76275
0.35721
0.02756
0.48566
-0.01959
-0.37844
-0.33108
0.31508
-0.45763
0.73909
-0.24222
-0.67773
-0.91533
0.13912
0.21921
-0.64958
-0.353
0.8836
-0.6024
0.01609
0.9053
0.12148
-0.73214
-0.38926
-0.47593
-0.04593
-0.79856
0.44144
-0.01941
-0.11185
-0.53909
0.06451
-0.58087
0.51941
-0.70954
0.058
0.70986
-0.58305
-0.69104
0.44454
0.35441
-0.13524
0.11069
0.33836
0.23545
0.08566
0.2673
-0.51989
-0.94602
0.27942
-0.31992
0.89789
0.37477
-0.45336
0.3607
-0.20973
0.44909
-0.01181
0.12744
-0.22259
-0.71177
0.44493
0.77871
-0.20859
0.71035
-0.69184
0.58718
-0.03528
0.28354
-0.02655
0.7866
-0.07467
-0.52027
0.26622
-0.83528
-0.02996
0.23689
0.41805
0.65549
-0.24364
0.46482
-0.85737
-0.19496
0.52268
0.31181
0.0571
-0.81323
0.84387
-0.82091
-0.78899
0.82457
0.41866
-0.22765
-0.2651
-0.14013
-0.09829
-0.84115
-0.17284
0.08996
-0.49896
-0.19012
-0.38768
0.42934
0.78184
0.64482
0.40802
-0.4619
0.05677
0.64033
-0.04353
0.36781
-0.76636
-0.30169
-0.75181
-0.08581
0.83541
-0.85657
-0.35198
-0.09367
-0.15032
0.94324
-0.32679
-0.13079
0.07546
-0.59305
0.71777
-0.72085
-0.51855
-0.61612
-0.01544
0.54235
-0.76301
0.67675
0.33767
0.80789
0.89557
0.14046
-0.13494
-0.38586
0.0492
0.47094
-0.40047
0.34328
-0.14002
0.01342
-0.80232
-0.69821
0.65834
-0.90953
-0.1172
-0.92669
0.67051
0.07654
-0.88201
0.17202
0.5245
0.69229
0.63758
0.62031
-0.69181
0.19383
-0.15386
-0.8176
0.28349
0.27562
-0.0826
-0.20775
-0.51657
0.14206
0.02547
-0.62651
-0.4955
-0.69186
0.43784
0.38281
0.75061
-0.1659
0.11637
-0.42635
-0.1132
-0.17156
0.48214
-0.79482
0.01539
-0.61242
-0.73012
-0.56367
-0.35406
0.42402
0.20761
0.87006
0.32713
-0.23139
0.23695
-0.77742
0.14872
-0.70089
0.63344
0.81663
0.95282
0.10509
0.09889
0.37515
-0.48524
0.20372
0.49111
-0.27843
-0.58364
-0.47745
-0.00612
-0.45136
-0.10931
-0.03538
0.86941
-0.53434
-0.28
0.71758
0.09816
0.56871
-0.1197
0.18407
-0.57656
0.71972
0.84611
-0.3794
-0.10039
0.84709
0.12962
-0.6336
-0.59995
-0.69781
0.25192
-0.50417
-0.39017
-0.04716
0.87321
-0.06636
-0.25965
-0.13603
-0.1867
0.75185
0.87532
-0.25364
0.30022
0.90389
0.75008
-0.28011
-0.45691
-0.2828
-0.75225
-0.05243
-0.27284
0.20028
0.59814
-0.93128
-0.4054
-0.67505
0.31084
0.30006
0.31808
0.84166
-0.77051
-0.40934
0.31209
0.79821
0.81449
0.22475
-0.18524
-0.38493
0.51567
0.337
-0.43582
0.28044
-0.63241
0.47212
-0.20754
0.54966
0.05523
0.684
-0.12006
0.36536
0.64133
-0.53057
0.00712
-0.81447
0.11111
0.59248
-0.36157
-0.02389
0.60003
-0.21884
-0.7365
0.08532
-0.16985
-0.03654
-0.58382
0.47556
0.07993
0.23235
-0.2582
0.32317
0.0369
0.21171
0.25253
0.61625
0.36511
0.22883
0.66813
0.91564
-0.76618
-0.81105
-0.39156
-0.3654
0.67581
0.29634
-0.65489
0.76773
-0.56523
-0.28703
0.27893
0.28186
0.46098
-0.0286
0.7199
-0.19416
-0.82893
-0.13555
-0.16774
-0.04989
-0.56431
0.15367
-0.07584
0.55597
-0.09517
0.61333
-0.08687
0.28536
-0.53408
-0.56738
-0.17871
-0.515
-0.62247
-0.38844
-0.44049
0.02974
-0.54576
-0.20587
-0.11631
0.25624
0.39436
0.10133
0.02368
0.06295
-0.5773
-0.86114
0.31177
0.00244
-0.06651
0.04517
-0.18788
0.16493
0.87153
0.43998
-0.89299
-0.2385
0.04305
-0.79956
0.20704
-0.44434
0.83033
-0.75631
-0.19185
-0.01364
0.44428
0.32999
-0.47303
0.19117
0.81217
0.14091
-0.87856
-0.85108
0.18093
0.67044
-0.34202
0.02894
0.25486
-0.42739
-0.07486
0.55226
-0.55395
-0.63092
-0.47595
-0.68689
0.27968
0.00715
0.29767
-0.36184
-0.18295
0.20268
0.80604
0.03384
0.34598
-0.61964
-0.51438
-0.16137
-0.69997
-0.07618
-0.22183
-0.53931
-0.39019
0.80997
-0.18709
0.05753
0.3203
0.42449
-0.31784
0.65446
0.05146
0.56302
-0.21756
-0.14778
0.14299
0.3645
-0.31955
-0.11645
0.31157
-0.25642
-0.08561
-0.2292
0.81171
-0.45704
0.57524
0.56165
-0.05544
-0.41434
0.18315
0.27356
-0.47769
-0.21175
-0.06821
0.4723
-0.34052
0.57903
-0.08853
0.39662
0.01751
-0.12894
-0.0053
0.19447
0.3548
-0.49728
0.32835
0.3365
-0.57289
0.68275
-0.54679
-0.70995
-0.61221
0.32912
0.7708
-0.11286
-0.69947
0.10684
-0.12834
0.08061
0.23506
0.53013
-0.47827
0.57386
-0.50626
-0.4465
0.62458
0.3312
0.54594
-0.46045
-0.81404
-0.61238
-0.19485
0.51788
-0.58419
0.91936
0.01479
-0.78928
0.90672
0.70435
-0.93412
-0.19123
0.36298
0.12107
0.5567
0.23204
-0.9012
0.87083
-0.54316
0.43885
-0.57391
-0.28149
0.89154
0.3875
-0.31848
-0.18257
-0.57023
-0.33348
0.80333
0.65407
-0.33507
0.27476
0.63689
-0.02358
0.33274
-0.82146
0.2199
0.28381
0.62759
-0.08365
-0.36825
-0.16322
0.92684
-0.70795
-0.0127
-0.36514
0.32558
0.6642
0.77293
0.76271
-0.27982
0.57609
0.06162
0.00307
-0.00319
-0.35109
-0.03237
0.22809
-0.00939
0.33515
0.64109
-0.65694
0.82186
0.13491
-0.40682
0.1691
-0.34666
-0.31678
-0.82067
0.10656
0.83907
0.34924
-0.57312
-0.63386
-0.22735
0.19957
0.73306
-0.35147
0.05308
-0.41321
0.0159
0.3069
-0.28928
0.37409
0.21344
-0.04994
-0.19189
-0.8973
0.65929
-0.49246
-0.04199
-0.11505
-0.62717
0.06224
0.11813
-0.63565
0.55861
0.55176
-0.77576
0.62178
-0.51464
0.22144
0.0573
-0.62684
-0.14588
-0.32488
-0.20824
-0.91354
-0.73495
0.1499
-0.71962
-0.61833
-0.40513
0.03442
0.53865
-0.85626
-0.76103
-0.33819
-0.43908
-0.84205
-0.02046
-0.42757
0.57635
0.1799
-0.2455
0.1367
-0.58137
-0.91064
-0.05241
-0.61568
0.79931
0.64117
0.70483
0.47335
0.40507
0.83466
0.23609
0.82176
-0.40662
0.10792
-0.61124
0.53697
0.71606
-0.29067
0.72256
-0.43828
-0.59045
0.08735
0.56866
0.91406
-0.13501
-0.31668
-0.79487
-0.11507
0.94087
-0.09865
0.40411
0.02432
-0.52314
0.81931
-0.28728
-0.02563
0.70399
-0.24576
0.39726
-0.13262
0.24902
0.7762
0.51836
0.3372
0.13463
0.14823
-0.33012
-0.17316
-0.10833
0.32557
0.48415
-0.75007
-0.1365
-0.07757
0.07313
-0.03746
0.2854
0.78302
0.52838
-0.60333
-0.28853
0.86535
0.38627
-0.22972
-0.51375
-0.60731
-0.04602
-0.82242
-0.06322
-0.41515
-0.15078
0.13684
-0.82987
-0.08249
-0.43646
-0.28755
-0.80061
-0.14493
-0.73553
0.36998
0.80016
0.10916
0.36868
-0.88188
-0.71146
-0.19907
-0.81388
0.89509
-0.47874
0.51316
0.38039
0.45663
0.89612
0.28704
-0.93667
-0.19158
0.92852
0.4657
0.14324
0.11402
0.15304
-0.14271
0.65453
0.43267
0.27885
-0.16159
0.57964
-0.87366
-0.70282
-0.22051
-0.6143
0.55599
0.33021
-0.20267
0.68475
0.45858
-0.64142
-0.64546
0.12238
-0.79778
-0.81522
-0.75855
-0.13973
0.79679
0.35661
0.5856
-0.29986
-0.41724
-0.0845
0.55616
-0.71299
-0.55889
-0.53731
0.60574
-0.62089
-0.18907
-0.03811
0.32493
-0.14021
-0.23367
0.10752
0.51271
-0.42104
0.90221
-0.21404
-0.52471
0.47952
0.04704
0.56546
-0.21726
0.3052
-0.30073
-0.08012
-0.6277
0.01012
0.23715
0.71104
-0.29827
-0.30628
-0.49205
0.29533
-0.70439
-0.42381
0.88546
-0.40389
-0.54957
0.31717
0.41021
-0.22431
0.10939
0.60782
-0.01663
0.56933
0.62196
-0.69026
-0.87647
-0.40548
0.42963
-0.47484
0.15197
-0.08733
0.41269
-0.07529
0.40911
-0.4876
0.76681
-0.05989
0.2031
0.13069
-0.4497
-0.60482
-0.1801
-0.64569
0.62159
0.40675
-0.58945
-0.47585
-0.76243
0.56893
0.15463
0.34057
0.72311
-0.76114
-0.88292
-0.21993
0.75982
0.55347
0.56748
0.34982
-0.29287
0.86171
-0.16511
-0.54877
0.09117
-0.78194
-0.45424
0.53853
-0.14964
-0.84806
0.24415
-0.01783
0.21773
-0.08725
0.10875
-0.32288
0.06937
-0.87807
-0.14666
0.74933
0.17905
-0.63971
-0.38679
0.34325
0.26606
-0.50411
0.00275
-0.30479
-0.65497
0.48266
-0.04947
0.07699
-0.28673
-0.28061
-0.86382
-0.44419
-0.58633
-0.46815
-0.06287
0.84466
-0.82398
-0.33427
0.91877
-0.35622
-0.10453
-0.31333
-0.36443
0.08075
-0.09746
-0.70886
0.1587
-0.05757
0.30891
0.62388
-0.71282
0.67874
0.03792
-0.18581
-0.12742
-0.38252
-0.73295
-0.27595
0.87716
-0.0007
-0.35859
-0.717
-0.35768
-0.375
0.41293
-0.4386
0.55472
-0.00264
-0.06236
0.10028
-0.00449
-0.04848
-0.33992
-0.32617
0.17367
0.4329
-0.32518
0.38338
0.21216
-0.52353
-0.65956
0.04258
-0.87261
-0.17477
-0.60589
0.91291
-0.07581
-0.66429
0.55302
0.03746
-0.24633
0.51594
0.53519
-0.81728
0.67416
-0.82379
0.08546
-0.9152
0.69621
0.79353
0.72105
-0.1806
0.4513
-0.27565
0.19085
0.13541
-0.45026
-0.07623
0.14632
-0.39282
0.36564
0.63274
-0.06411
0.69481
-0.08277
-0.53602
0.39426
-0.26893
-0.13597
0.02884
-0.08011
0.80495
0.30567
0.36001
-0.17136
-0.91485
-0.19114
-0.25214
-0.55333
-0.03982
-0.77758
-0.83328
-0.33356
-0.77833
0.20087
-0.48426
-0.06093
-0.32284
-0.30501
0.48921
-0.61634
-0.29538
-0.09888
0.08807
-0.53085
0.77186
-0.10673
-0.05922
-0.17372
-0.26279
0.23079
0.56376
0.46472
0.20987
0.25743
-0.42507
-0.06153
-0.16435
-0.57291
-0.29611
0.25689
-0.60316
0.77167
0.91847
0.50317
0.2545
0.75854
0.1537
0.12756
0.23265
0.03843
-0.37635
0.60153
-0.62841
0.30116
-0.20441
0.05126
0.38644
0.49006
0.41826
0.93029
-0.57534
-0.65108
0.1557
0.90301
-0.44215
-0.22851
0.09306
0.11867
-0.03483
-0.67985
-0.39461
-0.26603
-0.35377
-0.57144
-0.18658
-0.30431
-0.1963
-0.91018
0.36175
-0.30076
-0.46725
0.38362
-0.28577
-0.41787
-0.45247
-0.62853
-0.48877
0.37033
-0.77176
-0.26765
-0.00237
0.19586
-0.44442
-0.68608
0.75649
0.06236
-0.79797
-0.24632
0.58008
0.21912
-0.73873
0.68028
0.17129
0.51295
-0.51868
0.68798
0.02401
0.37952
-0.37071
-0.49685
-0.50163
-0.26331
0.19741
0.4949
0.26366
-0.23285
0.77527
-0.34395
0.44469
0.19721
-0.6703
-0.17531
-0.4059
0.20156
0.53414
0.08797
-0.70731
0.57831
-0.62344
0.48176
-0.16117
-0.04214
0.87263
-0.02756
-0.68551
-0.0454
-0.20003
-0.42711
0.02951
-0.11445
0.03849
0.86387
0.61607
-0.13527
-0.13426
0.13853
0.12959
0.53233
0.39275
0.74152
0.25359
-0.71384
-0.11818
-0.20727
0.08208
0.0928
0.37149
0.32362
-0.23595
-0.54615
-0.37135
-0.62365
0.01384
-0.63595
0.32319
0.04703
-0.51831
-0.5612
-0.16077
-0.59095
0.23885
0.48308
-0.18695
0.50182
0.20306
0.12592
0.58792
0.80832
0.33579
0.66794
0.21717
0.79317
-0.28417
-0.44291
-0.61711
-0.76119
-0.59165
0.42277
-0.31237
0.4512
-0.3058
-0.71124
0.01531
0.22313
-0.10266
-0.37452
-0.33073
-0.23442
-0.76539
0.23233
0.60777
-0.16538
-0.0054
0.34198
-0.5454
0.29039
0.837
0.41638
0.41875
-0.38219
0.65985
0.22138
0.56343
0.35183
-0.42292
0.4108
-0.45674
-0.29704
-0.74449
-0.65238
-0.69974
-0.59808
-0.55111
0.51133
-0.27718
0.56444
0.3027
0.31243
0.79736
-0.26017
-0.05042
0.19862
-0.81394
0.63111
0.68785
-0.72771
-0.3731
-0.61518
-0.20207
0.06766
-0.5435
-0.26983
-0.23848
-0.42322
0.6168
-0.38623
-0.64097
0.65819
0.30915
0.67447
-0.50227
-0.32052
-0.06168
-0.05265
0.81464
-0.79099
-0.65714
0.07086
0.62214
-0.13237
0.4715
0.42208
-0.54993
0.88366
0.21886
-0.34861
-0.3054
0.31372
0.14966
-0.19913
0.20121
-0.08549
0.64296
0.70435
0.31617
0.49877
0.05774
-0.72974
-0.77926
-0.50263
-0.91581
0.42016
-0.66174
-0.355
0.1473
-0.28247
-0.88503
0.84008
-0.4961
-0.54246
0.3945
-0.00852
0.64145
0.40948
-0.66527
0.86341
-0.17833
0.36211
-0.07258
-0.23937
-0.11597
0.28303
-0.23991
-0.47266
-0.81398
0.0554
0.10301
-0.57743
-0.46415
0.10548
0.38401
-0.59649
0.60599
0.43852
-0.11463
-0.4943
0.75918
0.1176
0.03914
0.81758
0.08635
0.17106
0.31641
-0.62838
0.13005
0.27486
-0.21549
-0.13358
0.14501
-0.02816
0.66553
0.53848
0.90709
0.00888
0.32644
0.08217
0.84595
-0.78301
-0.21851
0.47566
0.01977
0.87254
0.31008
-0.01566
0.21286
-0.78945
-0.39563
0.33894
0.26913
-0.31049
0.0198
0.14789
0.12082
-0.6431
0.15006
-0.58266
-0.49768
0.49492
-0.74543
-0.15349
0.47729
-0.54142
-0.67375
0.27719
0.56234
-0.72857
0.23617
-0.33864
-0.21067
0.58935
0.44889
-0.14069
-0.49586
-0.53291
-0.7496
-0.21963
0.89981
0.53433
-0.62594
0.17792
-0.72453
0.66134
0.10416
-0.72654
-0.77689
0.74251
0.01766
-0.60594
0.4621
-0.5574
-0.02873
-0.5968
-0.20677
-0.67518
-0.84187
-0.19879
-0.58072
0.23636
-0.04679
0.23064
0.29936
-0.15162
-0.67304
0.19337
0.26925
0.84508
0.0437
-0.3456
0.02014
-0.2872
-0.53346
0.27383
-0.26418
0.31352
0.23882
-0.4347
-0.9185
0.43471
-0.58196
0.77529
0.5073
0.29498
-0.23321
-0.4718
-0.74393
-0.33346
0.09078
-0.3296
0.60053
0.03191
0.19975
0.92862
0.75789
-0.82926
0.45201
-0.64567
0.09446
0.90373
-0.75596
-0.29177
-0.6017
0.16362
0.08356
-0.20768
0.74863
0.74955
-0.06503
-0.84888
0.76291
-0.90365
-0.07718
0.17269
0.19884
-0.23598
0.63604
-0.15486
-0.10315
-0.09847
-0.33894
-0.11429
-0.67139
0.32419
0.03138
-0.37665
-0.00104
0.55703
0.63224
0.00754
-0.12354
0.08476
0.73527
-0.08531
0.29753
0.28589
0.33526
-0.10017
-0.42082
-0.04279
0.09066
0.80086
-0.87706
-0.81292
0.62725
-0.43556
0.36834
0.33036
-0.07944
-0.25024
-0.33438
-0.44112
0.15565
0.49159
-0.52288
-0.21921
0.07174
-0.13423
0.10862
-0.18247
0.54176
-0.37626
-0.75621
0.14868
-0.06463
0.59261
0.03691
-0.00271
-0.1614
0.33705
0.76403
-0.81177
0.71603
-0.45974
0.81717
-0.21988
-0.0155
0.41406
-0.69047
-0.90696
0.50412
-0.42217
0.06014
-0.2278
0.83271
0.55311
-0.43931
0.62733
0.49505
-0.38923
-0.25772
0.68512
0.13757
-0.26006
-0.2263
0.61685
-0.27263
0.23179
0.35929
-0.61642
0.23264
0.63808
0.25253
0.69758
-0.03349
-0.45462
0.68759
-0.84692
0.2733
0.22314
-0.48904
-0.81701
-0.21666
0.57635
-0.00449
0.35744
-0.48332
0.91148
-0.68556
-0.03084
-0.01701
-0.02866
-0.28691
-0.07322
0.18075
0.00453
-0.46032
-0.0765
-0.77902
0.25119
0.48142
-0.33336
0.74289
0.06513
0.42015
0.58551
0.28211
-0.019
0.13069
0.66748
-0.50629
0.69357
-0.70279
-0.40309
0.51585
-0.44194
0.61902
0.64165
-0.4078
-0.34025
-0.19806
0.84523
-0.63055
-0.73526
0.03425
0.37808
0.34536
-0.33798
-0.15765
0.69348
0.12479
-0.26318
0.01088
-0.27456
-0.11864
0.78258
0.518
0.21751
-0.41407
-0.32904
-0.59761
-0.13045
-0.26327
-0.38607
-0.09535
0.25586
-0.01632
-0.42327
-0.46011
0.01272
-0.83456
0.13436
-0.24537
0.22185
-0.2013
0.36357
0.73119
0.0732
-0.76286
0.68884
0.43375
0.69237
-0.34365
0.59829
-0.02857
-0.21585
-0.21246
-0.50603
0.52233
0.80062
0.41994
0.05761
-0.86899
0.2467
0.02784
-0.06514
0.30195
-0.42388
-0.17803
-0.11202
-0.20636
0.20032
-0.74116
-0.1992
-0.75405
0.45272
0.49522
-0.77286
0.03893
-0.20744
-0.19368
-0.73182
-0.82543
-0.42858
-0.43033
0.05133
0.54228
-0.71815
-0.26469
-0.48172
-0.59556
-0.89599
-0.4566
0.40608
0.62638
-0.18026
-0.04288
-0.35389
0.08048
-0.59588
0.88336
0.49752
0.4167
0.35544
-0.3654
-0.20963
0.69168
0.37855
0.79802
-0.53216
-0.44707
0.56875
0.22171
0.48901
-0.35502
0.06057
-0.24186
0.1146
0.89078
-0.58242
-0.35041
0.14432
0.40778
0.42058
0.63641
-0.88237
-0.21412
0.11553
0.39544
0.44321
0.11637
0.00216
0.47688
0.80875
-0.41652
-0.57717
0.36551
0.20969
-0.35887
0.61214
-0.16832
-0.91666
-0.07722
-0.09106
0.18714
0.62386
0.64876
0.3167
0.53941
0.16007
-0.46107
0.45828
0.06295
-0.22056
0.34481
-0.02392
-0.56027
0.22525
-0.84927
-0.70971
-0.67126
0.27086
-0.31347
-0.52264
-0.19805
-0.4484
0.56547
-0.03367
0.57328
-0.77011
-0.28113
-0.00227
0.09755
0.54245
0.17778
-0.61887
-0.61037
-0.36696
-0.82885
-0.48785
0.27093
-0.6939
0.30936
0.70228
0.18869
-0.58903
-0.4436
-0.67621
-0.93473
0.17628
0.01227
-0.19307
0.91145
0.19454
-0.28153
-0.20096
-0.13433
0.65378
-0.34993
-0.11141
0.06283
0.41228
-0.44274
-0.04232
-0.74428
-0.5192
-0.22522
-0.21524
-0.04536
-0.35755
-0.02653
-0.34889
0.32468
-0.71596
0.56239
0.25376
-0.65535
0.25698
0.54735
0.39076
-0.51448
-0.77134
-0.43464
0.00558
-0.91
0.57092
-0.27861
0.49605
-0.13851
-0.30483
0.6117
-0.6842
-0.55012
0.56496
0.6353
-0.12341
0.36303
0.34228
-0.09153
0.34568
-0.29131
-0.53304
-0.4249
0.78075
0.40942
0.60015
0.33956
0.28774
-0.4604
-0.66296
-0.82275
-0.30438
0.10798
-0.05818
0.40955
-0.07166
0.19726
-0.59746
-0.62803
0.35757
-0.30609
0.89583
-0.08186
0.08509
0.56916
0.14865
-0.67071
-0.32745
0.06402
0.6692
-0.15704
0.3217
0.09647
-0.65168
0.28004
-0.18992
0.79041
-0.32268
-0.74069
-0.68551
-0.59067
0.32154
0.58323
-0.16432
-0.52183
0.01542
-0.20888
0.58652
-0.1536
0.04828
0.24259
-0.77463
0.73003
-0.17702
-0.00833
0.18009
0.17416
0.10729
0.23578
0.53608
0.39327
0.3654
0.44627
0.67425
0.47836
-0.45059
-0.15898
-0.32721
0.19021
0.69163
0.24126
0.88428
-0.30304
0.89848
-0.42052
-0.59529
-0.3553
-0.12723
0.25161
0.57172
0.20442
-0.06759
0.41557
-0.38796
-0.70731
-0.41659
0.1932
0.3531
-0.48367
0.88958
-0.43462
0.27246
0.63532
-0.70783
-0.67508
-0.05931
0.38572
-0.37629
-0.63717
-0.29003
0.22902
-0.78686
7e-05
0.01723
-0.50257
-0.30243
-0.03559
0.19612
-0.93114
-0.30045
0.41282
0.47506
0.16746
-0.76714
-0.21527
0.53252
-0.20621
0.45036
-0.63278
0.47088
-0.78905
0.61679
-0.0669
0.4316
-0.14992
0.24898
-0.57876
0.00274
0.29106
-0.36942
0.62399
0.38247
-0.87574
-0.04802
-0.28674
-0.73678
-0.46663
0.67343
-0.45467
0.59397
0.69479
0.01821
0.03017
0.27655
-0.39792
0.12225
-0.25497
-0.53443
-0.07227
0.69045
-0.77358
0.13881
-0.02219
-0.56617
0.81237
-0.21651
0.84351
0.65574
-0.53717
-0.45397
-0.16153
0.60013
0.09985
-0.45323
-0.5985
-0.39546
-0.5932
-0.31911
-0.32456
0.82154
-0.53386
0.23191
-0.03456
-0.27915
0.51618
0.4271
0.94888
0.45264
0.772
0.36145
-0.32173
0.35939
-0.35644
0.73763
-0.04462
-0.54916
0.2475
-0.2151
-0.18477
-0.18821
0.31632
-0.46907
-0.34392
0.61789
-0.35121
0.03438
0.03773
-0.37443
-0.21307
0.14212
-0.28152
0.63719
-0.90779
0.39016
-0.07291
0.32398
0.14998
0.37904
0.85411
-0.19983
0.30023
-0.1928
0.12623
0.3749
0.0297
0.13659
-0.71753
0.00839
0.0423
0.79913
0.68048
-0.55169
-0.61267
-0.65462
-0.21051
0.86157
-0.0278
-0.33455
0.34789
0.15019
0.65692
0.28263
0.33455
0.34914
-0.37323
-0.02253
-0.71672
-0.5591
0.5344
0.4694
-0.29054
0.14992
0.13946
-0.28498
-0.63534
0.65102
-0.62258
-0.5928
0.20068
-0.02138
0.09023
-0.01594
0.31379
0.12721
-0.65652
-0.54895
0.44368
-0.2404
0.06043
-0.45043
-0.20539
-0.47466
0.47475
0.21495
0.47571
-0.42187
-0.12549
-0.00589
-0.61647
0.33708
0.82747
0.54282
0.30087
0.07953
-0.01838
-0.7969
0.26067
0.56579
-0.48134
-0.19022
-0.68139
-0.09927
0.60595
0.03217
-0.2979
-0.447
-0.21194
-0.53763
0.15166
-0.82862
-0.005
-0.74024
0.41241
0.79821
-0.64633
-0.73144
-0.45684
-0.37231
-0.23345
-0.6495
0.4486
0.71845
-0.90508
0.74691
-0.55541
0.37811
-0.37224
0.12135
0.2262
-0.31635
-0.07187
0.23181
-0.45426
-0.50287
-0.42142
0.35993
-0.11547
0.05854
-0.24524
-0.68795
-0.06032
-0.57174
-0.12512
-0.416
-0.05944
-0.85653
0.76125
-0.86626
0.33441
-0.23335
0.21859
-0.28479
-0.83874
-0.21156
-0.50231
-0.74014
-0.14355
-0.48278
0.29111
-0.8699
-0.39855
0.81769
0.34349
0.33747
-0.21525
0.36233
-0.31592
0.19784
-0.6123
0.05376
0.21606
0.21597
-0.72375
0.5606
-0.19758
-0.16027
0.10311
-0.1652
-0.32226
0.93309
0.15197
-0.10615
0.56993
0.49194
-0.59638
-0.52563
0.52851
0.45885
0.25112
0.13289
0.28028
0.74562
0.33968
0.74073
-0.65975
0.4374
0.58557
-0.17969
0.23251
0.32159
0.77917
0.0636
0.8373
0.60192
0.38015
0.48933
0.50285
0.75711
-0.09376
-0.35356
-0.40386
-0.60554
-0.46343
-0.41585
-0.57073
0.01702
0.02813
0.76489
0.14362
0.47818
-0.2232
-0.77582
-0.38415
-0.40842
0.45168
-0.19135
-0.26755
-0.63379
-0.73656
0.87471
0.29521
0.51887
-0.12795
-0.65867
-0.07486
-0.34223
-0.72093
-0.20201
-0.24336
0.18619
0.35645
0.5822
-0.78856
0.17498
0.33615
-0.53711
0.02465
0.56544
0.79382
-0.35609
0.62449
0.60602
0.60966
-0.71431
-0.46394
0.72252
-0.78213
-0.81872
0.06612
0.19921
0.20958
0.24326
-0.67429
-0.76363
0.20294
-0.64484
0.40931
-0.51125
0.38487
0.05222
0.19443
-0.02425
0.18696
0.82675
-0.29798
-0.61723
0.30198
0.22607
-0.29719
0.33777
0.72472
-0.85353
0.03875
-0.45942
-0.01131
-0.03636
0.24875
0.51695
0.04788
0.36402
-0.51411
0.30694
0.31621
0.62571
-0.52132
0.11728
-0.64196
-0.6833
0.23679
0.1675
0.56829
0.28747
0.55414
0.73124
0.07656
-0.0422
0.661
0.57095
0.91185
0.67426
0.24932
-0.45602
-0.44814
-0.48719
0.32626
-0.00953
0.49455
-0.77066
0.0994
-0.72379
0.00391
0.78638
-0.4851
0.62083
-0.72874
-0.75936
0.05047
0.23223
-0.05571
0.32306
-0.7061
0.36777
0.63057
-0.09463
0.62239
0.32132
-0.5663
-0.72098
0.386
0.32363
0.01962
0.12311
-0.03805
0.26876
-0.51134
0.40893
0.11511
-0.58234
-0.5842
-0.122
-0.41104
-0.07133
0.73402
-0.26178
0.36853
0.72048
-0.77205
-0.82765
-0.521
-0.63083
0.50599
-0.58206
0.62342
-0.19523
0.46796
0.2448
0.10292
0.92492
-0.47601
-0.61647
0.17022
0.56712
0.78136
-0.60399
-0.19572
0.70715
-0.85082
0.39903
-0.0336
0.25429
0.53785
0.1001
0.53192
-0.55795
0.62627
0.20907
0.68477
-0.60098
-0.51436
-0.56995
0.30913
0.07779
-0.63979
0.02887
0.06855
0.32734
-0.34023
0.1391
-0.50684
0.85005
0.58616
0.00138
0.39427
0.54148
-0.29895
0.15532
-0.85281
-0.74896
-0.61959
0.27885
-0.48288
-0.83759
0.75726
-0.24216
-0.42657
-0.50644
0.1076
-0.6543
-0.07267
0.83649
-0.55017
-0.83903
-0.76155
0.26051
0.81534
-0.73388
-0.78772
-0.2231
0.38073
0.16446
0.56379
0.42196
0.00408
0.5005
0.3402
0.3384
-0.77407
-0.04453
-0.11662
-0.15063
0.62893
0.53168
1e-05
0.6627
0.56816
-0.08293
-0.37693
-0.09385
0.13077
0.35376
0.43217
-0.31085
0.27437
0.40272
-0.52556
0.42256
0.20826
0.33856
0.44734
0.1898
0.01573
-0.04438
-0.59707
0.53989
-0.19258
-0.72661
-0.39529
-0.03085
-0.12073
-0.14794
-0.41371
-0.41568
0.1731
-0.17489
-0.16391
-0.3644
-0.30711
0.57591
-0.88813
-0.69062
-0.0004
0.64972
0.7716
-0.75587
0.59389
0.33514
-0.8775
-0.18428
-0.64285
-0.3654
-0.73974
-0.00472
-0.5379
-0.40256
-0.30781
0.01002
-0.07357
-0.16462
-0.33757
-0.61076
0.60767
-0.76687
0.55836
0.19325
-0.59147
-0.28592
-0.34415
0.23399
-0.68863
-0.17791
-0.36976
0.86149
0.19288
0.08336
-0.28226
0.00043
0.6003
0.76735
-0.43065
0.22405
0.55988
-0.02629
0.41408
-0.41661
0.09693
-0.51411
-0.18404
-0.32583
-0.54337
-0.63258
0.78906
0.04097
0.56099
-0.19284
-0.4252
0.02346
-0.57778
0.57951
-0.42866
0.08314
0.07249
-0.37885
0.94548
0.23991
-0.30546
0.55853
-0.32139
-0.63206
0.04777
0.60633
0.40184
0.58345
0.11405
0.34381
-0.13949
-0.72709
0.28057
0.33642
-0.03298
-0.28432
0.57505
0.06692
0.76163
0.86474
-0.01535
0.03999
-0.71932
0.42725
-0.70447
-0.92872
-0.38647
0.72245
0.07681
-0.77536
0.74471
-0.36792
0.16498
-0.58115
-0.88939
0.32838
0.04961
0.36576
0.48152
-0.55162
-0.64528
-0.81881
-0.31582
-0.14107
0.00935
0.69447
-0.42518
-0.01865
0.70462
-0.61699
-0.92571
0.48578
0.19997
0.25989
-0.27188
0.04571
0.58972
0.07269
-0.10284
-0.15234
-0.5352
-0.5313
-0.8367
-0.30229
0.82555
-0.26668
0.82874
-0.50366
-0.53358
-0.41279
0.4272
0.45647
0.39282
-0.1604
0.91606
0.42326
-0.11414
0.70353
0.38946
-0.75052
0.81678
0.34939
-0.09043
0.20574
0.22359
-0.24992
0.16065
0.73669
0.7606
-0.64961
0.06131
0.49897
-0.88115
0.4314
0.06019
0.4279
0.40173
0.74486
-0.66547
0.47269
-0.42602
-0.81305
0.4526
-0.40368
0.07179
0.47459
0.85958
0.61065
0.4329
-0.3788
-0.46367
-0.57329
0.86885
-0.26595
0.61234
0.01515
-0.88666
-0.5488
0.0418
0.29566
0.23228
-0.81718
0.03775
0.57226
-0.73251
0.09044
-0.36451
0.78754
-0.82126
-0.17756
0.92168
-0.62721
-0.34766
0.2823
-0.14738
0.67111
0.35581
-0.07622
0.49087
-0.44612
-0.85744
0.01991
0.67917
0.25326
-0.83474
-0.77576
-0.59353
0.60304
0.71346
0.42996
-0.35678
0.47688
-0.11153
-0.43717
-0.40915
0.5549
0.32259
-0.34292
-0.1616
0.11007
-0.39266
0.43458
0.49884
-0.3213
0.21987
0.37141
-0.14528
-0.13443
-0.49228
-0.19457
-0.90143
0.04098
-0.07639
-0.08407
0.08853
0.64947
-0.17852
0.24015
0.01854
0.08884
-0.85805
-0.65363
0.64582
-0.39167
-0.25654
-0.27777
0.16628
-0.54579
-0.83613
0.81274
-0.06248
0.7437
-0.41137
-0.24953
-0.32989
0.39796
0.49999
0.94079
0.64364
0.69418
0.54534
0.2951
-0.09174
-0.43785
-0.54985
-0.22651
-0.45529
-0.75415
0.04662
-0.59462
-0.1029
-0.20318
-0.46298
-0.3219
0.81466
-0.11741
-0.27805
0.68575
-0.59561
0.74581
0.42148
-0.36113
-0.11487
0.87533
0.70125
-0.15934
0.39672
-0.01869
0.62625
-0.11253
0.64327
0.03972
0.18215
-0.09812
0.04677
-0.02086
0.14615
-0.30271
-0.22508
0.03711
-0.59167
0.10601
-0.43544
-0.79473
0.06966
-0.09893
0.92661
0.21492
-0.21442
0.57557
0.02816
0.45871
0.4748
0.7791
0.23751
-0.05745
0.48799
0.05442
-0.45779
-0.49222
0.33612
-0.05498
-0.17177
0.35479
-0.61883
0.14969
-0.06451
-0.86273
-0.33079
0.35977
-0.41676
-0.84656
-0.81411
-0.34305
0.08698
0.33768
0.20775
0.07304
-0.61654
-0.32193
-0.50339
-0.89818
-0.62536
-0.58236
0.46306
0.38691
-0.16745
0.16608
0.54006
0.10894
-0.33507
0.27384
-0.25252
-0.19522
-0.04661
0.63551
0.59347
-0.20009
-0.12777
-0.64867
0.05147
0.49416
-0.54194
0.02317
-0.41286
0.01921
0.14468
-0.29137
-0.23836
0.16468
0.50861
0.3123
-0.69081
0.19556
0.74598
-0.63652
0.16974
-0.55514
-0.04431
-0.29801
-0.21306
-0.30279
0.33797
0.74922
0.68164
0.29335
-0.48681
-0.08004
0.50215
0.07491
-0.15946
0.86772
0.60847
0.72507
0.58251
-0.34024
-0.03144
-0.69582
0.61356
0.6919
0.52192
0.31639
0.02228
-0.62582
0.24038
0.3987
-0.8018
-0.78161
0.55584
-0.17561
0.50986
0.38076
-0.53963
-0.46547
-0.66987
-0.44317
0.19574
-0.20231
-0.57385
-0.33235
-0.37726
0.11387
-0.33122
0.6452
-0.73223
-0.20179
0.14025
-0.41319
-0.4269
0.36068
0.48792
-0.16455
-0.02518
0.12466
0.08319
-0.71451
-0.33349
0.75752
0.7228
-0.18957
0.08151
-0.5328
-0.18239
-0.69793
0.70257
0.91853
0.1527
0.53765
-0.65729
0.33963
-0.46451
-0.05709
-0.01047
0.43493
0.57644
-0.62688
0.21225
-0.20262
0.88867
-0.65398
-0.58148
0.67509
0.12963
0.46304
-0.16687
-0.12915
0.56942
0.12441
-0.0687
0.67997
0.35704
0.11732
0.17671
-0.33023
-0.57108
0.34006
0.22164
-0.53883
-0.1982
-0.14783
0.24325
-0.12005
-0.32895
-0.54126
0.65738
0.3568
-0.54283
-0.8065
0.46638
0.91789
0.31434
0.04321
-0.10714
-0.58826
0.8881
0.30152
0.36346
0.02859
0.59715
0.12088
0.31544
-0.70959
0.39291
0.20978
0.32191
-0.83658
-0.92577
0.33439
-0.27255
-0.59542
0.18658
0.36115
0.20237
-0.06239
-0.83952
-0.37947
0.22044
0.42012
0.53122
-0.27457
-0.11273
-0.33443
0.84504
-0.77466
0.72995
-0.70386
0.21427
0.79258
0.30422
0.0703
-0.86621
0.38678
-0.1371
0.45323
-0.67088
0.6233
-0.71268
0.64028
0.13614
-0.39059
-0.61791
-0.10063
0.61588
-0.72515
0.05353
-0.05052
-0.69055
0.3463
-0.09505
-0.83558
0.42285
0.23971
-0.0028
0.79826
0.1187
-0.78802
0.55574
0.2182
-0.33329
0.36324
0.57304
-0.20473
0.43312
-0.3942
-0.25789
0.34001
-0.31477
0.05463
0.48178
0.6471
0.43117
-0.48531
0.03692
0.62903
-0.15499
-0.28683
0.22239
-0.04843
-0.60622
0.42458
0.37604
-0.86744
-0.14701
-0.62633
0.73323
0.12586
-0.29422
0.30825
0.02205
0.5397
-0.76605
0.4386
0.06349
0.36836
-0.64856
-0.6473
-0.45807
0.13418
-0.4477
0.47513
0.03015
0.22736
0.37054
0.34543
0.30815
0.34483
0.45663
0.66534
0.24502
-0.30969
0.0087
0.27697
0.26781
0.10625
0.38144
-0.57104
-0.12532
-0.19738
0.24997
0.09686
0.38949
-0.87655
-0.39336
0.90999
0.38397
0.38537
0.26535
0.62041
0.23358
0.77559
-0.02428
0.31045
0.75228
-0.61035
0.65455
-0.5621
-0.06119
-0.28713
0.41973
0.39482
-0.31897
-0.54694
-0.50796
0.09382
0.14664
0.39097
0.59769
-0.16836
-0.70874
0.37265
0.94819
0.29839
-0.51814
-0.4199
-0.57476
0.07113
-0.69303
0.38499
-0.33675
-0.10815
0.83441
0.22944
0.69061
0.34604
0.41609
0.00923
0.05977
-0.3746
0.74513
0.64415
0.48332
0.48903
0.10606
-0.3991
-0.23573
-0.26762
0.19515
-0.70762
-0.12893
0.56314
0.46771
0.15646
0.25839
-0.15338
0.34318
-0.69534
-0.8183
-0.30581
0.66117
0.84885
0.50029
0.02057
0.60349
0.70353
0.52456
-0.03046
-0.39814
0.88927
0.26291
-0.01191
0.29499
0.02675
-0.27253
-0.66226
-0.04525
-0.14043
0.38774
-0.23538
-0.29435
-0.75815
-0.92925
-0.83585
0.52477
-0.34327
-0.0814
0.35408
0.66692
-0.41536
-0.74736
0.31737
-0.03988
0.04018
-0.17088
0.80074
-0.79935
0.06511
-0.81199
0.83294
-0.29555
-0.00638
0.07531
-0.01337
0.26537
0.05159
0.12094
-0.24593
0.77764
-0.57456
-0.34602
0.84658
-0.16805
-0.45483
0.09023
-0.61276
-0.43254
0.75803
0.15356
-0.1528
0.26028
0.65994
-0.27469
-0.42836
0.54461
-0.29122
0.27566
-0.39446
-0.61109
0.33884
-0.72619
0.13784
0.78181
-0.17998
0.17664
-0.65445
0.02106
0.62914
0.47311
0.33735
-0.09896
0.32872
-0.28261
0.19029
-0.67325
-0.615
0.85781
-0.44394
-0.28364
-0.07202
0.61466
0.32423
0.77553
-0.7948
0.70363
0.5037
0.88749
0.00553
-0.57393
-0.42449
0.35931
0.62241
-0.84814
-0.56643
0.16402
0.35782
-0.08067
-0.83912
0.8581
0.87085
-0.28111
-0.25309
0.73379
0.36895
-0.63547
-0.26116
0.73922
-0.73242
0.57712
0.12879
-0.3647
-0.73123
-0.45836
-0.29666
0.29958
0.16869
-0.2773
0.40149
-0.28563
-0.66358
-0.54706
-0.13872
-0.47426
0.11447
0.20845
0.00136
0.65189
-0.1144
0.87402
-0.38012
0.72004
-0.59343
-0.22063
-0.47362
0.22199
0.40011
0.42802
0.51844
0.29316
0.0232
0.21978
-0.03296
0.92691
0.67602
0.39244
-0.41527
-0.11528
0.18353
-0.59718
0.65613
0.10841
-0.13386
0.38099
0.30926
0.72786
-0.02388
0.23289
-0.25948
0.077
-0.43337
0.40956
-0.62283
-0.4238
0.33326
0.70988
0.77271
0.75984
-0.20599
-0.45647
0.53857
-0.21035
-0.14782
0.1556
-0.30381
0.88554
0.18531
0.7638
0.56031
-0.26151
0.38511
-0.26685
-0.58646
0.06686
0.20378
-0.56587
-0.41376
-0.81562
-0.35742
0.37156
-0.46902
-0.30755
-0.35032
0.22973
-0.51259
0.02735
-0.17462
0.84941
-0.0729
0.63481
-0.50483
-0.34496
0.27421
-0.38436
-0.12306
0.17034
-0.85358
0.61286
-0.04315
-0.34541
0.65205
0.16422
-0.32781
0.39096
0.75524
-0.22978
0.55014
-0.25465
-0.32534
-0.30424
-0.22072
-0.18869
0.56349
-0.14295
-0.36641
0.33925
-0.29596
-0.83699
0.06989
-0.13955
0.29443
-0.51652
-0.90269
0.77642
0.09558
0.19182
-0.07061
-0.04651
0.20514
-0.13467
0.72816
-0.11938
0.88435
-0.56754
-0.14182
0.64652
0.23096
0.01506
0.02172
0.12612
-0.34174
0.13024
0.44515
-0.64619
-0.88378
-0.77309
-0.66689
0.34245
0.73063
0.19327
-0.30952
0.10574
0.09429
-0.3815
0.47097
-0.28128
0.71561
-0.03739
-0.29856
-0.22017
0.42776
0.59196
0.11519
-0.65831
-0.12609
0.4121
0.10826
-0.86142
-0.18139
0.16782
0.17168
0.87342
-0.01029
0.64343
0.21678
-0.53267
-0.41919
-0.89335
0.07009
0.25088
0.35883
0.32261
-0.73299
0.49167
-0.61351
-0.67953
-0.12323
0.03411
0.90209
-0.72691
0.17717
-0.96347
-0.16502
-0.79679
-0.27343
-0.54122
0.62127
0.32177
-0.24385
0.44766
-0.75309
0.43442
0.16761
-0.21334
-0.342
0.57527
-0.84902
0.12973
0.19477
0.81603
-0.18138
0.20945
-0.29002
-0.5931
0.46494
-0.56243
-0.93926
0.44866
-0.00327
-0.84998
0.52532
0.24131
-0.96494
-0.00702
0.67812
-0.77097
0.33209
0.09527
0.57448
-0.44723
0.42103
0.62138
0.36923
-0.24001
0.01469
-0.19483
-0.10574
0.51065
-0.51499
-0.0333
-0.31438
0.05212
-0.61864
0.11001
0.15982
-0.17399
0.211
0.09787
0.46063
0.10439
0.45036
0.42736
-0.51218
-0.27165
-0.43617
0.18733
0.40648
-0.43011
-0.80029
-0.11953
0.37918
0.7259
0.89293
0.81461
0.0191
0.04199
0.65831
-0.01558
-0.21653
-0.09029
0.15354
-0.09259
0.13159
-0.60468
0.53469
-0.60235
0.43285
-0.77241
0.67173
-0.7978
-0.39822
-0.05876
0.28928
0.21172
-0.20836
0.01711
0.28387
-0.3906
0.60384
-0.07655
-0.81813
-0.02141
-0.15701
0.26981
-0.90211
0.22926
0.04961
-0.16601
-0.46347
-0.71265
0.30781
0.53842
0.72088
-0.26693
-0.84651
0.09081
-0.43488
-0.84423
0.76206
-0.63559
-0.51933
0.40095
-0.18905
0.58878
-0.16881
-0.48528
-0.00727
0.69464
0.65935
-0.03399
0.50046
0.01361
0.12582
0.67465
-0.74072
0.18509
0.83651
0.26202
-0.44326
-0.75891
-0.1394
-0.14253
0.43016
-0.53363
-0.41811
0.25037
-0.37723
-0.21268
0.19103
-0.48554
-0.41791
0.72985
-0.1834
0.60588
-0.48246
0.49309
-0.0963
0.43451
0.92752
-0.16611
0.08832
0.29067
0.23214
0.38454
0.81401
0.25705
-0.21426
0.31017
-0.07538
0.83179
-0.02026
0.00413
-0.13949
0.56786
0.45386
-0.72873
-0.01632
0.64389
-0.15131
0.42767
0.25016
-0.54792
0.73365
0.10011
-0.83087
0.11391
-0.41589
0.03546
-0.41542
0.90565
-0.54222
-0.44567
0.42777
0.46064
-0.61435
0.49112
0.52173
0.33082
-0.32901
0.79908
0.24872
0.2069
-0.8373
-0.15965
0.81906
0.66457
0.04096
0.86283
-0.13875
-0.37487
-0.77895
-0.18797
0.80928
0.45814
-0.67346
-0.23204
0.01567
0.14783
-0.45001
-0.41831
0.70594
0.58915
0.44918
-0.33651
0.20242
-0.32247
-0.88502
0.84046
-0.37607
0.05483
0.06748
-0.65899
-0.30946
0.12281
0.09638
-0.57945
-0.39472
-0.4373
0.08849
0.62723
-0.36502
0.41526
-0.31861
-0.11806
0.50404
0.88166
0.5507
-0.08237
-0.01272
-0.15286
-0.12651
-0.07867
-0.2194
-0.86914
0.15048
0.61998
-0.13437
-0.27114
0.17792
-0.65005
-0.66824
0.42906
-0.46759
0.65669
-0.49629
0.30727
0.64078
0.09113
0.37517
0.55769
0.02594
0.23852
-0.32493
-0.35977
-0.19941
-0.23699
-0.39619
-0.15195
0.35457
0.40282
-0.3598
0.00769
0.47029
0.4665
0.21548
-0.25667
-0.82154
-0.10319
-0.17237
0.62792
-0.62216
-0.16932
-0.719
0.43308
-0.70298
-0.4987
0.90494
0.5576
0.16599
0.5002
0.73934
-0.31229
0.40891
0.13562
0.75716
-0.59607
0.1494
-0.51053
0.40734
0.00202
-0.88137
0.90868
-0.07199
0.5272
0.07229
0.56608
-0.37789
-0.22583
0.85173
0.03781
-0.31661
0.41617
-0.7097
-0.95023
-0.50002
-0.45268
0.16291
-0.51611
-0.57749
0.07292
-0.74964
-0.4631
-0.38092
-0.10292
0.30226
0.65373
0.76857
-0.31525
-0.09459
0.29214
0.4473
-0.72136
0.21976
0.04606
-0.87119
-0.00717
0.59683
0.3606
-0.78846
-0.41139
-0.30367
-0.90914
-0.17973
0.1026
-0.70243
0.54328
0.19741
0.29489
0.651
0.21636
0.34182
0.66532
0.52733
-0.40216
0.73447
0.25032
0.00633
-0.2197
0.01129
-0.55468
-0.50628
0.47279
0.45278
0.10648
-0.10218
-0.52167
-0.58098
-0.15306
-0.13698
-0.01257
0.53132
0.03106
-0.46505
-0.86605
0.34265
0.78037
-0.38363
-0.14049
-0.12035
0.86569
-0.58636
-0.65981
-0.02309
0.8199
0.75431
-0.32619
0.09273
-0.09235
0.35382
0.28684
-0.59912
0.4761
-0.29613
0.09812
-0.43072
0.70222
-0.56137
0.57343
0.61676
-0.56589
-0.06751
0.3751
0.01727
0.61016
0.20856
0.42889
-0.16399
0.35947
-0.06859
-0.31522
0.32348
0.4165
0.91925
0.2085
-0.51171
0.164
-0.29985
-0.27283
-0.6104
-0.7094
0.40851
-0.48046
-0.23314
0.61334
-0.20604
-0.64881
0.51776
-0.2914
-0.1267
-0.46202
-0.03144
0.78735
-0.26658
0.41522
0.59901
0.15773
-0.20286
0.17075
-0.51467
0.48214
-0.67515
0.15433
-0.83955
-0.49092
0.20411
-0.90075
0.58405
-0.53298
-0.26388
0.3639
0.70916
0.40768
0.57417
-0.40984
-0.06988
-0.30945
-0.37852
0.54418
0.60919
0.05209
0.06762
-0.525
0.30539
0.63303
-0.28839
-0.8295
0.9263
-0.93004
-0.69506
0.55429
0.66969
-0.50945
-0.06663
0.44298
-0.28777
-0.38301
0.0306
-0.47435
-0.91111
0.11198
0.66782
-0.081
0.82127
-0.6521
0.06928
0.94039
0.72374
-0.46607
0.38338
-0.68031
0.30676
0.5267
0.90439
-0.50968
0.40834
0.67908
0.53595
0.55569
-0.10538
0.00381
-0.58934
-0.2245
-0.0179
-0.30561
0.11567
0.10413
0.34202
-0.07583
0.73579
-0.25971
0.49906
-0.10922
-0.51519
0.00137
-0.2248
-0.23659
-0.60619
-0.06222
-0.23384
0.5378
-0.26223
0.5456
0.90223
-0.17725
-0.05824
0.74657
0.78041
0.42978
0.57491
0.23796
-0.70934
0.48798
-0.03242
0.29171
-0.32318
-0.43793
-0.10253
0.73767
0.5119
0.8887
0.12159
-0.01953
-0.51445
0.31207
0.14704
-0.66987
0.93113
0.83445
0.10983
-0.29764
0.27394
0.11715
-0.65423
-0.46337
0.00183
0.96723
-0.06984
0.89906
-0.14221
0.70356
-0.29009
-0.72566
0.02351
0.22223
0.55289
-0.44011
0.71506
0.80966
0.3444
-0.44632
0.77236
-0.74582
-0.07316
0.08062
0.17128
0.4206
-0.53134
0.63456
0.02335
-0.12889
0.62953
0.19576
0.11261
-0.65834
0.52709
0.30647
0.95618
-0.36585
-0.75447
-0.12448
-0.13704
0.61988
0.81509
0.71745
0.25468
0.22075
-0.1879
-0.46187
-0.75234
0.24171
-0.63634
-0.65177
0.00271
-0.33078
-0.58281
-0.07201
0.02026
-0.09112
-0.02401
-0.18742
0.29218
-0.6899
-0.43523
0.37133
-0.25004
-0.78945
-0.86264
0.11518
-0.49927
0.89912
-0.04771
0.20758
-0.5072
-0.70325
0.70405
0.91412
0.79334
-0.87081
0.77221
0.64807
0.78083
-0.1906
-0.07962
-0.05283
0.25446
-0.22733
-0.18183
0.0385
0.81976
0.37883
-0.18353
0.61137
0.62077
0.10808
0.07397
0.60836
-0.23026
0.64402
0.66299
0.14652
0.29604
0.80913
-0.25139
0.04896
-0.80651
0.05237
-0.95424
0.80479
0.55689
0.83971
0.24696
-0.25712
0.57675
-0.05054
-0.16876
0.89743
0.48781
-0.62426
-0.81528
0.00481
-0.91638
-0.71496
0.15004
-0.03484
0.33439
0.27487
-0.87113
0.76397
-0.1712
0.27167
-0.12846
-0.67777
0.93446
0.32475
-0.88669
0.90359
0.32045
0.3643
-0.41833
-0.2627
0.7215
-0.61753
-0.54986
-0.56165
0.12677
-0.25827
0.2042
-0.3001
0.13024
0.10756
-0.13773
-0.75125
-0.25332
0.10109
-0.65061
0.62946
-0.52202
-0.4876
0.43186
0.25598
0.40609
-0.64497
-0.53492
-0.73436
-0.48367
0.87383
-0.75877
0.92586
-0.10995
0.28891
0.61244
0.70785
0.55466
0.51929
0.01593
-0.07745
-0.09983
0.18549
0.30131
0.27995
-0.68018
-0.4976
-0.11511
-0.78223
0.85261
0.08308
-0.251
-0.20129
-0.61074
0.13226
-0.80187
0.49854
-0.09199
0.1999
0.21092
-0.01251
0.26337
-0.14322
0.58228
-0.55797
0.14667
0.71912
-0.80535
0.573
0.31344
0.88309
-0.5199
0.27825
-0.53696
-0.84451
0.57183
0.67864
-0.33624
0.62312
-0.60485
-0.14649
0.27467
0.04577
-0.18866
-0.12133
-0.73273
0.38431
0.29541
-0.1034
0.46843
0.10988
-0.4768
-0.6072
0.27991
-0.06246
0.02158
0.03975
-0.63219
-0.09916
0.17075
-0.63555
-0.24179
-0.68316
0.14567
0.36874
-0.45513
0.63066
0.03101
0.53242
0.58358
-0.82919
0.40823
0.2674
0.66323
-0.80475
0.1516
-0.81871
-0.25713
0.02087
-0.34952
0.02779
-0.18544
-0.78696
0.09192
0.76687
-0.10871
-0.16057
-0.07534
-0.81307
0.2912
-0.28478
0.73283
-0.26878
-0.61253
-0.05808
0.13288
-0.34329
0.14248
-0.5408
0.46702
0.69588
0.35879
0.21934
-0.42658
-0.32479
0.5949
0.76364
-0.33342
0.39531
-0.20815
-0.81478
-0.38317
0.70185
0.25803
-0.41929
0.56765
0.49823
-0.63755
0.23687
0.89442
0.2379
-0.86332
0.2705
-0.0611
-0.0207
-0.77108
-0.15737
0.28456
0.57893
0.49978
0.24257
0.83318
-0.26316
-0.97297
0.46486
-0.46332
0.63475
-0.35606
0.43787
0.12236
0.23746
-0.55537
0.45673
0.44425
0.0354
0.19291
-0.69955
0.33182
0.36367
0.0001
0.28581
0.32737
0.17197
0.67504
0.01488
-0.70866
0.17342
-0.46656
0.06242
0.55356
0.17908
-0.10739
-0.00121
0.87104
-0.00589
0.59054
0.21722
-0.16862
0.70341
0.63983
0.20391
-0.46361
0.16683
-0.66672
0.04607
-0.92577
0.01137
-0.53745
0.42109
-0.47888
-0.18987
-0.47748
0.46271
-0.17213
0.27881
-0.38185
0.81629
0.31103
0.16574
0.64192
-0.22302
-0.43696
0.19178
-0.506
0.13506
0.06957
0.21765
-0.48379
-0.08361
-0.64014
0.26206
0.13544
0.34843
-0.62993
0.38443
-0.46922
0.87003
0.65919
0.25197
-0.37937
0.06315
0.76666
-0.35136
0.46131
0.56332
0.59324
0.74963
-0.30403
0.53501
0.50096
0.53459
-0.12651
-0.13159
0.49078
-0.92622
-0.5561
-0.53589
0.69511
0.59149
-0.46725
-0.4166
-0.43683
-0.05835
0.3753
-0.458
0.05166
-0.08834
0.13568
-0.19746
0.41014
0.09121
-0.02274
0.30576
-0.26418
0.85655
0.43468
-0.44717
0.61363
-0.84514
0.75472
-0.11787
-0.07894
0.47708
0.13056
0.78996
-0.44153
-0.65126
-0.02489
-0.45104
-0.0888
-0.32908
0.01689
0.1901
0.58455
-0.27413
0.45314
0.47087
-0.91127
0.13093
0.39681
-0.77919
-0.621
0.00957
-0.18899
-0.90726
-0.51756
0.29862
0.00239
-0.19263
0.43913
0.20994
0.52734
-0.85407
-0.91162
-0.80762
-0.44518
0.80144
0.0897
0.14406
-0.44573
-0.02146
-0.14847
-0.16052
0.05304
-0.63459
0.45766
0.75421
-0.65529
0.33694
-0.04228
-0.58373
0.3485
0.8024
-0.57992
-0.01338
0.59902
0.01868
-0.06541
-0.03982
0.32968
0.56837
0.71301
-0.22331
0.38243
0.36435
-0.59728
0.67072
0.12438
-0.38188
-0.33401
-0.48918
-0.64425
-0.77343
0.25432
0.91614
-0.3158
0.2849
0.58476
-0.66115
0.81168
-0.23651
-0.15274
-0.1608
-0.66747
-0.26297
0.679
-0.16836
-0.00807
-0.07497
-0.69376
-0.11677
0.61615
0.18141
0.02339
-0.40337
-0.0706
-0.2327
0.42262
0.49887
-0.35067
0.6026
-0.41873
-0.83324
0.93593
-0.38843
-0.32849
-0.68287
-0.31914
0.16869
-0.61677
0.20152
0.63275
0.33958
-0.54682
0.65654
0.29997
-0.11627
-0.05334
-0.40488
-0.6525
-0.75443
-0.23891
-0.69766
-0.11827
-0.03182
0.82211
0.21779
0.69525
-0.36171
0.3931
-0.79885
0.1046
-0.45126
-0.66884
-0.17981
-0.00152
0.22526
0.42992
0.49269
-0.69551
-0.5513
0.18348
-0.50089
0.66011
0.64046
-0.90599
0.68994
-0.03008
-0.3741
0.19837
-0.03119
-0.52752
0.64055
0.62102
0.76486
-0.49485
0.60261
0.87407
0.40447
0.58968
0.41015
0.17248
-0.32835
0.08343
-0.43873
0.26147
-0.50841
0.51301
0.88435
0.24083
0.88612
0.15583
-0.57529
-0.09571
-0.08325
-0.4222
0.24582
0.19406
0.17018
-0.23942
0.05379
-0.73894
-0.76305
0.5702
-0.40753
0.61401
-0.43798
-0.12373
0.0917
-0.47937
-0.67837
-0.12891
0.51886
-0.17638
-0.41233
0.35599
-0.56833
0.32249
0.41287
0.34104
0.10788
-0.41565
-0.28495
-0.75508
-0.68177
0.28126
-0.69339
-0.87838
-0.13215
0.16542
0.6725
-0.04617
0.4598
-0.87968
0.52987
0.1724
0.2497
0.10301
-0.69807
-0.31458
-0.27521
0.86682
-0.69387
0.13442
0.56819
-0.26563
-0.82367
0.32948
0.26579
0.28402
-0.3858
-0.17006
-0.42795
0.87723
0.47365
0.87206
0.55295
0.68054
-0.94929
-0.64055
0.08017
0.5225
-0.43532
0.04589
-0.60603
-0.21287
0.74064
0.64073
-0.30587
-0.572
-0.79906
0.16234
-0.45059
-0.10115
-0.40016
-0.04834
-0.04945
0.78862
0.33699
0.04261
0.29086
-0.4625
0.61168
0.11572
-0.50556
-0.93123
-0.72517
-0.17796
0.05489
-0.23296
-0.20452
0.12823
0.31959
-0.60172
0.22324
0.67978
-0.66339
0.7882
0.37099
0.19887
-0.13346
-0.26705
0.1447
0.75313
-0.58526
0.15302
0.14916
0.04138
0.8473
-0.3082
-0.37594
-0.22221
0.50046
0.63428
-0.30977
0.43369
-0.51007
-0.54882
-0.07941
-0.04566
-0.50316
-0.30132
0.75262
0.51681
0.32574
-0.53472
0.44388
0.71092
0.02106
0.19025
0.88526
-0.94682
-0.73168
-0.18815
0.13532
-0.15649
-0.10854
-0.33454
0.13164
0.5027
0.19537
0.58555
0.16539
0.3478
0.54595
-0.34045
-0.14371
0.65594
-0.00173
0.41664
0.05764
0.3212
0.50055
-0.7268
0.51963
-0.27713
0.86334
0.23651
0.40703
0.24706
-0.25111
0.04964
-0.72694
0.22458
0.67385
0.28531
0.21862
0.57305
-0.82924
0.36535
-0.65804
-0.44973
-0.11454
0.80637
-0.62777
-0.30097
0.68855
-0.69883
0.07296
-0.23151
-0.22398
0.45538
-0.6448
-0.02898
0.60743
-0.11332
-0.04954
-0.13296
-0.08961
-0.64309
0.23435
-0.86592
0.55165
0.67975
0.83556
0.10231
0.24425
-0.04212
0.09724
-0.66532
0.06353
-0.26285
0.29753
-0.37882
-0.11495
0.8162
0.4966
0.35932
-0.82388
-0.53266
0.19344
0.39264
0.38587
-0.32398
-0.24363
-0.01783
-0.20538
-0.19532
0.46532
-0.15008
0.67458
-0.22085
-0.39884
0.5667
0.3346
-0.34767
0.06849
-0.10107
-0.2388
-0.15287
0.07921
-0.31236
-0.25603
-0.3222
-0.21507
0.23662
0.21757
0.13754
-0.45582
0.0232
-0.07152
-0.87448
-0.11555
-0.34582
-0.50457
0.61785
-0.34884
0.40955
-0.86715
0.49169
0.47649
0.79926
-0.07805
-0.16061
-0.04013
-0.52333
-0.77058
0.33448
0.89199
0.2062
-0.41957
0.11801
0.15459
0.00215
-0.64005
-0.23268
0.2767
-0.29065
-0.20545
-0.53493
0.40782
-0.74631
-0.62125
-0.14613
0.03328
-0.50302
-0.70603
0.45971
-0.49547
0.31341
0.53814
0.30104
0.11426
0.57093
-0.44561
-0.67419
-0.12475
-0.49727
0.22556
0.41198
-0.68337
0.04811
-0.3549
0.17041
-0.5635
0.34189
-0.80875
-0.6402
0.11088
0.80216
-0.23833
0.63105
-0.3178
0.47477
-0.11662
0.35865
0.66319
0.81311
0.54043
-0.24004
-0.71191
-0.40878
0.3524
0.48688
-0.87693
0.69899
-0.32522
-0.54456
0.6624
-0.18386
0.22372
0.19635
-0.16895
-0.72873
-0.02501
-0.23253
0.44824
-0.28852
-0.36527
0.20407
0.04471
0.35275
0.79214
-0.6035
-0.52584
-0.47881
0.57777
0.27762
-0.14817
-0.42974
-0.23054
-0.35205
0.70808
0.0194
0.78442
0.54492
0.10959
0.54454
0.16585
-0.05176
-0.15964
0.75673
-0.49926
0.18999
0.06404
-0.38275
-0.88737
0.59844
0.53465
0.7065
0.55058
0.92641
-0.53664
-0.23183
0.90173
0.09123
-0.08773
0.69029
-0.72399
0.1302
0.15489
-0.13485
-0.51781
-0.85378
0.89455
-0.26269
-0.56631
0.38818
0.24999
-0.30351
0.60592
-0.03221
0.28109
0.0847
-0.66076
-0.30123
0.46833
0.79305
0.63396
0.52998
-0.17504
0.32687
0.49583
0.69879
-0.17368
0.14137
-0.407
0.75909
-0.68303
0.62944
0.27872
-0.25898
-0.21492
0.47616
0.19273
-0.18492
0.6411
0.23265
0.24313
-0.26481
-0.03316
-0.43652
0.35552
-0.7858
-0.34104
-0.09151
0.5291
-0.52508
-0.44266
-0.1642
0.26537
0.75515
-0.3961
-0.14492
-0.5646
0.25095
0.63112
-0.84363
-0.29647
0.07235
-0.81807
-0.5442
0.52401
0.48743
0.75143
0.10388
0.568
0.54557
0.76319
-0.6133
-0.22306
0.24815
-0.70277
0.01526
-0.19055
0.48927
0.49745
0.93848
0.65455
0.5552
-0.39221
-0.46521
-0.5176
-0.44764
-0.61078
-0.11934
-0.70536
0.08519
-0.28771
-0.27888
0.25279
-0.36118
-0.02077
0.79288
-0.19633
-0.78947
0.39078
-0.54756
0.2149
0.03025
0.31913
0.02527
0.6228
-0.07953
0.05115
0.48905
0.22371
0.45844
-0.51718
-0.83656
-0.30309
-0.59166
0.15099
0.53742
0.89613
-0.57114
-0.32909
-0.82019
-0.68778
0.44832
-0.88882
0.61441
0.81578
0.4815
0.14481
0.6905
0.4247
0.59986
-0.71822
0.88925
-0.79755
-0.50805
0.05058
0.77264
0.67467
0.18399
0.03855
0.8491
0.08369
0.35242
-0.54766
0.06123
0.17275
-0.41439
0.39936
0.34576
0.7055
0.25503
0.09653
0.60709
-0.0432
0.04401
-0.16221
0.29294
0.79417
-0.15607
0.52392
0.53976
-0.21384
-0.5703
-0.7713
0.08815
-0.08574
-0.05226
-0.122
-0.91034
0.47627
0.46628
-0.88801
0.24501
-0.68114
-0.07306
-0.02008
0.42089
0.07289
0.47004
0.13933
0.38883
-0.27793
-0.60122
0.16583
0.82718
-0.52913
-0.64222
-0.58886
-0.02353
0.10528
0.89791
0.0302
0.48532
0.4674
-0.18342
0.02609
-0.30464
0.90179
-0.01968
-0.70837
0.72442
-0.41435
-0.42195
-0.41432
-0.89155
0.12942
0.89101
-0.1326
0.42831
-0.15702
-0.944
0.63568
-0.72906
0.45315
0.02599
0.00835
-0.80594
-0.74838
0.77944
-0.21169
-0.74536
-0.0264
-0.17302
0.81408
-0.78127
-0.04103
0.88279
-0.81425
-0.61689
0.35401
-0.08215
0.11798
0.32444
0.22852
-0.22482
-0.42033
0.41101
0.28389
-0.20542
-0.7257
0.62513
0.64382
0.36256
-0.92195
0.43656
0.51012
-0.80795
-0.64881
-0.51625
-0.62533
-0.89886
0.80686
0.68999
0.96568
-0.05602
0.81629
-0.54574
0.52478
0.63652
-0.17154
0.49456
0.19152
-0.60692
-0.55631
-0.29371
0.56942
0.15326
0.52583
-0.4835
0.82076
-0.60955
0.02628
-0.34721
0.59907
-0.25538
0.46255
-0.83086
0.3464
-0.59636
0.12676
0.35615
-0.06434
-0.15174
-0.49336
-0.14584
-0.40854
0.49771
0.42273
-0.15865
-0.2708
-0.05262
0.20121
-0.7486
-0.30627
0.8579
0.18355
-0.75493
-0.37122
0.20512
-0.71768
0.7977
-0.6276
-0.06223
-0.37279
-0.03885
-0.90409
-0.12123
0.34066
0.44575
-0.09534
0.70629
0.50928
-0.83759
0.39608
0.87408
-0.31244
-0.41854
-0.65139
0.50403
-0.25383
-0.0131
0.71424
-0.07068
-0.82668
0.26966
-0.88735
0.14294
0.75719
0.45648
0.28258
-0.12727
0.62608
0.22126
-0.09373
-0.7019
0.25551
-0.82594
-0.02062
0.48779
0.86638
-0.16694
-0.61323
-0.61609
-0.85046
-0.08032
-0.75032
-0.9191
-0.12877
-0.57289
-0.15895
-0.06836
-0.8691
0.47273
0.68703
0.28309
-0.34521
-0.34694
0.46109
0.59615
-0.05338
0.57902
0.06676
-0.31373
-0.20141
-0.22841
0.71659
0.69394
0.57266
0.37773
-0.26298
0.64322
0.36373
-0.44098
0.13974
0.1234
0.15366
0.48386
0.64378
-0.03725
-0.80562
0.62104
0.01209
-0.43735
0.16513
0.62861
-0.77529
0.62875
0.07098
0.33059
0.57143
0.03774
0.04894
-0.49292
0.33843
-0.33287
0.16486
-0.13588
0.20225
-0.36044
-0.62086
0.07545
-0.15228
0.05599
0.64992
-0.16614
-0.11113
-0.10877
0.3497
-0.05656
0.9406
0.08863
0.46604
-0.51342
-0.66437
0.41205
0.36963
-0.7407
0.93739
0.35595
-0.35132
-0.70229
-0.6956
-0.22598
-0.20722
0.59074
-0.61252
-0.17893
0.05859
0.66346
-0.40243
-0.75361
0.60775
-0.43856
0.75641
-0.40095
-0.8401
-0.19342
-0.91281
-0.02542
0.36496
-0.31458
-0.34673
0.23737
0.42116
-0.83964
0.27779
-0.69427
0.55302
-0.16297
0.24687
0.77425
0.01371
-0.68134
0.61755
-0.6714
0.56809
0.53671
0.1354
0.12757
0.2893
0.50393
0.15487
-0.82894
-0.11644
0.67058
-0.55386
0.12206
-0.22254
0.58282
-0.76382
0.2908
-0.0189
-0.50924
0.88573
0.59556
0.73869
-0.595
0.58059
-0.40246
0.70833
-0.80797
-0.12686
-0.2161
-0.30414
0.40547
-0.41385
0.12023
0.29092
-0.34342
-0.07326
-0.5101
0.63852
0.18304
0.25865
-0.33952
0.66947
0.08529
-0.11686
0.8183
-0.60981
-0.04683
-0.79504
0.48383
-0.03839
-0.61432
0.14316
-0.67211
0.83953
-0.10588
0.05306
0.42934
0.12118
-0.28138
0.28009
-0.22728
-0.48571
0.2582
-0.48861
-0.8664
-0.55741
0.54259
0.38767
-0.01744
0.01876
-0.56036
0.02458
-0.94159
-0.28094
-0.39243
-0.24596
0.12909
0.64837
0.42177
-0.59729
0.67223
-0.38465
-0.02156
0.16321
0.14565
-0.38287
-0.74074
-0.40883
-0.06889
-0.64315
0.622
-0.38862
0.62917
0.54508
-0.18559
-0.90368
0.17918
0.45279
-0.65702
0.5227
-0.34429
-0.41804
-0.95939
-0.45537
-0.45683
0.48271
0.16121
-0.5657
-0.49593
-0.26857
0.22186
-0.19953
-0.35928
-0.28059
0.89055
-0.84057
0.01532
0.6928
-0.56389
-0.67548
0.21614
0.17526
-0.81954
-0.25653
-0.13322
0.09798
-0.2855
-0.22274
0.46195
-0.26718
0.16321
-0.28067
-0.4778
0.38727
0.33042
0.46569
-0.20918
-0.86415
-0.41302
0.13962
0.88138
0.84011
-0.2055
-0.33545
0.46707
-0.34994
0.70533
0.83691
-0.85689
0.06561
0.11457
-0.387
0.01969
-0.57069
0.24627
-0.7574
0.06724
0.25573
-0.52309
0.25652
-0.39359
0.52454
-0.14859
0.65239
0.25353
-0.36858
-0.3639
0.85455
0.65331
-0.8001
-0.43339
-0.48253
0.21649
-0.6483
-0.76716
0.3893
-0.25683
-0.67637
-0.21523
-0.16986
-0.03658
-0.42692
-0.20027
0.50025
-0.85342
-0.2311
0.31418
-0.74473
0.82667
0.23539
-0.0362
-0.35398
0.72801
-0.62059
-0.58342
0.5719
-0.24711
-0.255
0.67728
-0.50222
0.8378
0.86383
-0.08434
0.53485
0.60275
0.00737
-0.10544
0.61407
-0.27286
-0.1798
0.79357
0.40672
0.60105
0.52189
-0.5298
-0.24593
0.61702
-0.47954
0.52005
0.39737
-0.40927
-0.40179
-0.79116
-0.56188
0.05525
0.66994
0.94113
-0.17482
0.31233
-0.38244
0.23969
0.02628
-0.11233
-0.23237
-0.08651
-0.41073
0.55017
0.13336
0.5049
0.18297
-0.48507
0.16878
-0.55947
0.52992
0.49561
-0.18741
0.10285
0.7815
0.3563
0.34349
0.70097
-0.63411
-0.26131
-0.61899
0.43984
0.47499
-0.08917
-0.03422
0.20718
0.60265
0.72414
0.42037
0.18657
0.59911
0.54828
0.08587
0.41065
-0.30002
-0.33217
0.145
0.10898
-0.15643
-0.82832
-0.13314
-0.7325
-0.2671
0.41288
0.33564
-0.21436
0.26165
-0.69726
0.39361
0.20217
0.18328
0.42798
-0.77952
0.58537
0.17404
-0.49495
0.07526
-0.72499
0.2548
-0.82243
0.47408
-0.669
-0.0891
0.03131
-0.15669
-0.90015
-0.50513
-0.21647
-0.50735
-0.3358
0.75686
-0.32453
0.8241
-0.0952
0.50218
0.14054
0.28501
0.10195
-0.87204
0.40077
-0.26217
0.30567
0.7724
0.84479
0.22229
0.55705
-0.39164
0.10473
-0.40449
0.81854
0.22608
0.3446
0.38084
0.59832
0.53527
-0.77287
0.30623
0.92767
0.39281
-0.05608
0.82754
-0.33612
0.42444
-0.73968
0.40868
0.39125
-0.85615
-0.79627
-0.78549
-0.00924
-0.68336
-0.88727
0.45319
-0.75549
-0.59211
0.40591
-0.60837
-0.06159
-0.45476
-0.22396
-0.74217
-0.05798
-0.17967
-0.26729
0.24793
0.57196
0.5911
0.32401
0.33057
0.70403
-0.35337
-0.11721
0.2481
-0.52139
-0.71421
-0.78335
0.28342
-0.71517
-0.45618
0.16099
0.08252
-0.10618
-0.80535
0.07337
-0.42028
-0.5126
-0.46208
-0.0188
0.53996
0.37777
-0.29258
-0.31468
-0.4137
-0.21835
-0.09043
0.34551
0.15413
-0.82745
0.22469
0.50534
-0.10333
0.03904
0.31614
-0.03259
0.61295
-0.20715
0.01558
-0.80198
0.31328
0.56684
-0.44388
-0.29937
0.48158
0.32471
-0.31373
-0.75497
-0.3016
-0.63109
0.00949
0.53258
0.14115
0.03337
0.3574
0.19623
0.21521
-0.18411
0.83108
0.58372
-0.5823
0.52685
0.24412
0.93399
0.82596
-0.25134
-0.76099
-0.04318
0.0987
0.46161
0.15369
0.80428
0.04742
-0.33996
-0.32796
-0.23527
0.18377
-0.70266
-0.43413
0.89407
-0.73994
0.00134
-0.06318
0.63839
-0.62974
-0.72643
0.63035
0.24301
0.32331
-0.52146
0.82035
0.04558
-0.02341
0.85366
0.20048
0.18807
0.34992
-0.61245
-0.17062
-0.00794
0.4129
0.27818
-0.43045
-0.27604
0.38487
0.24039
-0.42628
0.51313
0.361
-0.19253
0.0289
-0.03418
-0.59216
-0.34378
-0.14231
0.04781
0.50609
0.86792
0.68676
0.3057
0.52377
-0.61264
0.41453
0.55454
0.12099
-0.5973
0.70648
-0.03989
0.68926
0.42002
0.42549
-0.25921
0.51946
-0.61084
-0.64741
-0.20984
0.23639
-0.63612
-0.10101
0.18462
0.47635
-0.31049
0.12315
-0.61821
0.27908
-0.08628
-0.0331
0.40077
0.04941
-0.84969
0.12971
0.65482
0.5755
0.44657
0.67555
-0.74897
0.07486
-0.11857
-0.46029
-0.65105
-0.14781
-0.22338
-0.86646
0.69326
-0.6033
-0.44599
-0.2855
0.80496
-0.08522
-0.56224
0.01151
-0.00957
0.69896
-0.10866
-0.28789
-0.17558
-0.01142
-0.3248
0.38133
-0.79402
0.25432
0.75973
0.6877
0.85063
0.184
0.5944
0.08014
0.4725
-0.11016
0.48077
-0.65089
0.28148
0.6518
0.4843
0.51106
0.09505
0.84734
-0.12961
-0.83568
-0.28516
-0.45605
0.80581
0.18936
0.57428
0.53369
0.30017
0.55381
-0.46954
-0.0175
0.48456
-0.27313
-0.26363
0.84843
-0.61131
-0.15944
0.24858
-0.39753
-0.32926
0.67379
-0.18962
-0.4979
-0.91125
0.20487
-0.73923
-0.07093
-0.05617
0.04728
0.54253
0.03153
-0.02994
-0.49342
-0.53078
-0.72171
0.17103
0.42659
0.2792
-0.58188
-0.67633
0.1182
0.18332
0.80057
-0.26285
0.44599
0.56618
-0.44742
-0.24564
-0.79852
0.31655
0.78639
-0.08424
0.39053
-0.11455
-0.55428
0.2711
0.05942
0.1268
-0.72191
-0.28664
0.93526
-0.06729
-0.19106
-0.25594
-0.23771
-0.86428
0.1653
-0.13008
0.72583
-0.37111
-0.14901
0.10433
-0.03278
-0.14133
-0.68043
0.21091
0.19794
0.1036
0.3381
0.48266
-0.16599
0.67866
-0.23107
0.26509
0.2802
0.69236
0.09268
0.80642
-0.57729
-0.38212
0.20186
0.18368
-0.64747
-0.74559
0.1024
0.30784
-0.79023
0.40854
0.11457
0.06462
0.54352
-0.39349
-0.1654
0.05519
0.32129
0.67422
0.09135
-0.30966
-0.03793
-0.18485
-0.53887
-0.40841
0.55665
0.02974
0.63569
0.18353
-0.31511
0.49483
0.56997
-0.87771
-0.93142
-0.58152
-0.08296
0.18665
0.47397
-0.87052
-0.43628
-0.37078
-0.0131
0.07345
-0.86533
-0.67641
-0.46842
-0.91009
-0.79262
-0.37085
-0.84327
0.23615
-0.5525
-0.59068
-0.09094
0.46319
-0.35767
-0.46042
0.01557
-0.58516
0.38038
-0.21782
0.32789
0.69675
0.6078
0.52557
0.79319
0.65852
0.13003
0.12465
-0.01734
-0.05929
-0.87096
0.51585
-0.30059
-0.47902
-0.27066
0.119
0.61679
-0.07698
-0.16951
-0.21519
0.26464
-0.04873
0.08092
0.02583
0.38199
0.14933
0.62151
-0.42588
0.66027
0.32404
-0.36469
0.62434
-0.72193
0.27922
-0.40569
0.03652
0.20313
0.10886
0.15698
-0.6201
-0.33063
0.85694
-0.79233
0.45051
-0.47895
-0.6991
-0.31806
-0.07077
-0.18316
0.16943
-0.74813
-0.5586
0.71858
0.03443
-0.39927
0.36595
0.80841
0.73102
-0.01149
0.58894
-0.88774
0.20038
0.29874
0.43083
-0.37304
-0.36842
-0.17898
0.67387
-0.67776
-0.47119
-0.30998
-0.7786
0.07544
0.09374
-0.32711
-0.23836
-0.12764
-0.53117
0.44878
0.10637
-0.17746
-0.0553
0.71458
-0.13666
-0.53473
-0.85451
0.55335
0.53655
-0.01116
-0.56707
-0.38129
-0.36636
-0.52023
0.76548
-0.19744
0.09246
0.6682
0.33368
0.1277
0.23004
0.02273
0.57449
0.39972
0.17874
0.79613
-0.51833
-0.36087
-0.3785
0.88037
0.06055
0.08974
-0.37046
-0.58524
-0.51804
0.10495
-0.03656
0.66018
-0.09824
0.15668
0.27522
-0.62164
-0.27422
-0.02479
0.60019
-0.21014
0.25329
-0.94349
0.80918
0.32642
0.29819
-0.13849
-0.3025
-0.8392
0.89283
0.23105
-0.17691
0.32331
0.20842
0.2353
0.16626
-0.18803
0.1105
-0.06723
0.38344
0.37737
-0.30183
-0.13835
-0.51458
0.17253
-0.02285
0.02517
-0.27545
-0.75096
-0.00444
0.36258
-0.95859
-0.86526
-0.37415
-0.09732
-0.33845
0.0566
-0.70652
-0.5079
0.14247
0.69324
-0.24325
0.64758
0.57363
-0.72924
0.18139
0.49597
-0.11015
0.83996
-0.86361
-0.39527
0.03779
-0.5222
0.37407
-0.3306
-0.10524
0.76657
-0.14525
-0.4371
0.75385
-0.81913
-0.1069
0.4269
0.37938
0.54421
0.7709
-0.69881
-0.92537
0.02572
0.12197
-0.01912
-0.16198
0.38998
-0.55018
0.22538
0.35895
-0.40406
-0.51552
-0.41437
0.11848
-0.22408
0.22377
0.81305
0.27075
0.35794
0.33484
-0.4231
0.48336
0.37076
-0.68114
