0.79532
0.60259
0.98047
0.96204
0.45829
0.38586
0.90795
0.75782
0.95377
0.81994
0.48858
0.97904
0.94003
0.61355
0.54517
0.64566
0.83064
0.69957
0.43718
0.96723
0.82991
0.6011
0.74168
0.88209
0.71815
0.82403
0.95559
0.4844
0.74127
0.92986
0.40068
0.64969
0.83917
0.86011
0.92672
0.89733
0.37657
0.81173
0.57124
0.73153
0.7296
0.80082
0.56654
0.76424
0.87798
0.42127
0.98424
0.90774
0.39445
0.82808
0.73473
0.39391
0.99525
0.60899
0.53695
0.9729
0.84493
0.90762
0.74479
0.50017
0.68035
0.87908
0.55852
0.92757
0.60362
0.96702
0.93214
0.56981
0.68301
0.81703
0.92848
0.85196
0.86878
0.9703
0.94207
0.83731
0.69377
0.92588
0.39455
0.40111
0.81258
0.61984
0.47434
0.60231
0.81931
0.49634
0.90714
0.90504
0.72456
0.72766
0.84512
0.87456
0.47758
0.53339
0.42046
0.97152
0.43289
0.85283
0.59041
0.82435
0.71722
0.70647
0.69759
0.9163
0.80415
0.61757
0.40108
0.90098
0.38888
0.48419
0.67822
0.80677
0.88056
0.69524
0.32593
0.95634
0.89592
0.58678
0.75304
0.98356
0.9581
0.34632
0.46134
0.87275
0.81909
0.74482
0.38449
0.98112
0.9922
0.47545
0.40349
0.35939
0.65564
0.97808
0.88019
0.90155
0.7797
0.63956
0.54587
0.72334
0.90588
0.32302
0.78961
0.80701
0.77401
0.88438
0.76596
0.75471
0.45288
0.64114
0.50175
0.45764
0.81336
0.7736
0.80604
0.5859
0.92998
0.69473
0.53393
0.76082
0.87759
0.80812
0.94863
0.95336
0.95804
0.77878
0.66289
0.58596
0.60679
0.85755
0.93512
0.92769
0.45939
0.92334
0.52464
0.89556
0.64965
0.90834
0.63138
0.51843
0.75314
0.73088
0.87416
0.6832
0.45973
0.90348
0.94691
0.67118
0.78633
0.50612
0.9172
0.7451
0.46858
0.79518
0.36675
0.64482
0.6051
0.55212
0.39743
0.83783
0.60277
0.72477
0.42155
0.88932
0.71315
0.69246
0.90195
0.73773
0.59196
0.84907
0.93515
0.99487
0.99288
0.84871
0.85957
0.76587
0.95498
0.64759
0.86871
0.47601
0.74264
0.9767
0.73167
0.51867
0.80538
0.96773
0.75445
0.84394
0.96825
0.46734
0.98005
0.72953
0.70564
0.66157
0.96529
0.71071
0.66736
0.63659
0.46608
0.77685
0.93588
0.96828
0.90075
0.52728
0.55904
0.48089
0.49957
0.3899
0.42461
0.44561
0.69844
0.44157
0.81339
0.95072
0.65157
0.91628
0.34203
0.99692
0.49006
0.77219
0.8933
0.61183
0.61399
0.73246
0.97059
0.87045
0.90272
0.54301
0.42166
0.47193
0.61515
0.36411
0.93368
0.485
0.57645
0.50017
0.86801
0.52836
0.7887
0.6516
0.69849
0.8515
0.71836
0.95237
0.60027
0.4532
0.42193
0.77708
0.65828
0.91612
0.55093
0.42434
0.82009
0.62016
0.5626
0.91903
0.99463
0.86649
0.89497
0.6297
0.99452
0.88657
0.28152
0.44134
0.93125
0.35346
0.4413
0.66745
0.79762
0.74897
0.74756
0.62216
0.62915
0.72987
0.89234
0.91588
0.54042
0.97218
0.894
0.617
0.56237
0.50601
0.99543
0.90107
0.65164
0.91363
0.97325
0.68107
0.60837
0.88889
0.7354
0.66936
0.44429
0.72449
0.86271
0.88661
0.73556
0.36483
0.79644
0.7753
0.53164
0.54718
0.41377
0.51341
0.84202
0.64317
0.62788
0.94448
0.83517
0.68522
0.62675
0.97917
0.54613
0.5689
0.8811
0.66249
0.97909
0.71435
0.89078
0.67818
0.75318
0.42092
0.99677
0.76004
0.66987
0.50419
0.66794
0.84863
0.43564
0.77247
0.49626
0.66832
0.64056
0.79655
0.49525
0.84703
0.73689
0.96769
0.93661
0.35519
0.61098
0.24372
0.91909
0.53874
0.36521
0.91709
0.87535
0.7583
0.57795
0.74204
0.99404
0.53069
0.9437
0.86355
0.58493
0.95622
0.97377
0.67065
0.77798
0.88454
0.71299
0.58918
0.44305
0.70474
0.71944
0.75657
0.96686
0.74147
0.61044
0.872
0.50948
0.58578
0.41044
0.56836
0.69589
0.63197
0.51979
0.92214
0.70032
0.5837
0.92645
0.86916
0.99759
0.73667
0.46058
0.8922
0.96358
0.99746
0.53416
0.84357
0.88367
0.6853
0.4271
0.60265
0.32776
0.71573
0.51435
0.81394
0.74581
0.86909
0.55772
0.82252
0.69765
0.89992
0.97249
0.93224
0.78057
0.81674
0.35163
0.93354
0.64992
0.57744
0.73958
0.77921
0.6923
0.66305
0.81009
0.5375
0.85143
0.83792
0.89465
0.72728
0.56725
0.47146
0.87211
0.66425
0.91756
0.75091
0.34502
0.60759
0.58919
0.72367
0.45451
0.43794
0.45059
0.44229
0.91536
0.94206
0.77022
0.70866
0.74836
0.40093
0.73704
0.64982
0.68083
0.95103
0.45184
0.93121
0.94802
0.55495
0.64762
0.50808
0.95435
0.74549
0.53931
0.86991
0.83951
0.92668
0.74593
0.80418
0.73813
0.92029
0.9919
0.7431
0.65706
0.93429
0.8747
0.81148
0.60071
0.84237
0.77117
0.69214
0.8199
0.68513
0.85387
0.84133
0.94865
0.84097
0.38743
0.90905
0.78592
0.64332
0.69043
0.67744
0.7082
0.40362
0.32978
0.65476
0.71172
0.80415
0.63601
0.69252
0.74211
0.95158
0.41907
0.94823
0.68395
0.4804
0.82862
0.67214
0.91899
0.68102
0.87963
0.75509
0.77745
0.66671
0.76418
0.73854
0.66637
0.8334
0.4403
0.90282
0.97991
0.75148
0.8196
0.66597
0.99881
0.81258
0.68817
0.37491
0.72064
0.70451
0.63229
0.96445
0.92282
0.51823
0.93535
0.86081
0.91034
0.88646
0.88367
0.75678
0.70801
0.86284
0.45456
0.43217
0.74415
0.3382
0.70749
0.44161
0.70894
0.69047
0.73898
0.86822
0.90687
0.65964
0.87024
0.27832
0.39071
0.6305
0.85709
0.71944
0.90439
0.66025
0.61985
0.3376
0.66938
0.50536
0.99812
0.90717
0.50825
0.67474
0.5389
0.86703
0.86895
0.45827
0.54444
0.99626
0.97628
0.96708
0.80754
0.90276
0.98013
0.78312
0.54969
0.58857
0.67947
0.61612
0.83694
0.69156
0.70685
0.7815
0.52156
0.40429
0.74786
0.87853
0.59342
0.54745
0.91772
0.84387
0.4354
0.84473
0.93971
0.69652
0.63197
0.82651
0.68608
0.42513
0.70456
0.75029
0.35616
0.90489
0.72289
0.81108
0.90547
0.3993
0.82535
0.76937
0.81561
0.80095
0.70097
0.62039
0.78819
0.93766
0.34441
0.61372
0.9895
0.81471
0.3969
0.62621
0.72236
0.61475
0.89306
0.91782
0.87539
0.84644
0.71521
0.65422
0.83794
0.58815
0.68686
0.74428
0.8319
0.85731
0.85654
0.98231
0.67943
0.64091
0.96535
0.93628
0.71274
0.61716
0.88848
0.80841
0.93652
0.93868
0.91396
0.67877
0.83907
0.90471
0.99096
0.58598
0.67571
0.29499
0.35432
0.81971
0.95572
0.98549
0.76621
0.88152
0.89796
0.97357
0.90475
0.50315
0.47267
0.88905
0.76332
0.785
0.78895
0.95064
0.35925
0.83099
0.32191
0.85573
0.36764
0.97493
0.6343
0.68748
0.83412
0.83379
0.69499
0.72874
0.31722
0.8386
0.73395
0.64717
0.96599
0.35918
0.89612
0.87488
0.56874
0.45981
0.75012
0.43039
0.95898
0.72477
0.94055
0.79068
0.56684
0.39371
0.95327
0.80491
0.86649
0.67535
0.89133
0.63523
0.63626
0.99488
0.34459
0.79562
0.66325
0.44709
0.46182
0.33446
0.57323
0.78677
0.60376
0.94735
0.6714
0.96582
0.45452
0.49947
0.93943
0.64739
0.84612
0.86811
0.58131
0.73824
0.87472
0.94687
0.38148
0.37737
0.38835
0.93318
0.51576
0.43336
0.52934
0.48694
0.96008
0.78587
0.80094
0.66589
0.33591
0.91615
0.53616
0.97832
0.7897
0.58532
0.71843
0.87427
0.29238
0.79101
0.71732
0.75644
0.69181
0.95189
0.70406
0.6215
0.70978
0.58171
0.50607
0.65091
0.54578
0.84759
0.63683
0.691
0.83086
0.46777
0.96621
0.89556
0.86225
0.97022
0.31434
0.6139
0.77517
0.66852
0.99844
0.86826
0.71379
0.68222
0.55097
0.54481
0.90489
0.96125
0.85418
0.68544
0.86869
0.91047
0.54323
0.96912
0.75626
0.75512
0.97597
0.40235
0.93485
0.47979
0.94644
0.94981
0.99468
0.701
0.51696
0.34886
0.80207
0.57062
0.98487
0.97405
0.83858
0.76644
0.70436
0.64381
0.53709
0.99481
0.59724
0.87704
0.78084
0.54454
0.53205
0.6325
0.54641
0.99165
0.37272
0.54032
0.50786
0.46467
0.80666
0.81996
0.53626
0.86673
0.75309
0.98518
0.56903
0.39966
0.9314
0.98578
0.69326
0.89911
0.7517
0.821
0.78374
0.43347
0.91438
0.5394
0.57749
0.49162
0.8498
0.53255
0.71298
0.9927
0.89188
0.72467
0.51059
0.99487
0.76919
0.60932
0.62761
0.70652
0.58403
0.65514
0.7987
0.35629
0.8436
0.85968
0.98619
0.37379
0.89847
0.96228
0.62001
0.8564
0.94927
0.49884
0.53798
0.79246
0.48157
0.64767
0.42123
0.55322
0.96578
0.78834
0.49538
0.89338
0.69839
0.74882
0.8616
0.94346
0.46454
0.73868
0.99466
0.69531
0.85648
0.39992
0.90291
0.33713
0.81709
0.6669
0.40836
0.45973
0.93663
0.56387
0.85803
0.4363
0.67126
0.45785
0.96354
0.56551
0.45779
0.76898
0.79843
0.98636
0.81455
0.53093
0.99684
0.92345
0.44175
0.91242
0.7516
0.94689
0.48243
0.61721
0.81757
0.84687
0.69036
0.6041
0.90557
0.87862
0.78638
0.54515
0.85563
0.39256
0.93459
0.33817
0.99327
0.42732
0.93999
0.68672
0.97612
0.69116
0.98598
0.75295
0.74315
0.29481
0.60129
0.93077
0.72168
0.98188
0.41719
0.93971
0.37921
0.55863
0.61606
0.91352
0.67354
0.55819
0.99332
0.50804
0.36603
0.52802
0.79633
0.5107
0.71099
0.8868
0.43467
0.80488
0.85409
0.52432
0.60253
0.99301
0.60487
0.84424
0.52751
0.50167
0.80235
0.99388
0.87294
0.40298
0.82172
0.38801
0.32935
0.88925
0.80947
0.41758
0.54692
0.4148
0.5834
0.98994
0.56378
0.97152
0.83336
0.67598
0.99096
0.57387
0.46888
0.74225
0.97696
0.80963
0.59165
0.97427
0.76642
0.93822
0.89472
0.79504
0.69436
0.90701
0.56785
0.78183
0.70429
0.91953
0.4752
0.70512
0.79587
0.70982
0.97484
0.39046
0.75015
0.99025
0.77705
0.57521
0.84054
0.84117
0.92125
0.33528
0.43825
0.91055
0.83004
0.81256
0.85142
0.54947
0.89746
0.67401
0.47665
0.39777
0.78933
0.83946
0.77952
0.6596
0.67906
0.82974
0.83
0.83143
0.81372
0.85208
0.99557
0.63966
0.76289
0.59515
0.51067
0.87365
0.8127
0.79103
0.79541
0.99245
0.93041
0.82114
0.45902
0.96957
0.57384
0.91741
0.62146
0.95991
0.96604
0.76437
0.94754
0.79233
0.93683
0.80826
0.34459
0.9647
0.94965
0.438
0.43244
0.84778
0.69865
0.96015
0.75514
0.49505
0.77355
0.46411
0.8293
0.78034
0.49865
0.73655
0.68712
0.99478
0.94476
0.57877
0.41653
0.30487
0.30338
0.68159
0.91906
0.57955
0.96861
0.65861
0.62523
0.97894
0.86165
0.3967
0.89529
0.82105
0.84503
0.60914
0.52443
0.89179
0.97959
0.38584
0.75008
0.8754
0.50399
0.43928
0.79934
0.98194
0.69737
0.68232
0.4109
0.51576
0.78296
0.77558
0.78106
0.86407
0.83987
0.81888
0.61265
0.66254
0.57473
0.48637
0.3625
0.66997
0.81244
0.63654
0.74336
0.45409
0.6184
0.74451
0.72505
0.43766
0.41864
0.57393
0.44033
0.90655
0.68771
0.65226
0.57532
0.45236
0.58376
0.7917
0.40801
0.73696
0.87232
0.7741
0.58899
0.6751
0.74862
0.74168
0.76358
0.63663
0.53761
0.93029
0.70708
0.92058
0.87458
0.30261
0.4685
0.53613
0.60038
0.86545
0.83051
0.79603
0.79887
0.93592
0.54424
0.81128
0.31151
0.87054
0.89746
0.44511
0.47475
0.61014
0.88319
0.70882
0.44581
0.84825
0.34469
0.58955
0.75529
0.50128
0.95883
0.87786
0.61255
0.61281
0.85644
0.52934
0.63995
0.98887
0.9572
0.38582
0.52626
0.87722
0.56528
0.86638
0.78782
0.62089
0.98475
0.59547
0.95789
0.8367
0.90761
0.63368
0.8842
0.93658
0.88683
0.60548
0.29676
0.53206
0.86603
0.34788
0.50883
0.80099
0.69369
0.93572
0.56611
0.50929
0.80438
0.91056
0.73305
0.51917
0.87331
0.97692
0.93442
0.42165
0.48631
0.72336
0.65753
0.43822
0.47831
0.4219
0.96068
0.64887
0.94413
0.67692
0.5688
0.36847
0.86038
0.45058
0.95026
0.57451
0.89513
0.75175
0.96066
0.99689
0.53963
0.58044
0.66068
0.48053
0.70498
0.53386
0.76142
0.68476
0.89936
0.66855
0.50843
0.82737
0.63079
0.462
0.84931
0.3657
0.63571
0.48851
0.64906
0.59811
0.94554
0.94046
0.79742
0.7816
0.64794
0.26016
0.63338
0.44201
0.90281
0.49118
0.90352
0.50114
0.48968
0.85423
0.58168
0.44877
0.89224
0.83334
0.53408
0.92182
0.46288
0.5085
0.41709
0.96631
0.58231
0.54937
0.615
0.5604
0.96386
0.90834
0.33367
0.74767
0.9797
0.9809
0.78746
0.57067
0.57531
0.51343
0.91209
0.76634
0.54109
0.31367
0.90256
0.91015
0.57799
0.56046
0.534
0.93401
0.77211
0.88483
0.99283
0.5052
0.89066
0.53725
0.41967
0.56265
0.68695
0.50648
0.73354
0.42047
0.50993
0.80972
0.86257
0.91105
0.48515
0.6901
0.91739
0.87813
0.67039
0.68173
0.98151
0.92143
0.73222
0.83967
0.96748
0.91963
0.46159
0.7545
0.52151
0.90237
0.68636
0.94442
0.98424
0.48502
0.68374
0.77498
0.67373
0.88442
0.75279
0.66027
0.80772
0.98089
0.65944
0.97371
0.38685
0.55305
0.58399
0.95327
0.68254
0.89866
0.86782
0.49456
0.75834
0.58005
0.76443
0.94123
0.24337
0.81584
0.41834
0.78627
0.91839
0.36752
0.83703
0.7904
0.93797
0.9866
0.81735
0.52701
0.98668
0.56317
0.87332
0.35218
0.3988
0.57769
0.58285
0.45612
0.8706
0.28913
0.27903
0.85731
0.78641
0.98096
0.72162
0.72988
0.95328
0.81748
0.82357
0.87692
0.9308
0.94094
0.61799
0.99181
0.67293
0.4609
0.97883
0.88682
0.96515
0.61565
0.78111
0.8708
0.67183
0.55832
0.36719
0.67386
0.70883
0.96622
0.46638
0.96646
0.80381
0.65272
0.44332
0.85726
0.65312
0.46336
0.40456
0.754
0.7837
0.90244
0.6592
0.35521
0.86439
0.52917
0.36334
0.56708
0.76711
0.89769
0.98796
0.40657
0.39036
0.60723
0.96951
0.77376
0.45722
0.69487
0.83853
0.84687
0.85415
0.61269
0.92529
0.99169
0.46196
0.31819
0.97763
0.95175
0.8287
0.67227
0.73291
0.84578
0.65356
0.75788
0.9199
0.90669
0.51289
0.54306
0.88834
0.98586
0.94977
0.93622
0.97662
0.58432
0.80814
0.72812
0.46642
0.67244
0.54915
0.5088
0.95361
0.77112
0.5426
0.4778
0.82335
0.7601
0.66279
0.9333
0.94939
0.39958
0.45763
0.84567
0.58372
0.78388
0.72512
0.59073
0.94157
0.49239
0.88099
0.59444
0.71327
0.54235
0.83092
0.50749
0.93554
0.76849
0.60096
0.58049
0.3679
0.81487
0.88268
0.5436
0.37577
0.7983
0.93625
0.64258
0.7929
0.8716
0.89697
0.86691
0.54092
0.97498
0.58475
0.82379
0.57549
0.92841
0.91504
0.87412
0.52385
0.63473
0.97726
0.97567
0.93378
0.69235
0.64194
0.68143
0.55358
0.71658
0.35606
0.32081
0.85401
0.76435
0.78315
0.86834
0.80897
0.44531
0.74546
0.87407
0.93831
0.89445
0.60314
0.56822
0.95409
0.93356
0.7237
0.41615
0.80099
0.84146
0.82504
0.40974
0.59267
0.74129
0.9103
0.79166
0.52373
0.62146
0.6475
0.83926
0.60361
0.64765
0.37505
0.51937
0.84899
0.72198
0.33502
0.63047
0.81421
0.64916
0.60347
0.48509
0.49977
0.892
0.65395
0.92286
0.73938
0.7416
0.53377
0.86058
0.94654
0.79297
0.30424
0.95807
0.49465
0.9034
0.29855
0.88666
0.42243
0.7889
0.87097
0.84944
0.4714
0.84982
0.92678
0.39648
0.64708
0.62856
0.80649
0.61973
0.67823
0.47889
0.72752
0.9024
0.72724
0.84907
0.5582
0.88147
0.53802
0.55597
0.39374
0.63
0.77124
0.5729
0.96548
0.57529
0.86066
0.90347
0.8464
0.8411
0.52537
0.80996
0.79472
0.73793
0.59075
0.85791
0.34741
0.76217
0.85152
0.64327
0.72227
0.80878
0.85813
0.90478
0.55894
0.87658
0.79799
0.48101
0.93796
0.29123
0.65513
0.79238
0.82909
0.88651
0.68962
0.69668
0.77554
0.89505
0.47633
0.96442
0.72135
0.65117
0.5634
0.94483
0.90407
0.29644
0.61991
0.59968
0.9623
0.98296
0.53927
0.88466
0.97823
0.80498
0.88327
0.53158
0.8288
0.69445
0.99925
0.99697
0.81424
0.6417
0.57292
0.60864
0.818
0.8439
0.84107
0.72293
0.29308
0.57426
0.62527
0.54691
0.92863
0.3869
0.61825
0.78954
0.55997
0.67884
0.88722
0.74407
0.45902
0.97399
0.7104
0.8013
0.89435
0.92796
0.77331
0.25747
0.82261
0.61071
0.91372
0.56268
0.25737
0.37365
0.7037
0.93855
0.62654
0.6089
0.80409
0.94558
0.49609
0.78552
0.34953
0.97203
0.86833
0.92986
0.85391
0.71124
0.7073
0.78284
0.69769
0.83084
0.7638
0.88263
0.85749
0.82202
0.40248
0.37045
0.85065
0.95422
0.91329
0.61015
0.77922
0.77523
0.85441
0.79739
0.3515
0.87308
0.58699
0.60919
0.65559
0.54097
0.92056
0.81174
0.77627
0.88681
0.61973
0.4733
0.30024
0.86482
0.79262
0.79616
0.89146
0.92197
0.65218
0.68653
0.96477
0.52806
0.61931
0.57108
0.53256
0.85951
0.59731
0.6203
0.42086
0.85849
0.78197
0.48257
0.78111
0.90048
0.66706
0.74207
0.59933
0.89852
0.97023
0.58188
0.5542
0.96971
0.93471
0.38859
0.9472
0.98209
0.83537
0.96973
0.75852
0.42107
0.89947
0.76128
0.68329
0.53466
0.55709
0.86487
0.90414
0.67598
0.58923
0.47157
0.61885
0.66067
0.76227
0.2868
0.53646
0.68302
0.43842
0.63244
0.67209
0.49403
0.90862
0.76546
0.69002
0.99176
0.76487
0.86749
0.89201
0.76889
0.63593
0.88463
0.73482
0.66059
0.77112
0.46896
0.81227
0.61748
0.98075
0.57431
0.84583
0.98995
0.462
0.71541
0.89265
0.69962
0.39077
0.45184
0.80339
0.49529
0.79842
0.72547
0.54784
0.57653
0.81399
0.80199
0.66184
0.85457
0.6965
0.28402
0.93488
0.88188
0.72666
0.90622
0.99286
0.5289
0.83846
0.9645
0.29306
0.85534
0.95039
0.98975
0.65912
0.53303
0.38698
0.66667
0.95726
0.3129
0.75075
0.56049
0.87907
0.95439
0.96494
0.97795
0.54115
0.64239
0.99947
0.97979
0.42251
0.71367
0.92432
0.96383
0.60623
0.91382
0.25697
0.85393
0.88307
0.74422
0.54438
0.60032
0.81624
0.58668
0.67209
0.96086
0.8607
0.84199
0.93434
0.79411
0.40595
0.71397
0.92451
0.68416
0.735
0.59112
0.24579
0.83234
0.34326
0.96936
0.6757
0.97252
0.46328
0.28756
0.92836
0.57437
0.90701
0.77624
0.57268
0.97936
0.66713
0.40536
0.93435
0.96634
0.95859
0.62202
0.60225
0.83613
0.59812
0.5203
0.92449
0.58846
0.27484
0.81334
0.47124
0.35883
0.65384
0.56334
0.46239
0.52142
0.32556
0.75785
0.83001
0.56016
0.88073
0.81621
0.39856
0.54582
0.86236
0.80281
0.58562
0.81463
0.84298
0.8721
0.45845
0.36255
0.83997
0.92261
0.60927
0.48355
0.94382
0.93957
0.92063
0.91835
0.98203
0.92817
0.60793
0.90888
0.35068
0.80095
0.39913
0.79524
0.9403
0.82883
0.50092
0.40565
0.64675
0.76296
0.37001
0.2928
0.8539
0.9916
0.8383
0.94748
0.91273
0.3695
0.63299
0.61056
0.59187
0.59887
0.49167
0.74654
0.99701
0.91332
0.75053
0.73694
0.58724
0.60948
0.39091
0.79883
0.74971
0.42438
0.84979
0.44572
0.53726
0.71187
0.72974
0.97322
0.8679
0.84774
0.67072
0.4608
0.97767
0.77636
0.72225
0.51354
0.55365
0.84727
0.35541
0.58764
0.53543
0.93957
0.30371
0.67316
0.78166
0.84344
0.71705
0.52935
0.4351
0.69527
0.95545
0.82672
0.35088
0.52066
0.41081
0.59384
0.63335
0.59111
0.60522
0.96001
0.67674
0.53304
0.44142
0.44374
0.91047
0.78421
0.63157
0.32814
0.33505
0.81895
0.70381
0.63933
0.3223
0.49803
0.55997
0.76174
0.47169
0.9832
0.74099
0.7798
0.74255
0.33687
0.58728
0.86551
0.85051
0.70061
0.70199
0.94773
0.48818
0.3893
0.85031
0.92428
0.92963
0.54592
0.69442
0.67908
0.82532
0.88545
0.59128
0.81257
0.96123
0.49972
0.90177
0.80687
0.3961
0.71997
0.7608
0.60658
0.96061
0.41582
0.91123
0.74846
0.8345
0.69145
0.7028
0.88684
0.74592
0.83358
0.40286
0.49363
0.62568
0.99721
0.57635
0.95369
0.40384
0.47262
0.88315
0.98469
0.82908
0.72278
0.41195
0.88296
0.57881
0.84486
0.65766
0.49647
0.68062
0.89104
0.59848
0.73496
0.91822
0.63469
0.70013
0.89752
0.95976
0.69231
0.84365
0.79487
0.99465
0.98019
0.68693
0.65896
0.76757
0.40902
0.5767
0.92154
0.68407
0.58216
0.76856
0.77678
0.9932
0.7721
0.6978
0.98511
0.59749
0.46758
0.99997
0.38728
0.38883
0.60705
0.82662
0.40888
0.88989
0.9042
0.80166
0.61736
0.72168
0.77925
0.67465
0.75571
0.89277
0.7709
0.97505
0.70452
0.84452
0.88387
0.30145
0.98857
0.7996
0.55629
0.96557
0.82689
0.40602
0.99112
0.55464
0.78487
0.98773
0.81538
0.72807
0.92163
0.86896
0.98504
0.96023
0.98612
0.82991
0.78721
0.36813
0.58162
0.94928
0.36895
0.41793
0.58422
0.39484
0.83253
0.79164
0.63751
0.80545
0.50221
0.96465
0.93006
0.87929
0.64074
0.84639
0.95295
0.641
0.66353
0.60626
0.4025
0.98808
0.842
0.99803
0.27328
0.31381
0.46526
0.9566
0.96465
0.41838
0.79122
0.81386
0.62456
0.75659
0.57691
0.60657
0.65096
0.33595
0.64232
0.56503
0.72796
0.30896
0.44884
0.68994
0.75677
0.48338
0.95218
0.90422
0.74386
0.38179
0.85069
0.8039
0.5006
0.51676
0.62812
0.89505
0.28267
0.77784
0.91138
0.5255
0.70369
0.50168
0.95844
0.70129
0.87554
0.52046
0.96038
0.39015
0.66224
0.52439
0.49931
0.84683
0.99523
0.96057
0.98523
0.87504
0.6168
0.55463
0.69461
0.99497
0.45688
0.42544
0.87358
0.83042
0.87186
0.8758
0.53978
0.99422
0.76899
0.3438
0.49936
0.88788
0.3584
0.88364
0.56513
0.92992
0.92537
0.64335
0.94089
0.44847
0.63102
0.64158
0.9438
0.99293
0.58678
0.99538
0.47954
0.88496
0.49445
0.46108
0.97771
0.63621
0.39166
0.46792
0.83116
0.97072
0.62082
0.39031
0.49273
0.42789
0.7729
0.52708
0.69817
0.59097
0.60592
0.80006
0.86459
0.66167
0.41062
0.71155
0.93951
0.95233
0.70167
0.53316
0.90605
0.94091
0.6969
0.77337
0.93463
0.49172
0.64072
0.62682
0.92983
0.98987
0.89394
0.88358
0.62842
0.80451
0.70358
0.53809
0.38978
0.89247
0.88501
0.86723
0.7429
0.68995
0.71892
0.97429
0.28584
0.70362
0.57049
0.28898
0.70219
0.90649
0.94478
0.46373
0.62205
0.96511
0.78432
0.86881
0.49658
0.49127
0.4334
0.3052
0.93462
0.2906
0.9874
0.97303
0.99621
0.98691
0.7799
0.78608
0.62676
0.97887
0.93885
0.98016
0.47901
0.91803
0.4724
0.56907
0.92275
0.69905
0.52296
0.89913
0.88448
0.35089
0.72982
0.53825
0.975
0.96044
0.27173
0.73486
0.92442
0.89038
0.89771
0.7394
0.98596
0.74779
0.91978
0.59282
0.54453
0.69747
0.54337
0.65223
0.57331
0.78733
0.99325
0.36098
0.49909
0.60278
0.78995
0.88159
0.76899
0.65002
0.9209
0.40934
0.96009
0.42142
0.88178
0.26059
0.72872
0.94012
0.43009
0.68249
0.30168
0.67618
0.84992
0.50455
0.82009
0.55015
0.66896
0.99277
0.47258
0.81627
0.34721
0.81383
0.37481
0.69714
0.91396
0.73644
0.93678
0.45247
0.86931
0.76499
0.99362
0.77714
0.64691
0.86829
0.99194
0.50312
0.88565
0.84398
0.83882
0.75137
0.63844
0.60022
0.50728
0.71127
0.74467
0.70464
0.59542
0.87454
0.94304
0.92032
0.61041
0.8301
0.85573
0.80501
0.74981
0.934
0.89542
0.8507
0.40893
0.90945
0.66813
0.83403
0.83788
0.65833
0.80956
0.945
0.62019
0.91579
0.79564
0.72771
0.76256
0.41136
0.97943
0.88074
0.77597
0.6817
0.71345
0.98337
0.49676
0.73553
0.84855
0.57963
0.42711
0.87327
0.79929
0.36784
0.9383
0.64553
0.39199
0.60707
0.81034
0.7723
0.61546
0.82629
0.57155
0.67042
0.37705
0.9163
0.99864
0.61324
0.9306
0.81349
0.61487
0.86126
0.82101
0.71851
0.30812
0.52369
0.45209
0.76656
0.97943
0.66274
0.47984
0.90855
0.85731
0.45878
0.72633
0.38906
0.6939
0.90869
0.62846
0.5545
0.81794
0.92424
0.40533
0.75376
0.63574
0.99171
0.74942
0.63951
0.58076
0.53977
0.75164
0.94441
0.60181
0.67986
0.9696
0.90751
0.46564
0.49089
0.72961
0.95801
0.73026
0.84702
0.81068
0.74734
0.92842
0.46577
0.43214
0.80749
0.59375
0.83674
0.6717
0.25861
0.73999
0.59681
0.75636
0.67818
0.72373
0.88147
0.52451
0.25274
0.61106
0.81338
0.86377
0.8301
0.80539
0.50494
0.56117
0.54965
0.65177
0.73778
0.87711
0.72747
0.72287
0.30905
0.76156
0.80901
0.9861
0.45312
0.63082
0.93963
0.91327
0.44483
0.7777
0.59551
0.54647
0.58547
0.95205
0.50814
0.65305
0.5727
0.92685
0.52044
0.48497
0.70818
0.55076
0.61604
0.63718
0.90381
0.90995
0.62236
0.94
0.65813
0.59462
0.58032
0.82783
0.55286
0.86436
0.98434
0.85096
0.48714
0.74451
0.81731
0.98202
0.93716
0.4858
0.8073
0.73351
0.38815
0.44249
0.70372
0.5241
0.65595
0.58896
0.86731
0.98871
0.66044
0.5545
0.65521
0.83927
0.49569
0.98827
0.69881
0.69783
0.45636
0.63463
0.57687
0.80393
0.43111
0.97012
0.98436
0.92773
0.54234
0.90852
0.81767
0.36442
0.36979
0.41663
0.81371
0.87243
0.87897
0.80519
0.58752
0.75124
0.74366
0.78748
0.68748
0.42608
0.93538
0.98616
0.71388
0.46412
0.77686
0.43917
0.89077
0.75159
0.64326
0.95248
0.67073
0.4732
0.44695
0.94358
0.88972
0.65778
0.38642
0.92224
0.58651
0.65736
0.87956
0.99916
0.51936
0.95477
0.56219
0.93288
0.43127
0.71571
0.97083
0.92026
0.50529
0.59195
0.92417
0.97458
0.5547
0.74361
0.49013
0.85541
0.63109
0.52619
0.71413
0.76618
0.90075
0.48003
0.85766
0.45546
0.64088
0.53895
0.48326
0.81825
0.68701
0.69936
0.74467
0.78314
0.81771
0.81854
0.37647
0.75053
0.95743
0.23946
0.81523
0.32517
0.8033
0.81061
0.59833
0.36372
0.6896
0.48349
0.5453
0.63881
0.84948
0.63396
0.83123
0.83817
0.66037
0.93741
0.37645
0.43233
0.58543
0.30727
0.75332
0.84087
0.96171
0.49371
0.93158
0.81528
0.60178
0.5812
0.45015
0.50749
0.345
0.63915
0.4549
0.5344
0.37223
0.56895
0.89763
0.4846
0.75675
0.89208
0.89575
0.99395
0.3773
0.73016
0.65366
0.97698
0.71523
0.5541
0.36591
0.41633
0.46012
0.98791
0.66912
0.61096
0.58667
0.91932
0.3343
0.48411
0.8505
0.97974
0.80716
0.97067
0.29387
0.89796
0.78334
0.81043
0.79404
0.37722
0.99425
0.99004
0.55076
0.57721
0.65474
0.89735
0.60061
0.32948
0.56924
0.71498
0.71875
0.39096
0.4602
0.88595
0.2742
0.50514
0.96887
0.47544
0.3743
0.73769
0.77941
0.95268
0.96826
0.50729
0.50851
0.93321
0.91621
0.34944
0.58211
0.97771
0.92631
0.87496
0.72919
0.71714
0.77514
0.30469
0.67803
0.89492
0.75551
0.90787
0.96554
0.93484
0.93532
0.72604
0.69323
0.72825
0.94665
0.56772
0.70726
0.94153
0.92583
0.45128
0.59795
0.9555
0.40655
0.9654
0.99741
0.73386
0.75175
0.41518
0.67008
0.87525
0.74019
0.37461
0.35141
0.88554
0.61825
0.82883
0.89284
0.77875
0.52821
0.47827
0.96215
0.52939
0.58195
0.5045
0.90551
0.83665
0.73489
0.99227
0.96191
0.63257
0.84316
0.68064
0.80608
0.98703
0.75382
0.42761
0.68339
0.89892
0.68501
0.78299
0.48533
0.86013
0.98654
0.36009
0.40147
0.9051
0.8415
0.87539
0.91463
0.87319
0.36166
0.88252
0.82787
0.72088
0.80443
0.80002
0.70017
0.78888
0.37659
0.35607
0.81944
0.53098
0.70354
0.97471
0.9351
0.9545
0.65688
0.87269
0.92406
0.81017
0.94829
0.81677
0.37484
0.70636
0.4782
0.76992
0.82711
0.99798
0.47877
0.79069
0.77171
0.86562
0.96672
0.64951
0.98286
0.75932
0.9627
0.98085
0.7582
0.87933
0.74577
0.95051
0.39604
0.8006
0.85513
0.95521
0.93614
0.42316
0.41874
0.60773
0.85081
0.77925
0.86495
0.60971
0.66337
0.7253
0.66711
0.93704
0.42786
0.73002
0.65467
0.74135
0.92856
0.71833
0.94664
0.99238
0.51482
0.60303
0.81391
0.33764
0.4604
0.64831
0.82896
0.70337
0.79925
0.62746
0.99357
0.89095
0.9839
0.52077
0.86718
0.3746
0.74787
0.59611
0.35386
0.90103
0.97188
0.92854
0.94327
0.52374
0.25809
0.74995
0.37096
0.51697
0.8264
0.49593
0.61262
0.90352
0.98109
0.75278
0.93483
0.96926
0.90301
0.68084
0.587
0.63187
0.76623
0.6881
0.81338
0.55396
0.92441
0.94705
0.93276
0.3929
0.84401
0.91796
0.53608
0.64653
0.5924
0.38899
0.36151
0.97372
0.83217
0.33127
0.80588
0.93786
0.5956
0.85955
0.39806
0.97626
0.75051
0.99921
0.75749
0.66621
0.53746
0.7122
0.89865
0.7547
0.41062
0.99551
0.34598
0.83005
0.70135
0.8819
0.51221
0.561
0.37714
0.9534
0.87224
0.61061
0.83331
0.48795
0.78274
0.40965
0.256
0.64278
0.89228
0.78996
0.37518
0.57708
0.42822
0.38257
0.58066
0.97637
0.98202
0.64752
0.93224
0.62718
0.90242
0.62939
0.46174
0.49614
0.39583
0.46057
0.90608
0.73501
0.58867
0.3722
0.94058
0.55665
0.80781
0.65826
0.33201
0.48805
0.84129
0.55834
0.4143
0.41492
0.96086
0.96462
0.69575
0.91172
0.68938
0.59392
0.92209
0.31464
0.83536
0.62855
0.49006
0.91081
0.99794
0.81044
0.83055
0.8148
0.69272
0.68306
0.72429
0.28336
0.84962
0.6127
0.46793
0.80389
0.84707
0.63787
0.89984
0.72119
0.68265
0.36566
0.70149
0.90649
0.85125
0.81774
0.74486
0.93086
0.88419
0.43678
0.58264
0.60305
0.677
0.53728
0.76041
0.33071
0.80568
0.76673
0.36414
0.49894
0.92269
0.76862
0.84824
0.875
0.54391
0.48589
0.51356
0.33926
0.64345
0.64378
0.56811
0.71815
0.80388
0.71668
0.79937
0.92585
0.83435
0.93639
0.65972
0.83768
0.99528
0.35583
0.9368
0.86308
0.93206
0.50386
0.82179
0.75164
0.44927
0.85455
0.80706
0.85415
0.89552
0.81479
0.94952
0.74628
0.89235
0.53239
0.46841
0.83742
0.83763
0.64937
0.33706
0.89914
0.59099
0.87798
0.86328
0.75949
0.62327
0.34607
0.91058
0.59949
0.6428
0.58894
0.8732
0.57041
0.79692
0.6471
0.51844
0.76787
0.8937
0.42893
0.5934
0.64434
0.87123
0.64502
0.53683
0.37665
0.70438
0.50795
0.97762
0.93227
0.84442
0.4744
0.98188
0.58001
0.72949
0.5072
0.65797
0.85712
0.41199
0.76794
0.41927
0.71538
0.76526
0.57561
0.86647
0.75654
0.94757
0.56033
0.75381
0.79532
0.59106
0.68391
0.73333
0.45727
0.89189
0.63744
0.93668
0.62002
0.65445
0.66155
0.61761
0.7906
0.4665
0.59978
0.70094
0.78771
0.78567
0.96796
0.5534
0.35881
0.58187
0.75305
0.94157
0.92143
0.3171
0.79881
0.95913
0.86782
0.96707
0.6296
0.91975
0.57384
0.95169
0.55016
0.49373
0.4215
0.90329
0.55388
0.57034
0.56463
0.9442
0.5106
0.45844
0.72639
0.76688
0.97992
0.51432
0.64747
0.35542
0.69475
0.24803
0.87912
0.78382
0.59078
0.51662
0.74546
0.48134
0.39879
0.82494
0.50408
0.64006
0.55056
0.9707
0.9955
0.71107
0.6823
0.57167
0.9514
0.61089
0.8433
0.87166
0.98443
0.68023
0.44929
0.58347
0.9771
0.87154
0.84134
0.68397
0.92407
0.99663
0.68993
0.82185
0.85003
0.74937
0.70403
0.5392
0.62411
0.91557
0.82801
0.9351
0.50209
0.87609
0.34137
0.95142
0.70449
0.69868
0.84044
0.48152
0.68769
0.60388
0.90626
0.87631
0.42756
0.94722
0.78329
0.85661
0.92493
0.96393
0.70347
0.68997
0.38384
0.80008
0.58572
0.93941
0.83294
0.73365
0.32679
0.49456
0.77156
0.37907
0.91876
0.79654
0.89228
0.31749
0.46558
0.34886
0.9295
0.97395
0.84015
0.93041
0.42909
0.37609
0.56063
0.86912
0.3623
0.2752
0.69482
0.70895
0.96685
0.63626
0.56484
0.9023
0.35862
0.86234
0.55262
0.56967
0.8231
0.49806
0.86873
0.93363
0.47973
0.9518
0.95646
0.81583
0.62032
0.73784
0.90217
0.58811
0.56905
0.96133
0.58188
0.34882
0.41626
0.34868
0.68788
0.52317
0.75849
0.58189
0.61123
0.48112
0.39785
0.90637
0.50617
0.52637
0.70829
0.71736
0.41265
0.48326
0.80402
0.86863
0.65794
0.55375
0.69268
0.86588
0.7775
0.94283
0.92116
0.75035
0.8667
0.43057
0.75948
0.26603
0.88779
0.95797
0.97429
0.51364
0.70199
0.88019
0.60957
0.89209
0.5082
0.87412
0.9435
0.56261
0.5282
0.86387
0.79756
0.63633
0.7894
0.78892
0.68757
0.95318
0.90205
0.5952
0.36715
0.9055
0.95277
0.88657
0.42654
0.98798
0.71516
0.36115
0.59083
0.77325
0.74243
0.51106
0.80996
0.34158
0.87778
0.76814
0.87076
0.93923
0.83881
0.89488
0.36257
0.66878
0.79523
0.67607
0.76368
0.47769
0.42008
0.91159
0.39018
0.59269
0.83613
0.78801
0.95324
0.81637
0.72452
0.90031
0.58006
0.61132
0.90431
0.68337
0.88552
0.97146
0.80372
0.52384
0.53813
0.85455
0.86604
0.87695
0.53768
0.98568
0.51078
0.84639
0.81449
0.87066
0.78613
0.90731
0.89491
0.89329
0.97523
0.53138
0.34874
0.77295
0.83033
0.60245
0.86673
0.34912
0.32193
0.64154
0.96952
0.58704
0.76666
0.35017
0.55764
0.96328
0.7604
0.98946
0.44872
0.29376
0.64697
0.60434
0.64469
0.63401
0.8013
0.57546
0.79634
0.4604
0.8258
0.58395
0.97171
0.83921
0.87758
0.49482
0.77434
0.89219
0.98135
0.7685
0.55155
0.83125
0.34025
0.53315
0.66493
0.45199
0.63256
0.85423
0.46883
0.63593
0.49123
0.28449
0.46402
0.37775
0.74916
0.50123
0.81573
0.91153
0.78912
0.75345
0.55253
0.52154
0.26845
0.62949
0.40529
0.71477
0.93093
0.81406
0.65306
0.89044
0.93792
0.68335
0.69734
0.76816
0.70099
0.651
0.48292
0.5504
0.94257
0.90556
0.85308
0.3315
0.50333
0.81881
0.854
0.83196
0.73335
0.80022
0.39356
0.40468
0.56745
0.54971
0.5544
0.69399
0.99179
0.29182
0.81318
0.67803
0.90548
0.65292
0.5006
0.98385
0.48993
0.5923
0.57828
0.89774
0.913
0.40969
0.58652
0.65951
0.73394
0.40416
0.43237
0.66256
0.29105
0.85097
0.86727
0.48331
0.84324
0.25229
0.42159
0.43644
0.80756
0.55237
0.97192
0.78824
0.57929
0.72697
0.38676
0.9208
0.71684
0.62748
0.63424
0.44178
0.77282
0.78742
0.8292
0.56412
0.97448
0.96048
0.45388
0.62864
0.957
0.41289
0.94652
0.98354
0.48923
0.86584
0.90841
0.72115
0.4196
0.89456
0.97524
0.92671
0.48498
0.90408
0.87509
0.38696
0.69482
0.67839
0.99365
0.84119
0.96954
0.42294
0.73251
0.45955
0.63886
0.97473
0.75384
0.50522
0.99947
0.78613
0.74774
0.51528
0.98742
0.52985
0.80345
0.87287
0.39924
0.76084
0.48754
0.98262
0.87147
0.86955
0.83
0.63599
0.55033
0.61867
0.35994
0.81957
0.88106
0.82746
0.48786
0.44167
0.90348
0.98749
0.46962
0.5927
0.70263
0.92975
0.98691
0.972
0.83084
0.93698
0.80522
0.92912
0.67525
0.94919
0.34906
0.6612
0.76734
0.80264
0.78775
0.59991
0.62505
0.90447
0.40515
0.9889
0.421
0.66061
0.78068
0.56054
0.61886
0.90415
0.70969
0.84127
0.73742
0.58134
0.9844
0.96387
0.55565
0.77717
0.89734
0.34425
0.61238
0.60806
0.80067
0.56019
0.62166
0.82214
0.4979
0.82692
0.88015
0.73631
0.83602
0.73144
0.6756
0.4665
0.98958
0.75472
0.35903
0.98028
0.61734
0.70071
0.99956
0.93435
0.84501
0.48745
0.87544
0.64821
0.29672
0.61114
0.48036
0.46033
0.82618
0.56039
0.75718
0.78889
0.26169
0.66597
0.75413
0.84163
0.8077
0.44329
0.66906
0.81612
0.30576
0.61951
0.5332
0.64343
0.62348
0.93029
0.71546
0.73495
0.56541
0.77305
0.67269
0.5694
0.38368
0.79447
0.96792
0.83048
0.8095
0.88695
0.93797
0.95463
0.88265
0.7775
0.92524
0.37539
0.95066
0.86868
0.78275
0.2152
0.94773
0.87987
0.6147
0.89573
0.39057
0.69168
0.52976
0.93
0.84515
0.63721
0.74002
0.7032
0.49402
0.78259
0.59897
0.80095
0.84099
0.23193
0.9364
0.76676
0.42807
0.86065
0.89842
0.6788
0.53902
0.74057
0.90101
0.73279
0.52686
0.37674
0.49095
0.69414
0.68648
0.48115
0.57526
0.95521
0.72618
0.3205
0.878
0.30974
0.69982
0.83105
0.84509
0.34649
0.72492
0.45873
0.80648
0.46261
0.73994
0.82599
0.97658
0.8845
0.94501
0.80926
0.83224
0.9254
0.80679
0.40902
0.94424
0.34373
0.87628
0.97873
0.37781
0.83555
0.47415
0.85057
0.66929
0.50557
0.83728
0.85939
0.46185
0.75115
0.79053
0.57573
0.99728
0.33305
0.93119
0.50556
0.89267
0.88708
0.71778
0.8734
0.33407
0.28347
0.79979
0.76953
0.81019
0.88318
0.40747
0.51994
0.91774
0.73908
0.8483
0.50548
0.61987
0.92275
0.84457
0.9164
0.83846
0.78915
0.64119
0.96564
0.98685
0.89045
0.71772
0.6063
0.61931
0.83632
0.52639
0.83508
0.72878
0.92218
0.57345
0.62596
0.54302
0.95565
0.30291
0.51194
0.85778
0.77584
0.56866
0.99187
0.66669
0.89243
0.6021
0.70755
0.27738
0.52107
0.44403
0.6591
0.97661
0.54832
0.80701
0.8219
0.59597
0.24663
0.60984
0.74701
0.83368
0.75326
0.77395
0.33453
0.80712
0.27645
0.59109
0.46171
0.37882
0.94336
0.7514
0.85238
0.65532
0.73548
0.68854
0.76022
0.87823
0.36826
0.68787
0.76582
0.57417
0.28854
0.89969
0.34699
0.66347
0.64834
0.99549
0.81383
0.96476
0.94728
0.26205
0.88509
0.95518
0.46685
0.98415
0.67646
0.93154
0.84577
0.84887
0.86958
0.69056
0.48605
0.4216
0.45711
0.51899
0.72174
0.60828
0.92564
0.39677
0.91047
0.64281
0.95685
0.7323
0.86521
0.37976
0.74319
0.95162
0.87698
0.82327
0.71609
0.3998
0.92785
0.94342
0.87638
0.77796
0.32127
0.69093
0.72489
0.78744
0.55483
0.49533
0.44035
0.61283
0.61834
0.90995
0.5554
0.77218
0.85493
0.63525
0.84883
0.83097
0.95704
0.35431
0.54873
0.80292
0.73179
0.24069
0.82704
0.32034
0.93607
0.40286
0.8093
0.52445
0.65698
0.98456
0.451
0.78956
0.76588
0.42226
0.54894
0.84726
0.94156
0.99775
0.42621
0.35823
0.59299
0.56809
0.66663
0.82364
0.5931
0.65744
0.9647
0.62547
0.95019
0.97163
0.45088
0.61492
0.95415
0.35084
0.99107
0.97148
0.75509
0.24458
0.90143
0.53984
0.66085
0.28635
0.71666
0.47648
0.8518
0.40736
0.66457
0.53773
0.54077
0.81369
0.9952
0.88347
0.4717
0.66933
0.59174
0.99757
0.407
0.66996
0.91687
0.44114
0.51574
0.90492
0.67668
0.45812
0.61895
0.39806
0.53222
0.33574
0.62553
0.83554
0.4686
0.84128
0.45592
0.42448
0.93462
0.55861
0.95182
0.97365
0.77498
0.54883
0.86285
0.39382
0.38036
0.92649
0.26471
0.60433
0.56182
0.76489
0.57692
0.7236
0.96958
0.89511
0.89008
0.71794
0.75176
0.76168
0.77961
0.41347
0.82354
0.62239
0.81737
0.73424
0.90287
0.79807
0.73798
0.64656
0.51899
0.97103
0.4779
0.49098
0.85037
0.23511
0.60425
0.84526
0.72552
0.33001
0.67712
0.53294
0.81282
0.88889
0.72479
0.92105
0.43734
0.69064
0.67779
0.72679
0.7407
0.77784
0.47368
0.29922
0.40635
0.74195
0.51384
0.98033
0.32815
0.67776
0.72375
0.4549
0.35246
0.51461
0.93214
0.43016
0.37434
0.37352
0.37155
0.57522
0.81287
0.76734
0.57717
0.9711
0.31884
0.80752
0.95232
0.46794
0.51249
0.53321
0.91325
0.50458
0.36605
0.53276
0.64121
0.85724
0.64658
0.70181
0.97461
0.73803
0.98137
0.5283
0.46111
0.36592
0.88036
0.52989
0.45049
0.45549
0.82382
0.40845
0.81858
0.69728
0.87599
0.88804
0.31918
0.95133
0.73062
0.98675
0.72641
0.74853
0.32712
0.89729
0.63735
0.88646
0.7172
0.84126
0.66055
0.92281
0.93944
0.92267
0.80103
0.33531
0.61029
0.96891
0.94397
0.61226
0.6275
0.80085
0.52872
0.40987
0.72224
0.34398
0.9063
0.7019
0.66383
0.47087
0.83319
0.4581
0.87298
0.88989
0.45653
0.48707
0.52197
0.79408
0.97798
0.93778
0.91846
0.86143
0.53392
0.91376
0.26514
0.49898
0.94818
0.6348
0.83425
0.85948
0.36752
0.37761
0.42134
0.55745
0.66741
0.91499
0.5283
0.44592
0.34481
0.68749
0.6423
0.31296
0.70988
0.8264
0.87669
0.68355
0.97999
0.42386
0.88241
0.3595
0.89835
0.53052
0.87616
0.83707
0.47858
0.37148
0.72343
0.97757
0.72999
0.91324
0.89051
0.77617
0.91952
0.3669
0.59486
0.84773
0.84818
0.97994
0.4202
0.82351
0.6759
0.87761
0.75846
0.24009
0.8134
0.94793
0.93508
0.45747
0.90264
0.75695
0.75347
0.70578
0.81075
0.74715
0.65436
0.34082
0.78949
0.61237
0.5001
0.99483
0.26671
0.76179
0.99901
0.80324
0.6158
0.66998
0.56967
0.58246
0.63138
0.52712
0.86464
0.94269
0.39742
0.9734
0.9756
0.93429
0.36781
0.90068
0.72748
0.82257
0.73187
0.27584
0.80205
0.85287
0.85125
0.89284
0.62393
0.87363
0.54826
0.86245
0.68653
0.33869
0.31679
0.50243
0.97557
0.7641
0.98668
0.27661
0.75931
0.89666
0.82906
0.97838
0.61109
0.95412
0.26808
0.98674
0.49001
0.5568
0.97114
0.55908
0.68004
0.33017
0.81867
0.98832
0.59871
0.98309
0.55208
0.99874
0.75995
0.83733
0.71304
0.69981
0.91613
0.61238
0.74363
0.87383
0.73257
0.85832
0.87552
0.96078
0.9998
0.89243
0.65503
0.62677
0.51568
0.95977
0.86546
0.48471
0.60842
0.82012
0.51661
0.80264
0.9163
0.34026
0.85471
0.81578
0.54943
0.72271
0.4618
0.33344
0.46601
0.32213
0.72519
0.97637
0.99127
0.609
0.64611
0.33846
0.50979
0.472
0.76718
0.97727
0.74091
0.62758
0.79452
0.88018
0.46238
0.60099
0.86298
0.88258
0.59673
0.93394
0.76997
0.45255
0.71133
0.95213
0.79249
0.51954
0.53233
0.89693
0.99671
0.41371
0.5395
0.94862
0.71686
0.84708
0.24943
0.94297
0.95786
0.89792
0.38924
0.92759
0.24142
0.59537
0.81396
0.66058
0.9607
0.32979
0.33285
0.50236
0.93009
0.86547
0.82841
0.90495
0.34867
0.99937
0.95568
0.62993
0.67856
0.31721
0.61582
0.71729
0.29442
0.93854
0.84837
0.44173
0.7849
0.70969
0.94872
0.885
0.94261
0.86473
0.61419
0.49024
0.79711
0.86765
0.6877
0.67301
0.63953
0.39586
0.65683
0.63191
0.815
0.73928
0.98092
0.97827
0.83522
0.45988
0.67
0.8734
0.44581
0.77952
0.61673
0.87415
0.66989
0.55553
0.37656
0.93681
0.92772
0.82046
0.48679
0.87687
0.65568
0.95676
0.95915
0.47234
0.67962
0.9104
0.90672
0.85106
0.99141
0.95238
0.28973
0.75678
0.62105
0.80578
0.7518
0.64145
0.83973
0.49977
0.88587
0.96454
0.9848
0.31307
0.95521
0.23725
0.75578
0.98614
0.71123
0.91104
0.90376
0.38912
0.36462
0.71484
0.76542
0.90861
0.44363
0.54127
0.75231
0.99298
0.93684
0.97581
0.64205
0.77595
0.98411
0.93751
0.83704
0.62341
0.72144
0.5162
0.54451
0.62818
0.89436
0.67954
0.46871
0.68007
0.92062
0.2324
0.97127
0.99991
0.96671
0.54729
0.40247
0.89353
0.47477
0.64061
0.38085
0.84938
0.73547
0.42535
0.55234
0.98007
0.78759
0.75502
0.53666
0.77005
0.93198
0.93395
0.98778
0.90801
0.81319
0.71925
0.83822
0.95433
0.43929
0.35075
0.93108
0.51105
0.72587
0.85834
0.6228
0.7387
0.41982
0.74381
0.43761
0.57445
0.93958
0.87523
0.9711
0.7861
0.64679
0.66437
0.4201
0.78133
0.62433
0.87246
0.85064
0.65576
0.44101
0.91885
0.66505
0.77416
0.47457
0.83762
0.65362
0.98899
0.33103
0.90303
0.60528
0.9541
0.36956
0.42515
0.90499
0.96122
0.60699
0.99124
0.98454
0.77904
0.69336
0.97539
0.83062
0.71065
0.79265
0.97129
0.48817
0.43809
0.7512
0.98322
0.59692
0.71602
0.884
0.81484
0.758
0.81972
0.84684
0.98714
0.73928
0.47089
0.65946
0.34845
0.67145
0.65196
0.70994
0.72763
0.97083
0.77077
0.8657
0.92023
0.70348
0.48605
0.82246
0.98327
0.58937
0.64059
0.82289
0.98423
0.97397
0.73241
0.87476
0.3339
0.9163
0.47409
0.50589
0.66826
0.37452
0.65053
0.95206
0.47061
0.57348
0.58058
0.78524
0.99642
0.89958
0.38656
0.89109
0.64747
0.68663
0.30023
0.98009
0.72446
0.60561
0.83489
0.7363
0.88465
0.67702
0.34969
0.90884
0.81743
0.4542
0.36386
0.78635
0.96069
0.747
0.60034
0.46759
0.54837
0.81312
0.92452
0.33785
0.43525
0.73237
0.93612
0.8514
0.53991
0.98665
0.797
0.54497
0.67794
0.8559
0.47536
0.55424
0.47565
0.44763
0.42009
0.85342
0.54265
0.43957
0.92287
0.73314
0.96633
0.52222
0.77618
0.58811
0.97607
0.3342
0.79219
0.32267
0.24674
0.55712
0.68835
0.67412
0.60694
0.61636
0.69124
0.56358
0.98217
0.89481
0.5837
0.77427
0.88495
0.57016
0.718
0.95195
0.80535
0.52531
0.84475
0.52568
0.99316
0.87496
0.3841
0.88941
0.84826
0.78664
0.42216
0.77577
0.74805
0.77853
0.65508
0.62282
0.43304
0.46669
0.34256
0.56036
0.82852
0.68199
0.84443
0.72765
0.73812
0.36134
0.84679
0.96668
0.80446
0.88555
0.98338
0.56164
0.50025
0.67396
0.59602
0.37854
0.77339
0.75536
0.97466
0.78695
0.80062
0.80087
0.65933
0.6761
0.73317
0.61332
0.45482
0.66262
0.67789
0.40883
0.3799
0.26829
0.7719
0.85727
0.72187
0.90491
0.39215
0.58817
0.58028
0.8926
0.37873
0.41159
0.87151
0.51067
0.6958
0.39003
0.31313
0.73753
0.80485
0.50867
0.92113
0.82057
0.73101
0.61324
0.91848
0.65888
0.87026
0.84821
0.6805
0.94224
0.76313
0.75237
0.54237
0.33193
0.48507
0.43523
0.98997
0.54381
0.84196
0.84425
0.88759
0.85661
0.30683
0.89093
0.71703
0.91786
0.88053
0.7193
0.63059
0.41549
0.4378
0.87531
0.95533
0.31793
0.53794
0.44005
0.58875
0.96423
0.72615
0.44248
0.87203
0.65129
0.91044
0.94424
0.76759
0.3404
0.89784
0.87643
0.50417
0.36237
0.79597
0.79705
0.46484
0.5922
0.98297
0.64524
0.92627
0.51257
0.8378
0.6519
0.38127
0.77823
0.56114
0.33695
0.39707
0.84549
0.97127
0.34799
0.95055
0.82639
0.88998
0.70795
0.53571
0.43473
0.62824
0.52453
0.82697
0.97746
0.47403
0.63834
0.95742
0.70097
0.46283
0.79725
0.6375
0.50851
0.40997
0.93138
0.79257
0.76478
0.40123
0.59826
0.85484
0.61199
0.8791
0.97185
0.69942
0.58608
0.79201
0.60108
0.29318
0.70313
0.50355
0.93416
0.76614
0.82028
0.38523
0.82496
0.61074
0.47236
0.81825
0.61102
0.59295
0.93424
0.31383
0.64841
0.84925
0.75376
0.96026
0.23813
0.38648
0.2958
0.53973
0.90873
0.92283
0.52068
0.78829
0.84292
0.86335
0.71205
0.65572
0.76766
0.79113
0.94751
0.86137
0.48119
0.51163
0.99083
0.94146
0.78015
0.4762
0.90205
0.41344
0.80575
0.43233
0.85019
0.73204
0.70819
0.80315
0.70985
0.61505
0.92926
0.98008
0.73506
0.7829
0.65813
0.81866
0.83701
0.61773
0.87685
0.57376
0.62445
0.53184
0.77956
0.5646
0.89216
0.62486
0.81312
0.59411
0.65978
0.81
0.87106
0.83006
0.7065
0.7827
0.98257
0.65054
0.43495
0.5066
0.65459
0.39008
0.3808
0.3556
0.53456
0.98604
0.55235
0.80975
0.3688
0.37689
0.5933
0.43831
0.29089
0.96358
0.80845
0.58646
0.69569
0.90962
0.49657
0.9461
0.76775
0.45213
0.93044
0.6914
0.85692
0.72112
0.41696
0.79488
0.61194
0.92456
0.90197
0.78004
0.9637
0.82451
0.85146
0.80239
0.65152
0.49702
0.75282
0.83187
0.5589
0.99852
0.85922
0.97601
0.85388
0.46346
0.95288
0.76629
0.67149
0.77842
0.5484
0.628
0.94749
0.32037
0.90944
0.56103
0.87033
0.9965
0.30436
0.93824
0.60623
0.72369
0.83648
0.51628
0.61416
0.81662
0.73585
0.7614
0.73186
0.54214
0.25876
0.74274
0.71312
0.78428
0.98216
0.51007
0.54048
0.6993
0.73679
0.92681
0.94145
0.78064
0.61544
0.40969
0.87952
0.49742
0.47467
0.59238
0.45566
0.9823
0.70734
0.9906
0.41386
0.92769
0.39619
0.8851
0.85544
0.56687
0.98647
0.91539
0.90926
0.52112
0.97127
0.67741
0.44448
0.8718
0.82966
0.69678
0.45321
0.89217
0.55418
0.6841
0.3383
0.94793
0.5059
0.94294
0.57704
0.63727
0.56987
0.93393
0.68654
0.65308
0.98357
0.32781
0.42634
0.54804
0.26899
0.8751
0.59189
0.42267
0.78389
0.97791
0.95762
0.78734
0.98334
0.75978
0.99016
0.72374
0.75667
0.91867
0.41041
0.94888
0.6553
0.46542
0.66829
0.90992
0.80556
0.86512
0.90134
0.75817
0.61601
0.70966
0.26199
0.41779
0.47303
0.80435
0.70301
0.34618
0.74037
0.24976
0.62286
0.93084
0.78804
0.59962
0.81026
0.36036
0.76406
0.69785
0.87947
0.77084
0.87555
0.84594
0.97539
0.96919
0.85783
0.44284
0.43791
0.65265
0.34782
0.66099
0.62513
0.89358
0.33309
0.82643
0.49558
0.92653
0.66546
0.66298
0.73218
0.66681
0.58919
0.80429
0.99317
0.95506
0.3607
0.56941
0.35656
0.93142
0.5699
0.59997
0.61714
0.58337
0.71144
0.73319
0.83192
0.75897
0.45174
0.85963
0.67515
0.92015
0.47556
0.78511
0.31551
0.8409
0.98159
0.59981
0.73298
0.69636
0.886
0.77907
0.66837
0.63165
0.79806
0.93711
0.98731
0.8676
0.9627
0.54246
0.34584
0.89056
0.73774
0.72369
0.2956
0.94262
0.97483
0.81103
0.94978
0.9775
0.6732
0.9878
0.93113
0.82306
0.80522
0.49018
0.59752
0.76766
0.55347
0.93961
0.95446
0.63617
0.45544
0.5782
0.85402
0.56933
0.9011
0.89479
0.99076
0.73222
0.5576
0.49485
0.5553
0.98127
0.35777
0.78913
0.35573
0.89339
0.95019
0.88367
0.9199
0.79493
0.34107
0.97723
0.56056
0.57517
0.58406
0.72941
0.9716
0.78148
0.81919
0.92765
0.75427
0.86368
0.25811
0.95832
0.33292
0.81996
0.58604
0.92632
0.99715
0.82824
0.93093
0.84316
0.43828
0.75095
0.93164
0.99025
0.31884
0.8351
0.98239
0.63159
0.40619
0.46093
0.37039
0.77542
0.98128
0.95105
0.62602
0.84592
0.61495
0.5838
0.9913
0.57564
0.33251
0.96446
0.92407
0.59929
0.98863
0.89411
0.57215
0.72429
0.39015
0.72201
0.60011
0.87382
0.53113
0.441
0.47815
0.6506
0.9358
0.25585
0.82118
0.96092
0.45365
0.97215
0.37239
0.75452
0.84678
0.90451
0.69774
0.32327
0.80507
0.34481
0.97816
0.44801
0.97284
0.67621
0.9033
0.25063
0.80539
0.86503
0.58541
0.87675
0.93246
0.52367
0.57947
0.71404
0.3185
0.74682
0.62567
0.40963
0.86044
0.28056
0.50258
0.89086
0.46033
0.53706
0.35005
0.68415
0.57941
0.37104
0.8792
0.95522
0.72335
0.32572
0.62079
0.25377
0.60967
0.72723
0.85748
0.80409
0.58124
0.94666
0.7908
0.89305
0.99445
0.33185
0.64415
0.88546
0.66223
0.81437
0.91817
0.96666
0.78333
0.47691
0.93494
0.54938
0.59566
0.706
0.5958
0.4754
0.61364
0.82602
0.38477
0.8577
0.80839
0.44669
0.77117
0.69151
0.62744
0.60738
0.87915
0.79669
0.85994
0.845
0.71794
0.67055
0.53225
0.93
0.97043
0.66957
0.96679
0.95565
0.97372
0.69432
0.66315
0.89083
0.8037
0.85502
0.65738
0.3814
0.55955
0.63877
0.79603
0.48482
0.43092
0.85918
0.38786
0.87114
0.73178
0.6601
0.72734
0.84917
0.89443
0.99868
0.37242
0.59374
0.9265
0.2996
0.49911
0.85236
0.41418
0.32017
0.60209
0.46538
0.3939
0.42731
0.65126
0.74612
0.91434
0.96265
0.87377
0.6509
0.99774
0.55331
0.47449
0.74311
0.98694
0.82825
0.75689
0.44358
0.50604
0.50588
0.54919
0.84577
0.8508
0.42371
0.71274
0.9572
0.4623
0.71961
0.80646
0.60826
0.57653
0.44201
0.38506
0.40048
0.96832
0.71837
0.80959
0.37343
0.83942
0.61483
0.65677
0.90964
0.3952
0.88814
0.9967
0.96163
0.81526
0.89758
0.67299
0.96505
0.80086
0.31706
0.46567
0.45772
0.63747
0.91283
0.52647
0.57003
0.78989
0.75481
0.57163
0.86953
0.82251
0.85214
0.81402
0.73119
0.85312
0.90434
0.82822
0.64634
0.99166
0.48215
0.78269
0.65138
0.74209
0.68557
0.71989
0.39364
0.49725
0.76773
0.59571
0.76905
0.89766
0.90063
0.28515
0.37782
0.7176
0.93434
0.57548
0.94687
0.69052
0.98222
0.8974
0.62664
0.90879
0.7877
0.87833
0.57279
0.75073
0.77016
0.54194
0.956
0.40284
0.74626
0.97618
0.88767
0.31327
0.31167
0.71224
0.55248
0.34772
0.52438
0.80251
0.96867
0.56749
0.99238
0.84231
0.96357
0.66671
0.34272
0.37664
0.74286
0.57184
0.81638
0.76999
0.41404
0.96211
0.69002
0.70993
0.38995
0.77169
0.68888
0.85721
0.99906
0.44407
0.51317
0.3753
0.74262
0.47037
0.52879
0.96901
0.89456
0.82702
0.35724
0.81635
0.74559
0.70583
0.84928
0.88601
0.97515
0.5718
0.97536
0.79074
0.65617
0.52321
0.75607
0.8806
0.62283
0.38458
0.37388
0.96851
0.99883
0.31112
0.86913
0.77627
0.65092
0.51222
0.58839
0.92509
0.67715
0.48839
0.28624
0.64376
0.99099
0.61677
0.45921
0.4568
0.75513
0.83925
0.76853
0.77979
0.79598
0.78803
0.77773
0.99555
0.52972
0.68555
0.74977
0.89744
0.56386
0.90679
0.59593
0.81121
0.7314
0.57668
0.85884
0.94779
0.50678
0.69321
0.82305
0.77882
0.60367
0.92635
0.79831
0.73756
0.64564
0.73468
0.94017
0.34471
0.77098
0.94461
0.88557
0.47328
0.50037
0.90804
0.68448
0.83884
0.88989
0.89984
0.31119
0.95427
0.95603
0.76097
0.51121
0.67883
0.44265
0.79398
0.86497
0.65076
0.6504
0.57887
0.84628
0.63239
0.9613
0.54995
0.39955
0.62827
0.94849
0.37195
0.35493
0.92803
0.58963
0.40537
0.58426
0.82713
0.70752
0.76443
0.57081
0.94305
0.72422
0.92811
0.50095
0.34771
0.71226
0.32312
0.88735
0.65243
0.76656
0.35979
0.72916
0.47369
0.61245
0.51982
0.93333
0.84211
0.73481
0.37372
0.73734
0.88486
0.45525
0.67285
0.97813
0.89269
0.86284
0.92999
0.58627
0.87518
0.45872
0.64043
0.48191
0.80698
0.3014
0.89164
0.74535
0.94852
0.49904
0.55497
0.85242
0.43519
0.71315
0.52604
0.95326
0.63984
0.53532
0.61495
0.47042
0.68235
0.57198
0.51395
0.35135
0.76639
0.92864
0.64827
0.50014
0.83455
0.62593
0.74577
0.21151
0.4182
0.55072
0.83692
0.38252
0.87105
0.84415
0.90398
0.32151
0.81174
0.85823
0.70134
0.91604
0.62183
0.66649
0.94949
0.96478
0.88768
0.64766
0.9804
0.80181
0.64662
0.74842
0.67156
0.4807
0.65428
0.71567
0.66092
0.46378
0.67482
0.99769
0.47393
0.49524
0.51467
0.75984
0.38678
0.88974
0.9608
0.76092
0.27299
0.89028
0.55224
0.90518
0.98051
0.39322
0.48881
0.94724
0.73626
0.98684
0.62085
0.69954
0.40337
0.63834
0.94515
0.80503
0.45983
0.68202
0.74267
0.71522
0.84432
0.98943
0.71026
0.64156
0.42758
0.73302
0.58802
0.87447
0.67626
0.90241
0.95156
0.89224
0.88878
0.5963
0.97298
0.79119
0.95732
0.43447
0.34445
0.86797
0.75252
0.92957
0.55791
0.70631
0.35803
0.76365
0.55665
0.88994
0.74906
0.93225
0.76513
0.88779
0.88087
0.70197
0.27013
0.95261
0.86946
0.87044
0.75553
0.86591
0.9297
0.70838
0.78358
0.37285
0.97182
0.55809
0.6655
0.40393
0.91851
0.79153
0.90841
0.82771
0.56201
0.53555
0.74156
0.99478
0.90998
0.77233
0.34185
0.99636
0.37895
0.57242
0.35454
0.59872
0.34482
0.8928
0.71696
0.86817
0.96273
0.34109
0.87488
0.78778
0.51266
0.85192
0.66453
0.57568
0.91421
0.80432
0.72328
0.52823
0.93969
0.5988
0.83638
0.77256
0.93599
0.8348
0.6803
0.87464
0.83762
0.29331
0.99822
0.33226
0.86845
0.98828
0.84716
0.35987
0.91572
0.36609
0.63687
0.46153
0.58992
0.74645
0.62528
0.50779
0.56785
0.72904
0.80831
0.98057
0.85549
0.30957
0.63282
0.78927
0.71574
0.76863
0.6959
0.69422
0.9057
0.82649
0.56345
0.8973
0.6176
0.83642
0.63918
0.66916
0.56938
0.95976
0.79989
0.99063
0.86685
0.60281
0.73506
0.82764
0.69614
0.64426
0.63761
0.61903
0.73619
0.46539
0.72127
0.71671
0.28232
0.97873
0.93411
0.25511
0.96655
0.60842
0.73459
0.5362
0.73089
0.73283
0.26054
0.46883
0.89884
0.64576
0.64503
0.95187
0.7442
0.39
0.39757
0.83483
0.9117
0.58409
0.63299
0.78491
0.77914
0.86889
0.43898
0.89639
0.79917
0.66362
0.94668
0.36208
0.74792
0.9568
0.84465
0.96885
0.65466
0.78534
0.67456
0.83534
0.34679
0.77135
0.70624
0.32051
0.8074
0.33747
0.80895
0.5388
0.53346
0.82145
0.69067
0.39664
0.79528
0.79207
0.70503
0.88699
0.40608
0.78726
0.35148
0.3508
0.49328
0.92333
0.8764
0.28433
0.76283
0.63308
0.41452
0.41156
0.73529
0.82062
0.6109
0.61551
0.39843
0.76962
0.97516
0.94524
0.75718
0.70259
0.9849
0.78347
0.48106
0.71765
0.79246
0.37691
0.44189
0.49835
0.64298
0.56068
0.42308
0.7118
0.72654
0.6609
0.33558
0.46269
0.49989
0.81627
0.81382
0.32633
0.76878
0.27705
0.63609
0.9041
0.73687
0.9827
0.92037
0.60706
0.99925
0.82268
0.58065
0.77434
0.89453
0.7443
0.45707
0.85731
0.35382
0.6283
0.97888
0.69548
0.90572
0.73595
0.36791
0.22641
0.96611
0.60765
0.99296
0.60508
0.85028
0.39963
0.74645
0.49387
0.73164
0.92937
0.71396
0.91302
0.61124
0.94343
0.37063
0.80414
0.58141
0.29464
0.65975
0.36224
0.99249
0.49563
0.878
0.76622
0.90805
0.4222
0.96997
0.96622
0.4437
0.94727
0.86275
0.71087
0.54956
0.92606
0.97838
0.92683
0.47992
0.88593
0.77
0.76702
0.65451
0.40071
0.78947
0.55002
0.9085
0.48166
0.9785
0.86288
0.93247
0.71839
0.58921
0.9764
0.97909
0.83819
0.99217
0.44451
0.76337
0.33642
0.78696
0.59064
0.79806
0.47763
0.91333
0.95473
0.93862
0.89644
0.83505
0.80781
0.95996
0.96939
0.80542
0.57263
0.82788
0.66143
0.84076
0.56836
0.33873
0.53178
0.66554
0.44691
0.27591
0.63472
0.83882
0.95337
0.63444
0.70032
0.52131
0.77869
0.59819
0.84935
0.95292
0.99108
0.89691
0.79903
0.91749
0.77043
0.49136
0.25658
0.4822
0.98817
0.69411
0.78405
0.91262
0.63992
0.57794
0.99478
0.78877
0.35842
0.70273
0.72597
0.82822
0.85767
0.97852
0.9429
0.48143
0.84229
0.96607
0.81207
0.6283
0.86065
0.64463
0.88956
0.43137
0.83026
0.90868
0.74391
0.38199
0.30992
0.73915
0.54797
0.37109
0.61511
0.92069
0.90989
0.95967
0.74946
0.48396
0.89651
0.4576
0.67014
0.77291
0.95334
0.90818
0.90231
0.70079
0.9473
0.83967
0.48657
0.96593
0.96715
0.89913
0.44497
0.47968
0.6147
0.52446
0.95503
0.78848
0.98475
0.64311
0.25777
0.99082
0.71124
0.69894
0.9443
0.98252
0.94152
0.76461
0.97443
0.72497
0.4419
0.70831
0.64594
0.91709
0.94174
0.83927
0.68118
0.92684
0.78501
0.40982
0.88734
0.48971
0.31087
0.82046
0.58478
0.90586
0.83393
0.75255
0.70559
0.46372
0.78336
0.80025
0.75676
0.42944
0.61553
0.87103
0.82294
0.63721
0.61251
0.81862
0.79789
0.66051
0.94027
0.88997
0.80354
0.86084
0.62163
0.67638
0.84157
0.54655
0.48447
0.46395
0.94164
0.98562
0.34477
0.69491
0.58116
0.97981
0.89889
0.82475
0.33642
0.75212
0.59222
0.78834
0.81134
0.68602
0.45644
0.985
0.56783
0.81994
0.99274
0.61738
0.84844
0.82308
0.4604
0.43503
0.94887
0.99446
0.89597
0.63477
0.4503
0.85497
0.87316
0.39094
0.37758
0.87657
0.7498
0.47445
0.95374
0.77172
0.68783
0.96809
0.66168
0.79595
0.72517
0.996
0.87292
0.46583
0.80193
0.43301
0.80153
0.86299
0.95169
0.58081
0.54052
0.69069
0.39648
0.94119
0.27265
0.4222
0.80563
0.98619
0.89069
0.57517
0.67993
0.75811
0.46285
0.78743
0.9704
0.36909
0.46182
0.515
0.24858
0.7659
0.95331
0.63059
0.90374
0.37889
0.49015
0.4276
0.78788
0.73513
0.75287
0.70955
0.69775
0.58722
0.69597
0.94084
0.80779
0.78798
0.37852
0.71356
0.38347
0.99369
0.97612
0.8612
0.56216
0.93721
0.89889
0.7085
0.57629
0.3512
0.4434
0.72506
0.96732
0.82991
0.88006
0.52217
0.7827
0.62204
0.74854
0.99712
0.47909
0.73952
0.30968
0.44684
0.67857
0.4964
0.53413
0.77526
0.54406
0.77222
0.95957
0.79997
0.70895
0.51886
0.91229
0.90565
0.28177
0.48872
0.31222
0.63821
0.80425
0.75648
0.31151
0.97951
0.92415
0.41917
0.96058
0.65217
0.89399
0.66297
0.92472
0.39538
0.34559
0.863
0.86176
0.38194
0.80794
0.50383
0.5111
0.94265
0.73159
0.92919
0.46821
0.51981
0.74906
0.36999
0.7936
0.84245
0.45928
0.70831
0.64909
0.85617
0.56846
0.94988
0.71975
0.4352
0.78594
0.65342
0.39452
0.82695
0.58698
0.92574
0.86356
0.30935
0.6723
0.90935
0.74561
0.72978
0.98249
0.90404
0.99421
0.79853
0.53282
0.56677
0.50397
0.55165
0.59809
0.41797
0.73054
0.48357
0.92374
0.69604
0.58867
0.80764
0.79413
0.70102
0.49563
0.79574
0.826
0.89382
0.96139
0.369
0.5972
0.531
0.813
0.79234
0.4448
0.92349
0.88422
0.9562
0.40098
0.7276
0.6086
0.62744
0.94178
0.54671
0.80558
0.77782
0.63579
0.65972
0.68056
0.80507
0.56555
0.98889
0.61178
0.46974
0.31546
0.56521
0.77631
0.38586
0.34069
0.77858
0.61959
0.8051
0.56259
0.88098
0.45469
0.91412
0.54964
0.35731
0.78118
0.38385
0.99075
0.81742
0.49116
0.97262
0.65088
0.99953
0.90914
0.89168
0.36943
0.97823
0.90069
0.65982
0.47173
0.33207
0.89232
0.77343
0.65291
0.80953
0.51765
0.5616
0.93782
0.84439
0.27127
0.48111
0.49271
0.84806
0.84404
0.45759
0.8258
0.98175
0.67987
0.70244
0.4153
0.31573
0.58427
0.95181
0.5109
0.77047
0.67783
0.91338
0.75177
0.80304
0.70048
0.47874
0.92544
0.94745
0.62629
0.55536
0.8287
0.86335
0.93253
0.85546
0.71541
0.60562
0.63738
0.85177
0.45073
0.85971
0.75059
0.96834
0.92069
0.25735
0.83535
0.87353
0.3149
0.58051
0.76922
0.57353
0.81217
0.37665
0.95092
0.52574
0.83201
0.89986
0.52414
0.64614
0.7234
0.75029
0.67516
0.65332
0.79042
0.9589
0.63072
0.59757
0.42709
0.30634
0.55636
0.76049
0.94305
0.92503
0.30373
0.99069
0.63889
0.72715
0.47139
0.91293
0.98516
0.59605
0.48779
0.57582
0.86251
0.81605
0.8704
0.56554
0.91087
0.73671
0.43503
0.7182
0.88316
0.85693
0.8007
0.62593
0.51168
0.724
0.98989
0.88715
0.57885
0.80829
0.70901
0.50331
0.8162
0.69806
0.80797
0.34232
0.64189
0.2381
0.42871
0.56969
0.99483
0.59629
0.61152
0.70987
0.63753
0.65867
0.65746
0.62621
0.68951
0.30994
0.99562
0.54978
0.71952
0.62462
0.80684
0.74717
0.84742
0.94675
0.74885
0.90528
0.80722
0.67711
0.60428
0.68781
0.40839
0.86842
0.863
0.60726
0.85014
0.99676
0.55507
0.92916
0.94259
0.62681
0.33408
0.20702
0.28387
0.7393
0.96198
0.82019
0.68475
0.90353
0.62336
0.82202
0.46932
0.66637
0.70675
0.95463
0.3544
0.36473
0.49738
0.98441
0.84731
0.91844
0.4587
0.96016
0.77877
0.52176
0.9334
0.57565
0.57252
0.89227
0.78787
0.54542
0.95189
0.83509
0.54664
0.96474
0.81076
0.87895
0.82587
0.46337
0.92204
0.46665
0.32027
0.44724
0.72695
0.43155
0.65151
0.67736
0.77605
0.54941
0.79503
0.96882
0.81355
0.89103
0.94675
0.53085
0.74236
0.99912
0.54235
0.89431
0.31234
0.8458
0.98221
0.88307
0.35416
0.57126
0.44337
0.97536
0.8762
0.8542
0.57816
0.71382
0.72832
0.83466
0.71729
0.90991
0.51619
0.84545
0.94999
0.98674
0.89128
0.43139
0.91272
0.91833
0.83971
0.70016
0.9664
0.78082
0.93524
0.47801
0.58068
0.71012
0.96373
0.5273
0.71442
0.9597
0.33135
0.68932
0.45683
0.29132
0.8972
0.42023
0.67314
0.99823
0.85493
0.7186
0.85488
0.43636
0.87499
0.59949
0.74557
0.82443
0.68912
0.34327
0.76552
0.74851
0.59685
0.3413
0.70861
0.70645
0.74272
0.58868
0.8303
0.86143
0.26409
0.74976
0.69763
0.9635
0.37283
0.76913
0.97386
0.93188
0.3549
0.48747
0.86552
0.40124
0.38167
0.77595
0.94523
0.9575
0.7016
0.46449
0.56227
0.47169
0.6795
0.28993
0.79656
0.40621
0.47109
0.79463
0.76067
0.5041
0.53145
0.93775
0.51108
0.97152
0.56954
0.81105
0.98252
0.49758
0.85779
0.90915
0.7276
0.57959
0.82721
0.51946
0.5901
0.67264
0.23963
0.8493
0.99385
0.58259
0.95479
0.95282
0.83194
0.89324
0.67674
0.64332
0.72656
0.91635
0.63888
0.87511
0.60225
0.87088
0.97413
0.87079
0.77698
0.7346
0.7167
0.84143
0.34819
0.79811
0.89847
0.34138
0.96729
0.52306
0.52939
0.79762
0.56908
0.63822
0.5998
0.82599
0.36629
0.46841
0.63935
0.68775
0.82605
0.73227
0.95313
0.97489
0.94567
0.42566
0.47482
0.91916
0.86287
0.97711
0.83654
0.96508
0.60161
0.62552
0.5431
0.63634
0.39453
0.35523
0.97629
0.62493
0.80551
0.86302
0.81985
0.73355
0.90533
0.39582
0.52731
0.77941
0.91497
0.87738
0.65029
0.66248
0.6716
0.306
0.57145
0.44841
0.4713
0.74258
0.81739
0.82584
0.90778
0.74915
0.95946
0.83758
0.91252
0.86224
0.58652
0.69846
0.44441
0.85302
0.51549
0.91934
0.726
0.55758
0.573
0.99575
0.83524
0.87469
0.7105
0.6538
0.44587
0.77786
0.50928
0.83102
0.98522
0.5837
0.98211
0.82742
0.68515
0.73527
0.41858
0.77443
0.83765
0.92861
0.54962
0.93516
0.72022
0.79366
0.99783
0.70436
0.99445
0.53861
0.79442
0.51013
0.38864
0.97793
0.63534
0.98004
0.78525
0.71515
0.82216
0.90212
0.8554
0.96926
0.41648
0.81265
0.82662
0.65969
0.46308
0.87494
0.76588
0.97645
0.91255
0.4362
0.49005
0.55639
0.85035
0.28148
0.42123
0.828
0.37665
0.61141
0.39212
0.86827
0.644
0.55414
0.34355
0.98738
0.27377
0.7906
0.53446
0.81264
0.55775
0.79691
0.77202
0.62906
0.68303
0.96889
0.55386
0.70115
0.56851
0.89869
0.92963
0.50942
0.42787
0.38161
0.67081
0.45722
0.75218
0.45738
0.99744
0.86172
0.51324
0.40325
0.61541
0.80807
0.76646
0.96364
0.8454
0.97011
0.5397
0.92031
0.9843
0.68647
0.83544
0.92588
0.41431
0.86768
0.98288
0.40383
0.84883
0.93966
0.54788
0.68642
0.54837
0.64588
0.82459
0.97785
0.90654
0.67996
0.71626
0.91699
0.46011
0.86828
0.39915
0.61102
0.46005
0.97492
0.47319
0.48543
0.97808
0.82933
0.83404
0.94516
0.73222
0.51362
0.55848
0.65381
0.51428
0.7142
0.92285
0.98557
0.81012
0.94435
0.62164
0.90826
0.77843
0.76466
0.6586
0.73305
0.73163
0.90463
0.46401
0.41028
0.71354
0.6911
0.75808
0.97863
0.90598
0.93804
0.91028
0.70067
0.82547
0.81691
0.61304
0.32986
0.80179
0.95495
0.37453
0.9367
0.5087
0.75332
0.62886
0.90651
0.88102
0.73647
0.56123
0.53916
0.70233
0.94483
0.48341
0.88798
0.76633
0.47077
0.69596
0.82893
0.55249
0.78284
0.76053
0.77401
0.56693
0.9355
0.69432
0.70343
0.90044
0.79927
0.51123
0.87794
0.76289
0.63688
0.43229
0.95526
0.3887
0.98636
0.79013
0.43176
0.9057
0.96439
0.47651
0.47757
0.79754
0.8202
0.55424
0.90227
0.43652
0.33175
0.61751
0.38714
0.83209
0.85802
0.66628
0.89487
0.94023
0.5592
0.61736
0.27085
0.77248
0.87558
0.40817
0.9218
0.9398
0.49746
0.67624
0.94906
0.44449
0.8289
0.96303
0.58024
0.31115
0.96902
0.91863
0.9445
0.55675
0.97055
0.89726
0.80257
0.76029
0.41887
0.4532
0.94844
0.93713
0.83033
0.65237
0.32997
0.63965
0.47598
0.72152
0.57753
0.38001
0.90883
0.71497
0.45949
0.97992
0.49232
0.9931
0.99794
0.70379
0.30532
0.72188
0.70126
0.81004
0.46022
0.79622
0.60997
0.6829
0.92933
0.46378
0.82112
0.54994
0.7377
0.40242
0.78616
0.62564
0.53503
0.96772
0.67399
0.81569
0.8871
0.65464
0.941
0.52507
0.86237
0.90164
0.64764
0.73591
0.34425
0.36154
0.93273
0.53463
0.88667
0.44798
0.97391
0.8236
0.69362
0.54563
0.88693
0.7982
0.8091
0.90281
0.67404
0.99321
0.94223
0.44971
0.97129
0.87643
0.68413
0.5899
0.36958
0.92797
0.38957
0.31553
0.90065
0.74135
0.43112
0.74713
0.98949
0.56353
0.52795
0.5421
0.43899
0.98257
0.69706
0.76918
0.94674
0.76701
0.92554
0.83506
0.99013
0.41579
0.90927
0.59223
0.45143
0.82269
0.94971
0.45716
0.98326
0.85695
0.65448
0.58904
0.37276
0.72949
0.7661
0.28653
0.65856
0.68132
0.6651
0.65098
0.98744
0.84566
0.80286
0.42404
0.44136
0.6667
0.58413
0.45893
0.74223
0.31815
0.81238
0.47877
0.96669
0.72517
0.65334
0.45003
0.62552
0.8958
0.80954
0.7265
0.63793
0.3957
0.50887
0.939
0.47075
0.36791
0.93049
0.63071
0.81193
0.90507
0.83318
0.59726
0.87421
0.54886
0.97614
0.73534
0.98706
0.47036
0.59284
0.69492
0.62993
0.66522
0.73134
0.5969
0.75431
0.93208
0.392
0.67051
0.76861
0.99676
0.97632
0.9658
0.80554
0.85713
0.96846
0.34126
0.58186
0.51512
0.50868
0.78169
0.61809
0.83266
0.76405
0.83747
0.87309
0.57247
0.99743
0.67373
0.65143
0.61398
0.7433
0.64385
0.78022
0.63083
0.85365
0.87583
0.3807
0.95523
0.92222
0.53098
0.91154
0.78733
0.37809
0.35299
0.32357
0.58166
0.76049
0.80806
0.91458
0.49621
0.81368
0.91778
0.664
0.76413
0.86662
0.57298
0.48772
0.98183
0.64674
0.48831
0.5532
0.79064
0.6987
0.56542
0.93644
0.65932
0.76838
0.89378
0.73321
0.7118
0.98008
0.32803
0.74571
0.36438
0.62729
0.73621
0.65689
0.95012
0.72492
0.59212
0.59061
0.31204
0.48012
0.86357
0.8494
0.49494
0.76297
0.77358
0.61235
0.77341
0.87743
0.60885
0.79787
0.99301
0.47447
0.38659
0.77511
0.66262
0.90698
0.67423
0.45538
0.52773
0.92774
0.32243
0.83225
0.44905
0.66493
0.722
0.80323
0.4455
0.62626
0.78357
0.71304
0.64117
0.9832
0.96198
0.77534
0.92466
0.64392
0.97286
0.40653
0.36279
0.76597
0.74436
0.34808
0.97384
0.84493
0.80958
0.7584
0.81368
0.97149
0.80852
0.81993
0.89142
0.45664
0.82921
0.30562
0.70897
0.53287
0.973
0.58816
0.97915
0.69856
0.60374
0.51936
0.57779
0.83442
0.77923
0.54904
0.81891
0.59323
0.64641
0.79066
0.3483
0.93836
0.85225
0.52211
0.46171
0.33975
0.92222
0.25343
0.63381
0.77018
0.93299
0.70944
0.75677
0.88316
0.96953
0.57305
0.5394
0.96623
0.92224
0.87051
0.74913
0.5245
0.41471
0.80511
0.51948
0.41518
0.79073
0.7155
0.94188
0.44215
0.29635
0.50922
0.69912
0.397
0.91156
0.44558
0.94219
0.50398
0.94124
0.54481
0.45084
0.35377
0.53477
0.85878
0.94211
0.38549
0.73586
0.85023
0.54278
0.65566
0.64881
0.22755
0.62708
0.49155
0.77468
0.97154
0.53102
0.92571
0.6997
0.63814
0.44229
0.47968
0.75894
0.87342
0.91171
0.73603
0.78942
0.33699
0.94676
0.7858
0.96539
0.95893
0.43863
0.57471
0.79774
0.77449
0.6156
0.56292
0.6963
0.80393
0.65379
0.33791
0.72251
0.60896
0.99661
0.94769
0.88074
0.30268
0.74983
0.49398
0.67844
0.65411
0.81398
0.77909
0.34593
0.73706
0.8727
0.90134
0.36623
0.7123
0.90611
0.86429
0.37847
0.51329
0.79862
0.69168
0.65065
0.6485
0.57911
0.80219
0.76592
0.94751
0.95152
0.4179
0.88737
0.94314
0.89336
0.74723
0.989
0.4601
0.28002
0.47761
0.77038
0.92574
0.50179
0.74505
0.76565
0.48327
0.93378
0.96569
0.98096
0.54929
0.63731
0.74003
0.89117
0.38835
0.35813
0.46547
0.8362
0.56391
0.77393
0.95947
0.53173
0.80253
0.41871
0.59133
0.97214
0.46224
0.35262
0.8202
0.94732
0.34193
0.96476
0.62022
0.35111
0.68922
0.62699
0.72266
0.75846
0.53017
0.88429
0.692
0.62071
0.33139
0.56272
0.34199
0.74852
0.60386
0.42844
0.59956
0.74372
0.54373
0.77423
0.99606
0.42792
0.87111
0.95817
0.34128
0.9399
0.72987
0.75267
0.67576
0.80573
0.44455
0.60845
0.94268
0.88212
0.76095
0.89578
0.38536
0.70891
0.50415
0.98119
0.88023
0.82106
0.40715
0.85943
0.53268
0.92166
0.4002
0.76198
0.92822
0.6275
0.52666
0.38761
0.6636
0.93091
0.43554
0.94767
0.65888
0.46889
0.88216
0.50008
0.83779
0.6419
0.99129
0.47336
0.57173
0.33449
0.84735
0.3095
0.97408
0.47126
0.99246
0.84448
0.41458
0.99999
0.58226
0.96999
0.60824
0.30778
0.85515
0.84573
0.67415
0.95537
0.63089
0.47156
0.67737
0.81202
0.68214
0.94528
0.49346
0.7189
0.43966
0.78304
0.55624
0.83237
0.90229
0.90834
0.40238
0.91536
0.69028
0.89424
0.82556
0.96502
0.86987
0.705
0.90426
0.91095
0.60572
0.74968
0.82254
0.80074
0.68447
0.50283
0.3277
0.82183
0.79799
0.54041
0.90602
0.66619
0.62389
0.46529
0.96488
0.91906
0.88066
0.99716
0.42149
0.91332
0.62695
0.83722
0.34208
0.99601
0.42662
0.75726
0.89543
0.77575
0.96758
0.73962
0.52896
0.4432
0.76964
0.74835
0.9967
0.71717
0.31122
0.79716
0.40833
0.95896
0.94503
0.75509
0.43764
0.7498
0.77949
0.82503
0.73535
0.70927
0.91028
0.87366
0.89832
0.88421
0.96936
0.96601
0.47315
0.68412
0.52149
0.99748
0.59832
0.26638
0.68335
0.71756
0.257
0.69315
0.38634
0.46786
0.81016
0.43499
0.89687
0.48152
0.39245
0.54678
0.86719
0.50853
0.9951
0.41753
0.955
0.50603
0.84831
0.86347
0.58382
0.46126
0.97919
0.57771
0.36923
0.73886
0.60067
0.66652
0.91458
0.75753
0.88012
0.98023
0.78046
0.67113
0.73837
0.3285
0.87233
0.44663
0.45036
0.8208
0.9167
0.53659
0.59654
0.59924
0.97175
0.96205
0.85415
0.92299
0.48946
0.79929
0.95538
0.64338
0.95302
0.69365
0.32716
0.81843
0.8305
0.49527
0.82262
0.30872
0.46927
0.36569
0.96448
0.69575
0.73933
0.27672
0.73069
0.87566
0.43629
0.50158
0.56229
0.92452
0.92724
0.95515
0.96444
0.72538
0.50426
0.8682
0.57178
0.73082
0.66657
0.53165
0.89731
0.46379
0.67877
0.49637
0.49002
0.88194
0.56447
0.40016
0.92894
0.85918
0.64198
0.75159
0.56846
0.82791
0.85
0.98506
0.90328
0.96328
0.81807
0.67651
0.34319
0.97191
0.8114
0.56033
0.95878
0.99508
0.81552
0.3064
0.81725
0.83508
0.53084
0.64543
0.68957
0.9705
0.44758
0.61912
0.35043
0.64647
0.61957
0.82956
0.83794
0.97073
0.68725
0.87412
0.61026
0.89439
0.78901
0.44939
0.55893
0.70269
0.2676
0.51017
0.30109
0.95647
0.86022
0.36902
0.8943
0.51661
0.8168
0.26249
0.94556
0.98692
0.9979
0.75673
0.68951
0.89832
0.50786
0.38476
0.462
0.74439
0.89423
0.97443
0.62268
0.54993
0.93881
0.63579
0.38802
0.77366
0.65225
0.94718
0.91547
0.43049
0.54194
0.85763
0.53927
0.58991
0.38787
0.58782
0.63043
0.86335
0.90158
0.85264
0.40036
0.59414
0.91765
0.85214
0.81527
0.38074
0.91098
0.46462
0.35397
0.48647
0.55849
0.9956
0.31831
0.97662
0.98098
0.7972
0.3517
0.91831
0.53463
0.88974
0.6443
0.88326
0.42517
0.45686
0.6307
0.96054
0.73822
0.61334
0.83166
0.69039
0.77146
0.74128
0.7721
0.99144
0.63601
0.67066
0.97239
0.5466
0.79564
0.79047
0.96674
0.69031
0.67416
0.50138
0.26128
0.99372
0.2545
0.94321
0.69444
0.86679
0.71974
0.85769
0.82446
0.51561
0.54359
0.94227
0.85677
0.69484
0.56398
0.8315
0.94626
0.59156
0.44702
0.40792
0.3617
0.72849
0.80083
0.73407
0.46846
0.97508
0.52453
0.93806
0.54721
0.57185
0.92615
0.86686
0.49487
0.53047
0.58019
0.45536
0.99071
0.66567
0.40712
0.54556
0.32816
0.76637
0.87534
0.63418
0.96336
0.68304
0.49766
0.35729
0.94329
0.47875
0.57893
0.67311
0.70227
0.61626
0.60944
0.31034
0.6042
0.84622
0.53262
0.57591
0.6688
0.29578
0.67656
0.97799
0.27886
0.5001
0.53451
0.71839
0.76866
0.82941
0.72364
0.62955
0.62285
0.68591
0.9055
0.90836
0.63126
0.55216
0.7192
0.70664
0.54242
0.97407
0.41846
0.84293
0.90276
0.913
0.49327
0.47974
0.9682
0.58644
0.92988
0.49184
0.90761
0.71194
0.73453
0.35394
0.70378
0.92237
0.97977
0.28901
0.71552
0.85632
0.67822
0.5353
0.98438
0.82974
0.87744
0.55526
0.66355
0.62412
0.68349
0.87003
0.74171
0.73464
0.56805
0.88153
0.63266
0.83674
0.80636
0.78514
0.75769
0.88568
0.92397
0.89418
0.61762
0.52695
0.49912
0.98114
0.76214
0.65659
0.58887
0.86347
0.83199
0.86909
0.54253
0.98551
0.96937
0.95166
0.48237
0.98077
0.87022
0.77048
0.97664
0.81346
0.52939
0.8903
0.74299
0.47212
0.68012
0.99399
0.88303
0.95388
0.91251
0.32457
0.87002
0.94774
0.98594
0.73781
0.72207
0.44369
0.32275
0.76187
0.79622
0.84848
0.67967
0.79733
0.37452
0.96099
0.75374
0.96029
0.86453
0.9512
0.42794
0.77562
0.60274
0.79304
0.73159
0.6863
0.79557
0.50822
0.3635
0.83712
0.48703
0.79274
0.89389
0.53984
0.89392
0.91499
0.64793
0.55304
0.95307
0.31248
0.20033
0.51526
0.33499
0.87285
0.79672
0.64263
0.36701
0.52298
0.3241
0.56456
0.88173
0.67011
0.96166
0.46041
0.95542
0.5919
0.90245
0.68872
0.91952
0.91527
0.66499
0.77365
0.95004
0.47905
0.74526
0.77784
0.87279
0.52859
0.8531
0.56953
0.93548
0.81377
0.96624
0.45856
0.39563
0.89166
0.5667
0.98515
0.60484
0.61496
0.3708
0.75774
0.6404
0.97065
0.56145
0.859
0.91722
0.55061
0.37461
0.44832
0.82246
0.97296
0.78946
0.87268
0.79644
0.94404
0.71857
0.66197
0.71338
0.96551
0.86878
0.37132
0.90995
0.76392
0.86564
0.51775
0.66701
0.51643
0.50489
0.4458
0.60405
0.38071
0.87745
0.35339
0.45255
0.67467
0.94717
0.85331
0.53459
0.86941
0.57827
0.62328
0.99727
0.94637
0.68123
0.98946
0.41012
0.77032
0.48899
0.95341
0.75577
0.71665
0.82528
0.46466
0.62591
0.8385
0.78394
0.54426
0.89113
0.54764
0.97171
0.54645
0.79226
0.89553
0.34972
0.654
0.74137
0.79082
0.72854
0.32641
0.60502
0.99316
0.85408
0.9498
0.95044
0.61476
0.99376
0.30027
0.7584
0.58513
0.92816
0.9878
0.44
0.86474
0.77602
0.89215
0.67602
0.98992
0.4772
0.43573
0.6894
0.86441
0.34521
0.55049
0.31015
0.8581
0.58753
0.556
0.78463
0.73508
0.77758
0.69329
0.76002
0.76925
0.57822
0.96309
0.51101
0.60187
0.44919
0.93053
0.83074
0.99941
0.96279
0.55877
0.71394
0.50172
0.73909
0.55049
0.43469
0.35042
0.38575
0.57627
0.59825
0.35506
0.49012
0.82777
0.46417
0.81486
0.64876
0.38183
0.9718
0.65582
0.57347
0.38547
0.55467
0.84568
0.75247
0.64887
0.45063
0.89175
0.92207
0.91816
0.73265
0.51486
0.96184
0.78355
0.7108
0.98293
0.86516
0.87564
0.80015
0.5244
0.7751
0.8971
0.30672
0.42087
0.90905
0.72476
0.24498
0.71622
0.62128
0.47923
0.97239
0.81698
0.97363
0.43635
0.36303
0.92514
0.54943
0.29508
0.5343
0.9115
0.4631
0.43276
0.83776
0.91417
0.425
0.6423
0.5226
0.62453
0.96727
0.99149
0.39366
0.90058
0.49361
0.94031
0.54742
0.73297
0.89843
0.90296
0.83896
0.68923
0.99647
0.50241
0.69743
0.5461
0.96845
0.67474
0.53582
0.32954
0.76622
0.72139
0.52532
0.41753
0.40213
0.61501
0.5548
0.4858
0.85029
0.75148
0.66229
0.56595
0.86939
0.31009
0.44066
0.43086
0.40705
0.48639
0.69501
0.30781
0.84627
0.86364
0.55803
0.35568
0.80423
0.40718
0.32042
0.36691
0.7657
0.49362
0.66702
0.81661
0.34626
0.83065
0.50592
0.74126
0.92724
0.2596
0.99703
0.95777
0.7962
0.73916
0.67877
0.4903
0.82582
0.60678
0.94356
0.40007
0.42059
0.67154
0.54532
0.37323
0.66774
0.53406
0.70711
0.67176
0.61196
0.72304
0.36271
0.73143
0.39972
0.49483
0.42932
0.9675
0.70887
0.51631
0.73651
0.62479
0.5157
0.43237
0.48796
0.47101
0.9008
0.95978
0.58354
0.79554
0.99697
0.86398
0.4529
0.76917
0.87999
0.78451
0.28733
0.78363
0.80555
0.9987
0.89668
0.79466
0.69354
0.84917
0.79095
0.86503
0.27278
0.67993
0.72368
0.72103
0.81021
0.74984
0.91758
0.34179
0.70042
0.5544
0.87958
0.50436
0.38946
0.65586
0.79961
0.84253
0.6809
0.94973
0.81383
0.80925
0.808
0.74683
0.73776
0.84827
0.99742
0.94247
0.96124
0.93378
0.32515
0.64126
0.49922
0.9283
0.71117
0.80829
0.85223
0.70873
0.92719
0.4222
0.84296
0.55547
0.86982
0.80335
0.85187
0.37643
0.76318
0.90678
0.6435
0.91106
0.55282
0.99169
0.91921
0.75044
0.37888
0.853
0.85957
0.33509
0.82798
0.58934
0.70249
0.44885
0.4441
0.5384
0.98953
0.90747
0.49546
0.86826
0.89528
0.84562
0.66796
0.37068
0.39262
0.89513
0.26435
0.87193
0.89124
0.89197
0.53174
0.72956
0.4895
0.45411
0.67371
0.67593
0.76861
0.90905
0.93919
0.97954
0.55724
0.56874
0.39893
0.9773
0.31578
0.93083
0.98099
0.40212
0.95185
0.64078
0.71302
0.90002
0.76129
0.5687
0.42416
0.4556
0.73105
0.61477
0.60371
0.36767
0.80129
0.98609
0.74338
0.855
0.96124
0.46098
0.40283
0.30672
0.87938
0.4999
0.69168
0.8776
0.70796
0.38601
0.9214
0.76591
0.23168
0.73546
0.85425
0.92461
0.85256
0.61675
0.26025
0.46861
0.8004
0.31031
0.99841
0.66428
0.66601
0.88855
0.71956
