939.82215
940.24511
939.64466
939.89648
939.87461
939.7115
940.43588
940.5102
940.18166
942.06648
939.99458
940.70371
939.89364
939.63812
939.5776
940.03162
940.09397
940.73987
940.37507
941.02232
939.83294
939.6402
939.59515
941.08215
940.34428
939.64622
940.40888
940.02852
940.28519
939.67919
940.32052
939.75772
939.83848
939.97511
939.69754
939.69229
940.10133
939.59036
940.43285
939.9311
939.82356
939.85766
939.93298
940.25332
939.64106
939.96452
939.60086
940.10797
939.82059
940.32498
939.98866
939.63672
939.74035
940.10058
940.44901
941.62015
939.65533
940.11408
941.47475
940.24499
939.71477
939.60641
939.60475
940.1888
939.72553
941.22647
939.64644
939.69511
939.9555
940.31
941.1713
939.81655
939.73709
941.34927
940.59468
939.76366
939.87757
940.17356
940.58497
939.93005
939.78455
940.41568
940.23111
940.29233
939.64144
939.62163
940.00139
939.79497
940.77531
939.87856
940.34204
939.64981
940.26985
939.87096
939.66345
939.75604
939.83333
940.622
940.35304
940.61278
943.13518
939.97977
940.39279
939.57699
940.43184
940.19907
940.34064
939.94896
939.66029
940.15434
941.7517
941.67414
939.99007
939.7363
939.74638
939.75334
939.59502
939.75527
939.74923
939.90278
939.60424
939.84906
943.56884
939.6979
940.37816
939.61897
939.7028
939.79421
939.77162
939.99338
940.17618
940.07322
939.57269
939.78855
939.77533
939.79056
940.29881
940.21741
940.02078
939.85957
941.14086
940.3434
939.79588
939.77156
940.14199
940.48585
939.61343
939.66135
940.7345
939.72601
939.74519
941.43512
940.96237
940.63482
940.62287
939.56689
940.09723
940.12206
939.72071
940.26535
939.68597
939.9721
940.23703
939.99227
941.33057
940.14378
940.6086
940.09328
940.02669
939.96097
940.00812
940.8335
942.17389
939.58427
939.862
940.56381
940.17877
940.03471
940.2124
939.6654
940.16164
939.59267
940.58025
939.61319
939.72324
940.36431
940.53011
940.58768
939.98347
939.89061
939.76269
940.62339
939.62076
939.82431
939.72789
939.61941
940.20577
940.98922
940.23922
941.15547
939.58716
939.60673
940.58667
939.72242
940.28281
939.82733
941.43657
939.60846
940.85603
939.57137
942.18118
939.82678
940.00951
939.86745
940.11361
939.78928
939.65467
939.95816
939.69907
941.26763
939.6528
940.044
940.64156
939.66927
939.59973
940.47504
939.87887
939.75841
939.63606
940.79432
940.55313
939.82469
939.80817
939.79388
940.39666
942.69478
939.70109
940.04364
939.60129
940.52914
940.32892
939.91252
939.96029
940.42869
939.80241
939.70903
939.97594
940.11585
940.43968
939.99349
940.46988
942.40935
940.05725
939.62968
940.24589
939.71988
939.81085
939.62943
939.85042
939.70975
939.69372
939.94693
939.96269
940.02299
939.87777
939.70554
939.6888
939.69369
940.53077
939.90148
939.81567
940.11586
939.76729
939.97969
940.16085
939.7521
939.83995
939.81417
939.63551
939.70598
939.88334
940.15052
941.08132
939.6322
939.57112
940.05151
942.34556
940.34811
940.03622
940.94789
939.85498
941.14611
940.90658
939.76716
940.13133
939.79631
939.62489
939.89985
939.83892
940.79211
941.85969
940.15003
939.77541
939.94749
940.23256
939.68188
939.58951
941.19677
941.71577
940.75125
939.76664
939.59653
939.61918
940.29144
939.75664
939.88314
939.87389
940.0288
940.39777
940.28252
939.98959
940.06769
943.27369
940.37244
942.54758
939.70477
939.88385
940.3055
939.82023
940.4765
940.10527
940.36207
940.45296
941.7133
939.84831
939.86048
939.7112
939.9821
940.61133
940.68729
939.84787
939.73882
940.04779
939.92891
940.7806
939.86864
939.58141
939.8328
941.04012
939.70938
939.57227
939.72081
940.91268
939.90686
940.75647
939.58085
939.61358
939.61781
940.7259
940.09174
939.58155
939.96937
940.72475
939.79623
940.74788
939.97952
941.45688
939.56866
940.26951
939.7483
940.09731
939.91391
940.98641
940.25315
939.71646
939.57354
940.3669
939.63287
939.98816
940.17609
939.58896
939.85041
939.6919
941.22421
939.7642
939.82633
939.74257
939.61144
939.87217
939.58278
940.12928
940.55021
939.7247
942.06757
940.25169
939.67528
940.27309
940.94325
939.68395
940.36297
942.12927
940.07477
940.34758
940.59897
940.12083
939.88025
939.86294
939.63417
942.36409
939.88458
939.74562
940.78613
939.93438
939.61742
939.59372
940.39585
939.67654
939.95685
941.88951
939.61461
939.96928
940.09686
939.79078
939.63351
939.76126
940.64342
940.85083
939.67172
939.65224
939.57856
939.90938
940.78639
939.64971
939.61883
939.98788
940.42089
940.08783
940.58895
939.64003
939.9621
939.57678
939.6168
939.7024
940.11015
940.21893
940.79913
940.51672
939.89991
939.75139
940.11325
940.21184
939.62934
939.63857
939.78602
940.438
943.06856
940.03789
940.17727
940.47969
939.57912
940.46219
939.58423
940.04479
940.82253
939.90626
939.71268
941.96897
939.89757
940.51095
939.59264
939.64687
940.85565
943.14631
939.57657
939.6838
939.81025
940.079
939.74703
939.86921
943.57417
940.1083
939.80085
939.72644
940.02393
940.37384
939.62952
940.75432
940.57763
939.58428
939.61411
940.00707
939.60722
942.20161
939.63518
939.67132
940.05955
940.00488
939.87584
939.71532
940.00063
940.5153
940.02884
940.40101
939.88736
939.68294
939.60092
940.40918
939.61911
940.75349
940.79014
939.6655
940.12026
939.77824
939.75401
939.73851
941.3905
939.60291
941.28872
942.78065
941.17051
939.70034
940.3085
940.00946
941.33745
939.77102
939.75948
940.12935
940.06542
939.65103
942.02152
939.75096
940.33106
940.0387
939.57679
943.03363
939.88244
939.73199
939.99476
940.13806
939.71747
940.88208
939.90485
940.0077
939.76767
939.86831
940.65653
939.75788
940.6398
939.81119
939.81755
939.56893
939.85169
939.71476
940.00997
939.7398
939.81841
940.70759
939.58787
940.81372
939.98728
941.67849
941.83193
939.75176
939.61655
939.77882
940.06403
939.87585
940.09928
940.56387
939.58603
939.9752
941.5608
940.44062
939.60939
940.326
939.88755
939.58008
940.75807
940.07151
940.45965
939.82925
940.71527
940.56688
939.81363
940.89187
940.19077
939.94968
939.62659
940.03137
939.56963
939.6337
939.69788
940.06725
939.69606
940.10235
939.79929
940.75614
939.64304
940.0223
939.94101
939.89156
939.59723
940.0471
941.07688
939.91776
940.03752
939.78063
939.59741
940.57435
939.92246
939.80862
941.77183
939.66217
941.34061
940.79756
939.62092
939.96276
942.76225
939.71535
939.63962
940.79711
939.77954
941.00529
940.211
940.8147
939.88534
940.88371
939.77706
939.66061
940.22732
939.64346
940.16279
939.6866
939.65284
941.11647
939.99786
939.81165
939.76323
939.57498
939.61704
939.58297
939.59679
940.39169
940.61026
940.02643
939.6888
944.03909
939.83589
940.47587
940.29174
942.14865
940.28388
939.9342
939.65301
940.08931
940.25081
940.97031
940.02156
940.5496
939.62886
940.50968
940.61506
939.63815
941.32473
939.62221
939.78119
940.30238
939.81433
940.02962
939.79573
939.75006
939.63885
939.57016
940.04692
939.92345
940.0043
939.82888
939.62883
940.25768
939.79799
939.65679
939.82138
940.67498
940.89476
940.49956
939.58706
941.51498
940.0067
940.86509
939.83911
939.72216
939.76955
939.5894
940.2427
939.62209
940.02935
940.41242
940.15148
939.57637
940.66704
939.94179
939.76
939.99741
939.91987
939.5875
939.9927
941.30829
939.6432
939.57709
939.63099
940.1316
940.09511
940.16932
939.88883
939.84868
940.13023
940.65976
939.82887
940.58426
939.58463
939.79531
939.67378
940.05467
939.89476
940.56768
939.63457
939.97191
939.67213
940.14815
940.08836
939.72678
941.34876
939.86372
941.26858
940.47107
939.88956
940.80314
939.672
940.93232
942.21526
939.62309
939.73997
939.65035
939.85671
942.42588
940.45813
940.80254
939.78182
940.16213
940.12848
939.74265
940.28759
940.03834
941.49186
940.14512
939.85438
939.78642
940.97473
940.50057
939.77244
940.533
939.58216
940.23428
940.06224
940.10144
940.2955
940.01229
940.06502
940.97434
939.76054
939.6091
945.45716
941.20037
940.2525
940.10818
939.65382
939.66049
939.62716
939.59297
940.76381
940.23561
939.90198
939.72511
941.51759
940.13377
939.60631
945.97481
940.06071
939.89991
940.34458
940.04399
939.59422
939.89472
939.83048
940.0565
939.75113
939.77393
940.05478
939.89575
939.82415
939.82737
940.46323
939.60332
939.73778
939.60407
940.71674
940.06401
939.79709
940.32527
940.02265
939.6128
940.07987
940.54987
939.68585
939.65267
939.63427
940.92356
939.68309
939.63877
939.58545
939.57589
940.03471
940.42224
939.61988
940.00032
941.67884
939.75909
940.25957
940.28334
940.25451
940.60303
939.88576
940.1301
939.58248
941.13729
939.65033
940.51654
940.44995
939.72295
941.55553
940.53941
940.83292
939.61759
941.57919
940.83393
941.28347
940.15315
939.90497
940.67908
939.71474
940.3454
939.75368
939.71217
939.80668
939.65455
940.28337
940.54994
939.63271
940.52611
939.7588
940.28789
940.18871
939.62506
941.55118
940.66131
939.66711
939.83241
939.77467
939.66989
940.08704
940.25619
940.45559
940.13634
939.81111
939.73245
939.76212
940.45776
939.73102
940.36585
939.76451
941.91176
940.34912
941.65485
940.2566
939.82442
939.88573
941.65595
939.63729
940.28995
940.1707
939.66012
940.52349
940.18869
939.67329
939.71548
939.94458
939.66373
939.61153
939.73353
940.02146
939.60336
939.80434
940.06111
940.57582
939.99091
939.81396
939.9974
940.004
939.62023
940.28126
939.72481
939.85547
943.4922
941.19458
939.79894
939.64364
939.58484
939.82572
940.57451
939.94638
940.9108
940.03257
939.57059
942.46996
939.90039
940.50879
940.99934
940.26953
940.1447
939.64688
939.71446
939.62693
939.68294
939.6781
940.00848
939.67672
940.04008
940.07415
940.84796
940.27786
940.39334
940.7182
939.69688
939.63386
939.80594
939.86558
940.20065
940.11728
940.10099
939.86574
939.71704
940.01711
939.89116
939.75934
940.96733
939.69293
939.60662
940.00032
940.26296
940.23235
940.26239
939.58828
940.25834
941.57802
940.14925
940.79605
940.05916
941.05933
941.25362
940.58801
939.69665
940.00034
939.81027
939.85282
939.853
939.70318
939.67757
939.82777
939.96724
939.74115
939.67931
940.25224
941.1998
940.35539
940.21627
940.40066
939.67715
939.8649
939.76674
939.96693
940.44768
940.62702
939.59375
939.75215
939.74437
939.71617
941.33245
939.59706
940.47296
939.89326
941.35443
943.2645
940.23108
940.0074
939.74056
940.37565
939.62463
939.76807
943.83929
940.15853
939.99576
940.77716
940.02269
940.91564
940.26163
939.66413
939.65006
939.61473
939.62757
939.75074
939.82268
939.80718
939.69107
939.61449
940.50976
941.21474
939.59094
939.76498
940.31508
939.70136
939.71889
940.17519
939.71624
940.57704
939.69083
939.68558
939.74814
940.30968
939.7627
939.89979
939.84349
940.5242
939.72465
939.7521
939.85922
940.52121
939.68624
941.52019
941.70502
939.66499
942.00983
940.9882
939.72571
939.56916
940.80781
940.33775
939.76722
939.89107
939.74923
939.8387
939.8351
940.21654
941.47665
940.48748
939.61399
939.91158
940.96923
940.27461
940.62589
939.87539
940.30097
939.58505
941.30111
940.95474
941.05589
940.36634
941.13034
940.33715
939.77968
940.33651
939.81062
940.65179
940.91219
939.7401
940.04901
940.44398
939.67605
939.61234
939.90943
939.59695
939.57197
942.36646
940.15033
939.89852
940.79983
939.79857
939.96324
939.9266
940.66583
939.96653
940.75306
939.61907
939.80493
939.74079
940.16295
940.01416
939.57714
940.0824
940.66722
940.15733
940.62665
939.96965
940.88925
940.11758
940.09095
939.73337
939.6894
940.40819
940.10201
939.63052
940.13022
940.65769
939.58172
940.60084
939.88572
941.81885
939.65431
940.01517
940.58411
940.2748
939.91327
939.70822
939.7701
940.88336
939.88033
939.71981
940.59621
943.69402
939.76761
940.94365
941.64503
939.95564
940.57791
939.62983
939.87238
939.77931
939.73115
939.89281
939.62079
940.2489
939.91287
940.61541
939.62076
940.36981
939.70915
941.89808
939.77535
939.6534
940.0417
940.28627
939.64873
940.16385
940.4288
940.03825
940.28569
940.41524
939.87264
939.68453
940.32265
939.89704
939.84823
940.08525
940.07373
940.3545
939.75745
939.76903
939.56822
940.4544
939.96823
939.70138
939.62311
939.81429
939.8993
940.35224
939.61381
940.07648
941.82591
940.34726
941.85292
939.65013
940.28961
939.61249
942.20425
940.02332
939.80569
939.85766
939.59847
940.27551
940.43989
939.68531
940.45259
942.01442
939.95819
939.69625
939.71646
939.60263
939.68227
939.85206
939.87218
939.59573
939.95476
939.79488
940.04642
939.8118
939.92565
940.00079
940.86882
939.63799
941.01838
939.63672
940.16246
940.03125
939.5745
939.87607
939.63303
940.03637
939.84919
939.61596
940.41845
939.7667
940.0076
940.13756
940.63747
939.63298
941.57206
940.0605
939.76783
940.8134
939.92826
940.24292
940.05377
940.2498
939.6269
939.80657
939.79495
940.47538
940.21707
939.82791
940.67722
940.09575
939.85664
939.91378
940.30657
939.63667
940.4588
939.57971
940.27198
940.35462
940.09154
939.87775
939.56745
939.88626
939.84201
939.83525
940.95547
939.60353
939.6894
939.65856
940.92435
940.3772
939.89204
939.66681
939.911
941.73071
940.39676
940.22583
940.32221
939.69807
942.20651
939.7873
939.73482
940.6785
939.64345
940.68283
939.59533
940.61725
940.04947
939.9628
940.421
940.43026
939.59955
939.6808
941.46906
939.86711
940.3625
940.00432
940.20977
939.79113
941.10516
940.94036
940.0316
940.97091
940.16765
940.10343
939.68032
939.85109
940.73814
940.27311
940.85301
939.96182
940.28965
940.08162
941.30545
939.63828
939.58715
939.5727
942.41178
942.38433
942.29339
939.77918
939.68137
939.82677
942.00273
939.76682
940.95246
939.80412
941.08436
942.63761
939.67356
939.90721
939.6415
941.13147
940.10011
939.74683
939.72135
939.76332
939.65319
940.26285
939.70333
940.31735
939.8407
939.86335
940.42239
939.75863
940.31051
940.05007
940.17849
940.64863
940.71244
940.61981
939.6427
943.16406
940.40635
940.15229
940.28962
939.64064
940.28286
941.11992
939.83163
939.94192
939.64485
939.67561
940.31581
939.94359
940.04059
939.9296
940.43695
939.76166
939.58258
939.77854
939.81771
940.06538
939.78191
939.62283
939.57177
944.87974
940.71525
940.59594
940.18656
940.15235
939.84277
939.90624
940.63957
939.58608
939.71354
939.88803
939.71643
940.33126
939.80262
940.51954
940.45633
941.43506
939.95751
939.5746
940.11422
939.96314
940.17507
941.25064
941.07952
940.13965
940.27262
939.9098
939.89665
939.61106
940.33044
939.85058
939.80744
939.83666
940.011
940.19917
940.8948
939.96129
939.66944
939.88598
939.91491
939.98693
940.04473
939.67246
940.00456
940.60192
939.85241
940.02133
940.25525
939.95597
939.58978
942.43996
939.64637
939.80421
939.69409
941.54631
940.21288
939.73726
941.15234
939.79728
940.53507
940.19381
939.61326
940.87807
939.71686
939.62286
939.57982
939.63709
941.02805
940.43923
939.61703
940.25709
939.88095
939.59041
939.92722
940.98924
940.39209
940.05904
939.69417
940.92654
940.30536
941.5003
940.5134
942.12239
939.85914
939.79184
939.78583
939.98651
941.53065
942.43256
939.94805
940.53113
939.759
939.96799
940.2082
940.99088
939.67325
940.17675
940.11635
939.91531
939.82432
940.31583
939.64942
939.93286
940.05854
942.05819
939.60638
939.9964
939.60765
939.86623
939.59301
940.12392
939.82103
939.91355
939.64441
939.63438
939.91831
940.45533
939.77843
939.87737
940.11677
940.58034
939.94045
940.81442
940.03411
940.7186
940.59254
940.16218
940.38826
941.09295
939.66882
940.70516
939.80027
940.01256
939.92522
939.60973
939.63807
939.8295
940.25182
939.6969
939.79656
940.36229
939.72092
939.68696
940.73061
939.89134
941.25308
939.62182
940.05502
939.74006
941.40321
939.83189
940.3446
939.74566
939.89979
939.70621
940.02349
940.68142
939.84313
941.77304
939.65937
940.24817
939.75451
939.9738
941.11628
940.51023
940.23425
939.75698
939.76973
941.22998
939.66305
942.18949
939.85429
939.80894
939.92555
940.21586
939.83966
939.57582
939.99427
939.65658
939.66962
940.39411
940.12646
939.94153
939.77962
939.78136
939.87636
941.38786
940.38592
940.37114
940.31476
943.74134
939.58096
939.63531
940.13455
940.00252
940.82089
939.81312
940.00592
939.78617
940.40358
940.27431
940.71536
939.58841
941.10526
939.57177
940.04319
944.78017
939.96568
940.97024
939.722
942.1844
939.86353
939.6769
941.298
942.70362
939.66684
939.65797
941.85973
939.86448
939.65228
940.69814
941.10059
939.5951
939.93769
940.15745
940.88133
939.84507
942.43898
940.80767
940.44447
939.60589
939.57895
939.68591
940.43207
939.93308
939.77932
940.63996
939.84291
939.70134
939.97325
941.19638
940.69428
941.70097
940.59666
941.92475
941.29337
941.26999
940.82114
940.18267
939.79333
939.71094
939.59729
940.58944
939.69726
939.95334
939.68877
940.45781
939.56867
940.68341
940.01604
940.57887
942.01278
939.83608
939.57486
939.92297
943.25004
939.72298
939.69795
939.76681
941.69911
940.0157
940.18253
939.70704
939.58381
939.95111
940.37222
940.19031
939.66424
940.12545
943.56173
939.74502
939.87392
939.96094
940.09968
939.75475
942.69098
940.46833
941.55644
939.91569
939.72504
941.01344
939.65946
939.87523
940.37146
939.60862
939.76861
939.82573
939.76318
939.9887
940.47492
940.30666
939.59329
945.82708
940.12612
940.02266
939.69281
939.98156
941.07078
940.36076
939.91401
940.30497
941.39052
939.61903
940.11627
939.70953
940.00178
940.25076
940.83253
940.16703
940.04605
939.61987
939.67125
939.65968
939.77585
940.44299
940.0071
939.90365
939.58239
941.90548
940.59019
939.71202
940.62191
939.9591
939.93898
939.6641
939.66893
939.62441
940.04257
940.37976
940.54455
939.62127
939.84477
942.78265
940.5571
940.26055
940.4753
941.15396
940.53167
940.14724
940.41449
940.07243
940.70326
939.66532
940.32699
941.15815
940.3944
939.8131
939.60486
940.18184
939.6659
939.84155
940.26859
940.71955
940.66936
939.65188
940.86503
942.56295
940.28515
939.69293
939.587
941.04962
939.82301
940.56713
939.82571
939.72202
940.91628
939.98308
942.18552
940.02308
940.03676
940.40768
939.85139
940.15768
941.16221
940.27729
939.78898
940.68432
939.62763
939.96289
940.25561
940.11022
941.39992
940.34514
940.2942
942.41983
940.58052
940.22775
940.40979
940.07464
940.49921
939.76024
939.60889
939.58675
939.93691
939.63711
940.47893
939.7711
940.80137
939.65527
939.654
939.8148
939.60326
940.45762
939.63465
939.63199
940.49665
941.88166
939.8485
939.62321
940.12546
940.16643
944.78477
940.76945
940.07633
940.72956
940.11652
940.47093
939.61218
939.81861
941.5821
939.67754
940.10291
939.71251
940.42406
940.24208
940.01424
940.9707
940.65444
939.64185
943.04869
940.30907
939.66105
941.55739
939.9104
940.31668
939.62546
940.19613
940.0089
940.24326
939.86103
940.08558
939.96066
939.88528
940.51182
939.70665
940.55044
940.09471
939.7171
939.84826
939.65595
939.57622
941.02409
939.72765
940.11878
940.21472
940.03169
939.66904
939.90487
940.08209
939.73562
942.41346
939.71587
940.45165
939.58051
940.31758
939.78348
939.72456
941.05587
940.40188
939.61304
939.80757
939.58752
940.16807
939.90423
939.8299
939.84971
940.16545
939.80127
939.91067
940.64256
939.89847
940.2828
940.52001
939.58553
939.84693
939.64066
939.81754
940.15489
939.88955
939.66934
939.76475
939.66206
940.29403
940.4892
939.683
940.18088
939.92995
940.88461
939.59798
940.01713
939.99224
942.7361
939.74521
939.73731
939.76144
940.24281
939.65242
939.65306
940.60453
939.64851
939.59396
940.06577
939.70548
941.00504
941.13332
939.83425
939.91024
940.5256
939.74165
939.77329
940.04383
939.57861
940.4024
940.3256
941.09957
941.45363
939.89972
940.22388
941.22417
939.8734
942.5992
940.09774
939.60221
939.84844
940.04993
939.75547
940.36017
939.86815
939.9504
940.32066
939.85807
940.92734
939.84372
939.98883
940.66335
940.22551
939.62358
939.68432
940.36399
939.97411
939.7492
939.9793
939.96507
940.48123
940.38488
939.59079
939.70167
939.97426
941.58095
941.03736
940.22409
939.81414
939.75172
940.00803
941.08038
939.58184
939.66662
940.15993
939.71102
940.71578
940.86181
939.84262
939.84418
939.68009
939.78978
939.6845
940.0651
939.64344
939.64343
940.50127
939.57486
939.84868
941.57732
939.60724
940.23674
939.90261
939.67545
940.76507
939.57579
939.85962
939.73375
940.74087
941.05614
939.92871
939.66651
940.6704
939.9292
939.87151
940.653
940.35646
939.67883
940.2152
939.91764
939.82763
940.97564
942.16785
940.62194
939.65858
940.57379
941.03853
939.61774
939.77607
940.42431
940.40349
939.82273
940.23032
941.35167
939.99014
939.71687
940.08658
941.80094
939.8212
939.68574
939.71484
939.79373
940.55313
939.75324
939.62523
940.20439
940.02595
942.74696
939.91677
940.74221
940.13584
939.98174
940.22968
941.12601
940.42972
942.11002
942.56889
939.61006
940.49344
940.02233
941.3288
940.14777
941.30058
940.61872
941.16773
940.78743
940.00875
940.22283
939.6965
939.91295
939.58805
940.60499
941.0065
939.71947
940.28237
939.90122
940.07557
941.41155
942.89743
941.83621
939.62053
940.06282
940.95281
939.97403
939.74561
940.4056
940.11679
939.7399
940.45805
940.48232
940.92457
940.47459
940.81706
940.72863
943.98137
939.94124
941.94638
941.28662
941.18348
941.32833
940.31363
939.84137
939.72697
939.77564
939.76501
940.29737
939.77138
940.15343
940.18291
940.05093
939.66667
940.68722
940.15343
939.60833
939.8821
941.19827
940.23873
940.30343
940.88156
941.14389
940.37326
939.76482
939.58251
940.10369
940.16653
940.04291
942.21837
941.64928
940.28292
939.86862
939.59976
940.59491
940.22376
940.75544
939.72286
939.63207
940.39773
939.71706
940.00895
939.60198
940.88922
939.76928
940.23731
940.65863
941.09769
939.79499
941.57675
940.07112
939.76464
940.1522
941.01345
940.24628
940.13316
940.57054
940.33974
940.00343
940.52745
940.32782
939.9381
939.68469
939.93843
940.06627
939.8326
940.07126
939.76346
939.66231
939.79133
939.5999
940.78858
940.22791
939.81079
940.66452
939.73884
940.52132
941.3794
939.84132
940.52959
942.03559
942.42584
939.78544
940.72822
939.99969
940.48784
939.60183
939.62363
939.57993
940.11873
940.08883
940.03789
940.03535
939.84443
940.86711
940.16031
942.95767
939.85145
941.44691
939.83765
940.73824
939.91165
942.0314
940.01157
939.92132
941.94633
940.93763
939.63146
939.99397
940.43378
940.15129
940.46891
940.65014
940.17032
940.2989
940.2969
940.1068
942.47163
940.70832
941.52658
940.42038
942.15429
940.10714
940.13262
939.74456
940.65547
939.64471
941.25242
939.75958
940.49539
939.91317
940.07023
939.76928
939.99467
940.49624
940.2912
940.61058
939.61511
942.76762
940.02817
942.02451
939.75363
939.63409
940.71282
940.54602
939.74692
939.71906
939.75481
939.63145
940.13517
940.78023
939.59456
939.57079
939.84649
939.7028
939.58835
941.10183
941.09899
940.70655
940.50775
939.64041
941.1664
940.39477
940.16307
940.96773
940.40336
940.80222
940.46072
940.22659
942.17494
941.29671
943.20598
939.60331
939.88763
940.55908
939.99833
940.14122
940.7621
939.59445
939.73005
939.64964
939.91783
939.83306
944.17645
940.68735
941.64936
940.07551
940.1747
940.45388
939.95415
940.8161
941.23574
939.83745
940.42839
941.50815
939.78481
939.77869
941.78494
940.12367
939.6536
939.61654
940.10673
943.50425
941.40337
940.14822
940.11226
939.59324
940.4381
939.87514
939.74131
941.72603
939.70709
940.02821
939.67102
940.44984
939.83856
940.41661
940.07738
939.88659
940.15116
941.37636
939.86455
940.24754
939.87222
942.52271
940.00319
940.14105
940.92992
942.23691
942.01376
941.16133
940.82506
939.91741
940.05418
941.85778
941.08573
940.55316
940.11301
939.86603
939.90628
939.99627
940.46342
940.78129
940.29213
939.98801
939.58829
939.78943
941.88234
939.59165
940.16431
941.81826
940.03568
939.88568
940.66817
939.59607
939.69823
941.38817
939.83475
939.58536
939.9127
939.74131
939.92791
940.59087
939.68798
941.05481
939.74338
940.15967
940.17685
940.21492
941.43653
939.68329
939.98859
940.36513
939.63572
939.72264
939.70263
940.77184
939.64463
940.46625
939.60207
941.19218
939.59972
940.02386
940.56917
940.55305
940.85123
941.46918
942.07699
940.3146
940.21236
940.99632
939.82507
939.83934
939.59566
939.6238
940.1215
939.58667
939.6824
940.94631
940.93368
939.61488
941.66228
940.36513
939.85639
940.46115
940.69017
941.00833
939.88008
940.19666
939.70381
940.31459
939.59855
939.60151
939.7474
941.28107
940.95807
941.30473
939.90997
941.12037
939.60936
939.57647
940.93808
940.08109
939.66558
940.18358
939.61287
939.90916
939.94349
939.77878
939.5908
939.9967
939.57733
942.5714
940.22358
939.92717
939.67125
940.29324
939.80058
941.0026
939.79559
941.02588
940.41887
941.37799
941.10802
941.25744
941.09365
939.82842
939.8526
940.02839
939.95533
939.77367
939.57265
940.06322
939.70248
941.0167
939.96989
940.15943
940.6407
939.84307
940.72307
939.69772
939.83685
940.18661
939.86146
939.63755
939.66959
940.61272
940.57319
940.93368
940.91007
941.02282
941.22556
939.68187
941.39899
942.90239
940.11392
939.83711
939.94607
943.04455
939.83739
939.76756
941.20374
941.93891
941.48648
940.54949
939.71549
940.15321
939.84337
939.97839
939.73119
939.90814
939.99078
940.12213
940.88406
940.66194
939.95661
940.02478
939.92282
939.77989
942.04946
939.58865
939.8584
940.22162
940.46516
939.76478
939.59076
939.95563
940.40603
940.17882
939.59144
940.63957
940.07808
940.09203
939.94351
940.4957
940.6937
939.83591
940.11764
939.85726
939.57583
940.57291
941.29274
941.21062
941.22804
939.79093
940.06449
939.9201
940.27285
940.30133
940.60797
939.915
939.82285
940.79463
939.948
943.74577
939.65624
939.58083
939.99219
940.63267
939.70864
941.77193
941.59444
940.12333
939.58401
939.82798
941.18044
939.93592
939.60185
939.82454
940.77112
939.67832
940.4697
940.45147
939.58814
941.3193
939.91573
939.91837
939.6981
939.59012
939.63096
939.72661
940.0934
940.64678
939.67375
941.13684
940.20162
940.84209
940.72104
939.61188
941.28968
940.42223
939.63763
939.85558
939.75383
940.97306
941.42034
940.58744
940.47829
941.15088
939.68402
940.4458
939.6433
944.18215
940.68803
939.59091
939.60731
939.67815
939.85102
939.63025
941.07665
940.32598
940.29468
940.02861
939.68387
941.94594
940.2097
940.87705
939.62574
940.04041
940.2826
939.68515
940.9546
939.80588
939.7504
939.94913
939.95497
941.08212
940.08565
940.06849
939.93615
939.76216
939.65847
942.18199
940.15506
940.52483
939.64705
939.87813
939.57413
939.7384
940.70493
939.58508
943.02216
940.67164
939.7763
939.62905
940.13734
940.29722
940.48117
940.84179
940.34935
940.35614
940.63457
939.76906
939.58067
939.64319
942.68551
940.47504
941.05421
945.63143
945.82324
940.02809
940.28194
939.64081
940.89905
940.62232
939.96396
944.40974
940.05075
939.5756
941.27674
939.71298
940.14155
939.68189
940.44294
940.33524
939.69483
940.02514
943.41795
939.69125
940.43095
940.21781
939.84359
941.45239
939.75558
942.64977
942.16877
940.57308
939.65992
940.18673
941.12766
939.92538
939.71388
940.31215
940.91141
940.00984
940.76654
939.78284
939.784
940.20083
939.75951
940.01246
939.57418
939.7384
940.85651
940.32416
939.69439
939.59891
940.40039
941.97131
940.02742
940.5433
940.85045
944.07879
939.94382
941.24249
941.59547
939.75692
943.49419
940.17527
940.01923
939.67662
940.25083
939.70472
941.30371
940.53929
940.38983
942.31183
940.39215
940.93024
939.61235
940.01466
941.99945
942.12476
941.61583
939.75084
940.50777
939.90915
940.46669
940.67971
940.02855
939.62523
940.30402
939.89289
939.95956
939.5828
941.75809
939.67278
940.06158
940.43709
939.65417
939.992
939.89598
940.50094
940.18755
939.86964
939.92614
941.22599
939.90248
940.68422
940.27846
939.60244
939.71089
940.34202
939.95972
939.79217
939.629
939.59556
940.55553
939.56941
939.59571
939.56726
939.96153
939.89546
940.82185
940.32202
939.58431
940.12779
941.83902
940.30391
940.02154
940.75233
940.57693
940.6656
942.57544
939.57304
940.9931
939.74572
940.24869
939.91739
939.62156
939.64365
939.65171
940.54832
939.92423
941.7014
942.23123
940.07124
939.56972
939.67341
945.42564
941.23075
940.92292
940.69938
939.69243
940.22595
939.81801
939.65389
939.65739
941.16934
940.82057
940.86257
941.06208
939.89485
940.48064
940.64008
939.83589
940.44296
940.05041
939.75625
939.88196
939.78443
939.9772
940.07551
940.32448
939.75046
940.79255
940.21231
940.02151
939.94253
939.91033
940.53058
939.71781
941.89884
940.08112
942.59464
939.63774
941.06318
940.57737
939.6179
939.81229
939.66768
940.30081
941.41534
939.99838
940.4512
939.71733
939.90818
939.60116
939.99236
940.66186
940.48269
939.8521
940.27495
941.15711
939.70564
941.08555
939.89335
940.53219
940.21208
940.78204
939.84617
948.66303
939.85332
939.73203
940.08529
939.71889
939.77913
939.95008
939.78199
943.45421
939.70597
942.39609
940.12777
939.90464
940.32476
939.63244
940.30113
940.37606
940.68935
939.67407
940.03447
940.39722
940.47117
940.20872
939.64725
942.51676
939.66479
939.69812
939.89945
940.63206
939.99917
941.097
941.51102
939.82678
939.65814
939.59171
940.11563
939.72146
940.28928
940.92029
939.5828
940.83611
939.63581
939.58318
939.91158
939.9913
939.61632
942.56165
941.26129
939.7314
940.94805
939.84093
940.2338
939.60781
939.57943
939.63395
939.92214
939.97142
939.86163
940.6639
940.25708
939.96957
941.05546
939.88253
940.32195
940.89232
939.57029
939.63324
939.73778
939.94797
941.01959
939.60961
940.41101
939.82101
941.21044
939.66489
939.57027
940.11108
939.70977
939.6443
940.4861
939.95013
939.62372
942.43548
940.31823
940.96618
940.46221
941.29473
939.91395
940.03764
940.24486
940.81987
942.68954
939.94339
939.74764
939.91207
941.85453
939.73578
939.80739
939.59763
940.55701
942.60647
939.68078
940.06488
940.51261
944.40636
941.57095
941.01427
939.68333
940.01384
939.62076
941.44862
940.23228
939.96973
940.41799
939.58234
939.98364
940.36551
943.14621
940.23012
945.61141
941.28529
940.04581
939.63928
940.02747
940.00573
940.54854
941.02789
939.84083
940.04005
940.94639
941.692
939.75046
941.29278
940.44183
940.63616
940.15592
939.788
941.02713
940.22867
939.73409
940.43342
939.58205
939.73072
939.61223
941.76969
940.01033
940.90978
939.70406
939.83763
939.63363
941.02509
940.15377
939.82221
939.79578
940.62332
939.56876
943.81961
940.12918
941.79114
939.90486
939.94179
940.35246
940.22258
940.64899
939.70994
939.82258
942.67824
939.87954
939.70508
940.4542
940.11303
940.34375
940.28969
940.02293
939.81912
942.53693
939.57376
941.68373
939.6534
940.54665
946.08493
942.0104
939.99442
939.68705
939.64887
939.96839
941.93416
939.92427
940.04767
940.03578
939.90944
940.48289
940.80144
939.90858
940.10122
941.6524
939.78056
941.56637
939.99139
939.81399
940.18284
939.74924
941.486
940.31083
939.75404
941.23796
940.9614
939.87283
939.64232
941.14132
939.61746
947.29349
941.57923
939.66785
939.7015
939.64064
939.64838
939.66626
940.67775
941.6022
941.62332
939.81556
941.57203
940.73054
939.57252
941.19419
939.75048
939.94466
940.34247
940.0379
939.69933
940.01651
941.22392
939.63029
939.81072
940.02467
940.52972
940.82351
939.61276
940.72979
940.17017
940.00399
940.55503
940.76192
939.57741
939.57346
939.72811
941.17393
940.24776
939.90857
940.00528
939.91504
942.58239
939.95632
940.87957
940.74344
940.48186
939.56705
939.80363
941.00198
945.79497
942.51056
940.42687
940.19618
940.20403
940.991
940.19221
940.16251
941.88256
940.65398
940.38038
939.65219
939.8247
939.593
941.75675
939.66955
939.97861
939.98424
939.84197
940.08738
939.68974
940.29545
940.24571
939.67735
939.84803
940.16351
941.34113
940.71887
940.62504
941.89276
942.36058
939.91778
939.58076
940.86983
939.57519
944.14277
940.7787
942.03412
939.76536
939.99096
939.83892
940.33669
940.12907
939.57444
939.60642
940.45759
939.84482
939.69608
940.51749
941.19137
939.74
939.97009
941.36522
939.5812
939.76486
939.97175
939.61752
939.98372
940.12269
940.15175
940.12894
939.90181
940.04372
939.84998
940.26625
940.00803
940.45952
939.6829
940.14391
939.63827
942.72468
939.7761
939.58341
940.11406
940.07185
942.06696
939.64046
942.19722
942.80593
941.5468
940.35033
939.89556
941.71733
939.97186
939.63551
941.00612
939.79956
939.84806
940.79882
940.62774
940.32711
941.50074
939.80983
940.70733
939.72987
942.34355
942.96244
939.88771
940.68066
939.80048
939.56973
941.55361
939.97453
940.57901
939.95442
940.28013
939.76809
941.66401
942.45577
940.7098
939.65781
939.63678
940.4376
940.27533
942.54651
939.94617
940.08243
939.7909
939.95121
939.75751
940.1094
940.30078
939.68736
939.64639
939.77788
940.48539
942.24839
940.97495
941.62172
939.58134
940.01357
940.43723
939.63669
940.19579
940.10328
940.26566
939.93789
942.24538
939.86363
939.80347
939.87777
939.68621
941.58914
939.62527
940.98717
940.60146
946.01564
939.92655
940.39807
941.61618
940.42659
940.17413
940.82899
939.82896
939.9825
939.95591
942.48214
939.81002
939.71403
939.6988
939.75533
940.46452
940.92275
940.43971
939.91164
939.60375
939.68912
942.19286
939.57777
939.77069
939.69144
940.29231
939.95566
940.84039
939.88972
942.712
942.96246
939.80559
943.64009
939.74393
940.81153
939.91583
939.77023
939.71268
939.95557
942.17877
940.14929
939.81788
939.58905
940.43945
939.79221
944.52419
941.25502
940.44197
941.21599
939.72857
939.90744
939.72972
939.69706
940.95415
941.23038
941.14376
939.62289
939.9576
939.69685
940.13498
940.68778
940.48683
941.5257
939.95145
940.04421
939.83721
939.77318
940.89763
939.59443
940.55393
941.34052
941.06699
939.89123
939.6291
940.0807
939.63877
940.46645
940.35791
939.72221
940.24528
940.3824
940.09689
940.80993
939.99829
940.46438
940.15849
942.98685
940.04826
940.06962
939.60921
940.73163
940.25193
941.79101
940.2625
939.83504
939.67302
940.03372
939.77503
939.82973
943.38149
939.93765
939.56799
939.6357
940.17219
940.17132
940.13494
940.2908
940.67658
939.84589
940.71572
940.20946
940.5576
939.74262
940.3022
939.90912
939.91395
939.87022
940.01907
944.7266
941.82879
942.35882
940.29362
940.587
939.81749
940.18034
943.3067
940.4563
940.68218
940.52243
939.67563
940.18257
939.8495
939.91897
940.07215
939.69314
939.62066
939.68946
940.01411
940.30951
940.2861
939.87099
942.53433
940.03461
940.7604
940.10687
940.4823
941.54774
940.17115
940.61947
940.06004
940.24472
940.01945
939.80279
939.64873
941.52987
940.77394
940.47836
939.74806
940.76428
941.69648
940.39118
939.84111
939.6537
940.73437
939.93718
940.50999
940.86513
939.78897
939.92104
939.87316
941.56312
941.65113
939.9682
940.72892
940.45509
939.74158
939.8605
939.57718
941.35294
939.61371
942.15616
939.94278
939.77463
939.81725
940.13985
939.8604
940.33981
940.82824
939.9693
939.89835
939.99842
943.08247
939.79115
940.27846
939.61541
939.77507
939.69694
940.0849
939.7276
940.39309
941.70625
939.94288
942.21332
939.9226
939.72534
939.69691
940.65114
940.15217
940.15247
940.30912
939.9524
941.32041
940.49658
940.79477
940.62968
940.33011
939.68501
939.63971
939.98662
942.83135
941.13383
939.69281
939.70203
939.63619
941.29576
940.68496
940.63483
940.31178
939.60278
939.94702
943.89765
939.78146
940.36854
941.63663
940.22962
939.86643
941.61798
940.68695
940.40638
940.11724
940.30623
940.04038
939.62428
939.80634
939.74743
941.13242
939.84982
939.60803
939.82575
939.6396
942.70227
940.42586
940.6381
940.91769
940.18556
940.46253
939.73861
939.71458
941.4849
942.5225
939.65413
939.71269
940.04033
941.44522
940.10878
940.2491
940.56037
939.7904
942.178
940.08583
939.99805
940.20465
939.75177
939.60956
939.58184
939.69382
939.84958
940.36606
940.85903
939.65778
939.61596
942.06649
940.34462
939.98252
939.98781
942.78479
939.68947
939.8163
939.7698
940.39146
940.60012
939.59046
939.85587
940.02239
940.38609
939.66569
939.76835
939.7515
940.929
941.72637
942.96713
940.03588
939.68017
942.92414
942.84003
941.39227
940.19609
940.99102
939.5932
939.79838
940.19289
941.61755
941.82463
940.68837
940.19663
939.83219
939.94419
940.65335
940.57312
940.10147
940.80873
939.88446
939.80091
940.59219
940.50647
940.17814
939.63614
939.92642
940.26055
941.41485
939.6814
940.97822
939.9892
940.49113
940.386
940.45287
939.99058
942.59269
944.49526
942.48026
940.17635
943.49139
940.34608
942.82812
940.31492
941.25124
939.71967
940.38373
940.24009
941.10816
940.0452
939.62458
939.71224
939.66581
940.09186
940.73968
940.23923
939.59386
942.54385
940.1675
940.04584
939.96818
940.79364
941.45181
939.91612
941.52
939.62818
940.18971
940.06525
940.49812
940.56957
939.67561
939.57413
940.63201
940.08107
940.34005
940.7447
939.72153
939.85051
939.75749
940.85856
941.35691
940.06079
939.87356
940.09727
941.08574
942.93174
940.35637
940.55133
940.16705
940.34917
940.99252
940.82509
939.63868
940.48623
940.34397
942.05093
939.81394
940.86991
940.77653
939.64466
940.2865
940.23912
939.63895
940.66675
940.85857
941.6647
939.68871
939.57609
941.09618
939.63497
940.38
941.67632
940.87973
939.66475
940.1473
939.82388
939.76605
939.6527
939.80893
941.65091
942.06397
939.81555
939.6475
939.76868
939.85076
940.06688
939.861
941.35488
940.42367
939.67156
940.41401
943.28858
939.81337
939.59285
943.12426
939.88906
939.65167
941.12736
940.98216
939.80354
939.95294
939.81465
940.43627
940.0969
939.86125
940.29958
940.21116
939.81969
939.97483
940.90749
941.57276
940.99065
939.93602
940.01298
939.94675
939.64667
939.8002
940.1598
939.6532
939.8352
939.94264
939.64005
939.71091
940.64662
940.1697
939.91852
940.91848
939.66281
941.22771
940.23509
940.53806
939.87731
942.70168
940.81228
940.07908
939.69724
939.7475
940.68039
940.39924
940.4929
940.54458
939.8359
942.41742
939.7606
939.98898
940.37022
940.05463
939.77244
939.75812
941.15826
940.35025
940.08652
939.70184
939.85224
940.45362
941.27957
939.75314
940.57872
939.62301
939.99001
940.39583
939.94391
939.76721
939.89517
940.32489
939.56859
940.38508
939.66633
942.04158
941.00664
939.9664
940.21774
941.35864
939.68205
941.52392
940.02921
943.50072
939.58707
939.87822
941.91972
939.78405
939.6207
942.68863
939.84701
939.79662
940.63199
940.3238
943.07793
939.96268
945.83136
942.67253
940.58582
940.06783
944.10349
941.76573
941.63671
940.6233
940.21763
939.74046
940.45173
939.80652
941.08766
940.56466
941.15712
942.18954
939.59495
943.71772
939.69114
939.66477
941.37909
939.71235
939.69179
939.93892
940.14449
941.02639
942.99247
940.30383
940.87655
940.33286
941.23688
942.66742
939.69172
939.77601
942.01611
939.64964
940.52361
939.7535
940.6915
941.00307
940.15461
939.95401
940.92472
939.75689
940.1132
942.61963
940.49355
940.03963
939.65947
940.97737
939.82194
940.07766
944.37332
940.51037
941.02144
939.87713
939.58742
940.60402
939.81562
940.11535
940.0746
948.07175
941.63896
939.7499
944.11467
939.88254
940.45444
939.90635
939.77308
940.72528
939.57501
939.61782
939.60446
945.67056
941.1205
939.66286
941.18785
940.21876
939.62188
940.22923
941.64137
940.65981
939.8601
941.96454
942.79782
939.78052
940.46228
942.46183
940.07101
939.78808
941.18036
940.64196
941.76711
939.73561
940.53876
939.59654
940.62262
939.68948
940.03984
940.0541
940.21448
940.60417
940.03585
939.89568
940.32466
941.34932
940.04715
941.10002
941.81892
940.09827
942.12465
940.6709
940.20458
939.99111
940.06234
940.64103
939.71614
939.76315
941.18626
940.94745
940.49773
940.12467
940.29028
940.88806
940.13605
939.59612
940.73166
940.92654
939.6297
940.02639
939.91035
940.12055
940.50687
940.8821
940.31315
940.32337
940.46306
940.83189
939.67001
939.74729
940.35917
939.91385
939.84982
940.14524
939.62302
940.24044
939.66184
940.24902
940.37896
940.19672
939.99169
940.39709
939.82443
940.73989
939.66698
939.6159
939.74008
940.28383
940.61473
949.60089
941.42146
941.62281
939.65962
940.30646
940.19999
940.26809
940.34264
939.81687
939.76611
940.21825
940.63282
943.01233
939.59323
939.84354
940.26829
940.27643
941.91885
939.56729
941.12554
942.87419
940.01983
940.3442
939.96235
939.96759
940.78068
940.08318
940.27045
940.82602
943.21446
940.74608
939.95442
940.46217
941.42571
941.84025
939.83588
947.97285
939.86049
940.11534
939.63566
939.57949
941.19081
941.25109
939.92393
939.63479
939.89902
940.21528
940.43397
941.63867
940.05638
939.77373
940.13988
940.71207
939.66866
940.85973
939.81887
940.14443
940.14123
941.30781
942.14158
940.07997
941.20348
940.66615
942.52024
940.51448
940.32714
941.55956
942.60624
939.96364
939.7421
940.7218
939.99912
939.70035
940.12521
940.06718
940.07069
941.25316
940.58843
939.68312
940.23105
941.31538
940.48592
939.61801
939.70002
941.49619
941.8693
940.76809
940.04948
942.25357
940.11151
939.98935
940.45762
939.6245
940.01875
939.89227
943.89161
950.02645
940.26109
940.773
940.69619
941.37321
939.74236
940.19629
940.45432
940.07539
941.15855
940.37335
939.90479
939.96315
939.69244
939.56781
939.96452
940.27103
939.62653
939.7929
939.7335
939.86967
941.07713
940.02564
939.72342
939.70927
941.25173
942.26453
939.71163
940.07038
939.66362
939.80596
941.23764
940.3753
940.33874
940.04884
941.78197
939.70008
940.42795
940.84384
941.79409
939.88863
941.26102
942.70468
940.43255
942.24806
939.86259
940.19649
940.03551
939.98584
939.63485
940.19099
942.87808
939.6235
939.99478
939.72214
939.90993
940.35643
941.57003
940.87666
945.20352
940.20887
940.33548
940.37318
939.73929
940.6967
940.48829
940.61606
940.6615
943.52865
940.07944
939.77191
939.96757
939.60497
940.3374
940.11823
939.97667
940.28141
940.29123
940.08944
940.13647
939.72965
939.93881
941.57145
939.66846
940.25849
939.77849
939.80478
939.69781
939.91537
940.45164
939.6487
939.6962
939.6099
942.31712
939.94307
940.86396
940.58455
939.96526
941.13477
939.63059
941.25973
940.70644
941.02479
941.47337
939.83833
940.86736
939.78951
940.17299
939.68279
940.85059
939.89355
939.94325
941.46183
939.77321
941.57268
939.81062
939.68137
940.95282
940.89243
941.41607
940.45887
941.06477
941.35531
939.88329
939.61535
940.49385
939.90157
939.66096
940.07228
939.89617
942.73771
939.8278
939.98048
939.83428
939.94036
940.07801
940.88973
939.64339
940.11642
939.95559
939.6913
939.81772
939.88434
940.51775
939.62197
941.26287
939.7131
945.48655
940.29576
940.63299
939.81444
940.32565
939.91399
940.10258
940.1259
940.23809
939.90381
939.61473
939.86865
941.97369
941.88184
941.94055
941.13134
940.62348
939.94284
941.59477
940.22096
941.34697
941.14349
939.59061
941.067
941.6158
940.18065
939.66888
939.59747
942.59507
939.60153
940.1158
940.11843
940.50069
939.61456
939.70808
939.68312
940.21351
942.94763
940.2196
940.55163
939.61861
940.03698
941.80196
939.85195
940.19788
942.87852
940.80796
940.67398
939.9911
939.92749
940.14127
940.32002
940.15005
939.89516
942.59659
940.78531
940.8376
939.75676
943.29794
941.97791
939.70748
939.59548
940.01751
940.00146
939.62072
941.17364
940.5892
941.24861
939.98423
940.65011
940.34938
939.8218
941.76975
939.86658
939.92862
941.43191
939.90484
939.96634
939.70033
939.77637
940.21451
941.05772
942.48381
939.67595
939.94522
939.80173
939.88381
939.9281
940.44434
940.23734
939.68579
940.23076
939.83837
939.94585
942.07167
939.64587
940.97852
940.01172
940.74482
940.26708
939.72714
940.24765
940.23884
941.49194
940.60395
940.01991
939.70797
940.04565
939.86405
939.6636
939.58395
939.60733
939.74456
940.62035
939.71639
941.70804
940.02848
940.46893
940.00177
941.97945
940.01119
939.59922
939.81173
940.90185
945.01832
939.64408
939.64538
939.64725
939.93852
940.97172
943.66041
941.27011
940.12228
939.80814
940.3635
939.62328
940.18326
939.9003
941.36319
940.32861
940.50977
940.66528
941.14592
940.08111
940.59613
939.722
939.77932
942.21867
942.18732
940.49196
940.41985
939.78712
939.64084
941.41541
939.65394
940.33918
940.22125
939.75528
940.28753
939.75692
939.72259
939.67265
940.19965
939.83254
939.73766
939.90681
940.59614
940.03554
940.56887
940.11871
939.70101
940.55146
939.74308
940.42387
942.42491
939.65939
940.53792
940.65912
939.72365
939.98751
941.32262
939.98501
942.18173
940.17669
939.66716
939.81596
939.77323
939.75737
939.69767
939.61606
940.43135
944.53558
940.41748
939.59763
939.57695
939.72019
941.70532
940.49641
939.83943
940.02632
939.59358
939.90984
939.57136
940.23379
940.01349
940.02688
940.49289
940.57064
940.40391
941.48316
939.80756
940.20675
940.02276
943.01172
939.74594
939.8138
940.29536
939.90933
940.16914
939.90861
940.69004
939.71717
943.46616
940.04456
940.37219
940.54266
939.67653
939.81391
939.63624
940.31726
939.95085
939.89894
939.60562
940.46095
939.56979
941.39373
939.72112
940.23917
939.86204
939.94972
940.91567
940.28024
940.26
939.57989
940.93344
941.30951
939.97782
939.85643
939.79498
939.68233
939.66128
939.84512
940.44574
940.23476
939.89018
940.54973
940.14921
939.75699
943.49474
939.97901
941.55399
939.68121
940.5554
941.90403
939.79098
940.46417
939.61563
939.58098
940.10386
943.96513
939.63279
940.15608
939.87912
939.62735
940.49109
941.67562
940.18324
940.31374
940.70873
939.83507
940.80747
942.19529
941.79842
940.90665
941.37895
939.82209
939.72866
939.84971
939.62393
940.57501
939.8294
942.26185
939.97503
939.74807
941.51593
939.61749
941.17246
939.73892
941.61813
939.99266
940.81926
940.15022
941.50754
939.95797
940.23828
939.93178
939.70784
940.71266
940.2772
940.53137
939.91577
940.69592
940.62856
940.23521
943.02224
939.86324
940.04613
939.68076
939.67421
943.39578
940.47457
940.88669
939.5728
939.70223
939.76276
939.66423
941.34738
940.29794
939.56903
939.65126
940.99941
940.22673
940.28067
939.68715
939.64585
940.42027
940.1103
940.51369
939.64614
939.79337
939.59406
939.70691
939.94408
940.92801
939.58597
941.55436
940.31814
939.97585
939.90305
939.62652
939.78878
940.34248
939.6361
940.00657
939.78491
939.70263
940.41669
939.78565
940.54559
939.85479
941.12212
940.39618
940.2149
939.84246
940.05005
939.81822
943.11486
941.21378
939.99191
939.66676
939.93239
939.66644
940.12283
939.85345
939.73463
941.13402
940.07862
939.69048
941.60713
939.71506
939.59414
939.78417
940.15634
939.67275
940.19182
940.5588
940.01802
939.93558
941.62575
940.18066
940.02088
943.20416
940.0458
939.94386
940.15287
940.69732
939.81259
939.58184
940.1981
941.72059
940.31192
940.78287
940.29445
939.65948
939.62489
939.94014
940.40422
939.79871
939.66592
940.37467
939.8015
939.77046
939.65703
939.62024
939.85493
940.40329
939.60813
942.01711
939.82524
940.21107
940.22821
941.72647
939.57134
940.24463
942.07344
939.60767
939.98107
940.26958
940.02449
939.88559
942.76311
939.59592
941.51726
940.07882
939.6563
939.59626
941.25401
939.80633
941.22777
939.61239
940.07211
940.57075
939.82669
939.90794
939.63562
939.64082
939.62056
940.4619
939.64129
939.7961
939.77713
940.71386
939.75131
939.62869
941.26374
940.26389
939.61658
940.51057
939.95467
939.6275
939.82262
940.71509
940.08914
940.25876
940.3188
940.3727
939.82299
940.1716
940.18879
939.84695
940.30094
940.5375
939.89876
943.18034
939.70794
939.62819
940.74761
939.68024
939.86908
939.72853
940.36239
939.72914
941.28102
939.67018
939.5682
940.08104
940.36463
940.07847
939.76595
940.22219
940.62905
940.3872
941.56878
940.27221
940.43115
939.75049
940.1477
941.34304
939.58902
939.85153
940.14725
939.64202
940.59016
939.65378
940.77879
941.80625
939.60469
940.10936
939.83456
939.73106
940.22656
939.63121
940.34431
940.04821
940.59756
939.59594
939.81583
939.66053
939.99514
939.78229
941.32369
942.37177
941.65989
940.11212
940.00741
940.51277
939.74039
939.59957
940.49271
939.81755
939.84831
939.90533
939.91813
939.85117
940.50605
940.4667
940.75823
940.92184
939.9757
939.62074
939.99139
939.7374
940.00387
939.58624
940.38104
940.03601
942.56043
939.76078
939.6059
940.13722
940.19195
939.83546
940.14654
939.79006
940.1324
939.89566
939.65989
939.67535
940.31594
939.93243
939.8027
940.13669
940.20657
939.58426
939.69716
939.72687
939.56759
940.40325
939.64665
939.75466
939.98449
940.12608
940.7031
940.33277
939.9778
939.79976
941.00125
940.02188
940.98805
939.94444
939.99925
939.61918
939.62128
939.60082
939.65358
939.59395
939.93421
940.50069
940.52963
939.65048
940.09678
942.25844
939.74769
939.7123
939.66502
939.858
939.74009
940.16031
940.44526
939.67489
941.00036
939.75543
940.10018
939.84886
939.64882
939.79146
939.57746
939.64086
941.06701
940.95907
940.11272
940.16085
940.41383
939.86281
939.73863
939.934
939.64681
939.71942
940.6338
939.65779
940.73979
939.61073
940.60615
940.03709
939.81234
939.92842
939.67133
939.60823
940.99524
939.90692
939.59775
940.27245
939.62139
941.23588
939.99599
939.74878
939.67697
941.70767
939.76642
939.60533
941.23265
939.75425
939.67544
939.82744
939.65918
939.71318
939.65827
939.76124
939.72748
939.60819
940.61338
940.26487
940.09891
941.57227
940.42942
939.6105
939.59247
939.6451
939.71098
939.56976
939.68617
939.77816
940.29967
939.77506
939.926
939.77784
939.85647
939.63262
940.95538
939.58594
940.18285
939.85897
940.10219
939.82522
939.80632
939.90511
939.90861
940.04604
940.28593
939.92298
939.6323
939.67545
940.78654
939.84816
939.80982
939.63038
939.96314
939.87477
939.67556
939.63435
939.6474
939.66442
939.60476
939.67708
939.83731
940.1051
939.59391
939.78523
940.11192
939.66046
939.78862
939.73573
939.75594
939.85693
939.59361
939.71645
940.16659
941.28309
941.04787
940.86753
939.56729
939.60612
940.59308
939.59069
939.56683
939.77469
940.40529
939.79944
939.60807
939.63698
939.94312
939.96443
939.6943
939.67833
939.92557
939.66917
940.00921
942.53564
939.97192
939.84127
939.69642
939.60864
939.73301
939.83143
939.98961
939.88414
939.71014
939.69423
939.70648
939.64091
939.70647
940.59296
939.68307
939.60268
939.58793
940.07733
940.74639
940.09619
940.00093
939.7651
940.23549
940.27064
939.70881
939.88694
939.98277
939.8074
940.36915
939.64183
940.06995
940.83762
939.59421
940.07145
939.70381
939.61094
939.64202
940.6391
940.11007
939.88177
939.5823
940.24418
939.58804
940.7015
941.51737
939.63689
939.59995
940.37037
939.69182
939.67289
939.60223
939.7384
939.65981
939.87929
939.72453
940.08305
939.62614
940.47003
939.84289
939.69865
939.62058
940.21454
940.39625
939.9525
939.60358
939.86021
939.60056
939.78626
939.99046
940.0245
940.41267
939.57519
939.61793
939.66978
939.68679
939.70825
939.67396
939.96402
939.62434
939.85115
939.75993
939.58046
939.77327
940.24398
939.99976
939.79377
939.68396
942.46343
939.67426
940.26007
939.90875
939.65274
940.04857
939.58729
939.79166
939.86413
939.89491
939.62471
939.68859
939.73348
939.67557
939.80835
939.6158
939.8597
939.94966
940.99215
939.97426
939.97136
939.74116
939.92687
939.66768
939.98084
939.68604
940.00583
940.70878
940.00727
939.84485
939.79281
940.00194
940.11432
939.64346
939.62337
940.65324
939.66374
939.62762
939.63353
939.58915
939.79093
940.0045
939.83
939.66938
939.98748
939.93639
939.6467
939.74756
941.52289
939.5966
939.81423
939.86671
939.5865
939.99031
939.68097
940.11554
940.48353
939.57011
940.19048
939.65697
939.59954
939.66238
939.86531
939.8203
939.73229
939.61452
939.85144
939.8477
939.77167
939.79311
939.85178
940.64629
939.7952
939.66979
939.80447
939.6513
939.58454
939.67028
939.59633
941.0023
939.72469
939.99801
939.67442
939.65856
940.75206
939.65503
940.21217
939.99482
939.59108
939.64516
940.44577
939.62302
939.94279
939.75813
939.91241
939.65084
939.99369
939.85574
939.56664
939.61019
939.98934
939.93111
939.76108
939.77248
939.57999
939.87274
939.87268
