-2.6777946999999993
-1.6062165000000004
14.3409175
5.449561199999998
-10.688165699999999
0.8110622999999987
6.741800499999999
6.411696700000002
-17.0964877
-2.1826396
-10.8154485
8.219671600000002
-6.5551564
-0.8129244999999992
4.644278399999998
-8.338407400000001
13.1915227
3.354753599999999
-14.899638500000002
-11.768260599999998
12.2532641
-16.9599382
1.1085224000000016
-1.9052028999999993
5.027461800000001
-17.3586383
1.936278400000001
-8.9583538
-1.3628665
2.711223500000001
9.156813099999999
-16.3953669
-15.5764403
-2.2706716000000005
-10.1772657
-2.8751278
-3.609156700000001
10.7414696
6.2732963999999996
9.136897
7.963454999999999
-3.5462607000000004
9.453167400000002
-6.2884805
7.660214299999998
15.825027300000002
2.2295762000000012
-16.924947500000002
6.905361200000002
10.525300600000001
-17.5742904
-0.7946530000000007
-6.806503
6.015180700000001
-3.9588219000000002
-17.4285677
1.315282299999999
12.397339200000001
19.6129739
17.827104199999997
-0.35110239999999976
-10.1274441
18.7754435
2.2242752999999995
-4.4466924
-5.200323699999999
-14.6906889
-18.191049800000002
-10.804992499999999
-15.9172933
-19.481173899999998
-18.5797518
0.04758199999999988
-11.5191904
-17.4607514
10.642002200000002
0.34719460000000024
-0.9702486999999996
10.799886499999998
-13.4204157
-18.4512985
-11.257646099999999
4.5590934999999995
3.851848
-4.810785399999999
5.456117100000001
-12.398644399999998
-8.251813199999999
13.701397400000001
13.071746199999998
8.012809200000001
-12.4181701
-1.7987435000000005
-16.825437
-10.7049235
-18.8854063
-18.4416771
-12.2410999
-10.9393101
-11.539204300000002
-2.4623424999999997
15.3344387
-5.331964599999999
-18.927716
11.463977799999999
19.604771200000002
-17.0331217
-5.870248899999999
17.117400200000002
8.847266599999998
-7.453494000000001
7.762077100000002
7.7362798999999995
-16.7805569
15.006716200000001
7.8887993000000005
-8.6899524
-14.5378223
-5.2681746
-4.678805299999999
-5.788161700000001
16.434472999999997
-16.2562744
13.109345800000002
-1.946552200000001
-8.1497841
2.054851800000001
4.222214600000002
-17.2859496
-3.2565063000000007
7.342911100000001
-16.4011308
0.3636122999999998
-10.869987700000001
10.911103899999999
-3.8589564999999992
-6.5019202
2.821264500000002
17.812083400000002
12.5528557
14.030343899999998
-9.4059481
-17.2728472
16.931017999999998
13.2856021
-15.726856499999998
13.3223954
14.633410800000002
-11.626295500000001
-16.5420027
-14.926112600000002
2.559071600000002
-7.705153800000001
-7.936431500000001
3.190122000000001
2.5792983000000005
-19.8623458
7.361943900000001
12.815279999999998
-0.49418699999999943
-6.970904399999999
-17.165878199999998
-9.9625678
7.3265481
-4.526683
-10.01196
17.6311506
-0.7893327999999997
14.2973738
-15.4840552
-2.1089587000000005
-12.725716
-15.163923399999998
-1.8700927
7.331749799999998
-0.7677530999999999
4.9053789000000005
14.094350399999998
-10.4484086
13.566077300000002
-14.4664906
14.523060099999999
-17.742910300000002
13.524325600000003
-12.088521500000002
-3.2359753
14.969007900000001
15.0079448
18.042257
-18.091707
-15.3622254
11.352774199999999
-9.037955199999999
-4.747806599999999
15.548088200000002
-11.163311499999999
6.729819499999999
-17.9452937
0.44218540000000073
-19.6599559
3.3485170000000015
3.4302631999999993
-15.794211
-0.824527700000001
1.4214746000000014
-3.205697600000001
5.170965099999998
11.423968300000002
1.6365290000000003
-18.093329100000002
7.192996400000002
3.3891251999999987
15.909317900000001
7.858273399999998
14.580612200000001
-18.1241416
5.515447600000003
10.568528
9.4966084
16.4573042
15.4821794
2.7903690000000005
7.198703599999999
18.4557181
-11.7711721
-11.6591866
-13.8230132
-3.6812849000000005
8.387593099999998
6.942275199999999
12.7468851
-8.7292923
-7.7029605
3.1858412
12.9703854
-11.304934800000002
-11.1554206
-12.570029199999999
16.352476900000003
-9.9371898
12.880131099999998
13.768416299999998
-6.8910079
-9.744165800000001
-6.040284200000001
-10.9107729
-13.679327699999998
-0.9867406000000005
-13.244458100000001
5.222969199999998
15.921095799999998
3.0722305000000008
-1.7073988000000009
-13.2429285
-14.968314900000001
8.915332199999998
5.7454081
-18.3304002
-13.544675200000002
11.446525000000001
-12.5650369
3.7383183999999985
0.17973379999999906
-13.6837166
-0.5629909999999996
0.5064816999999994
-13.0160067
3.706158099999998
-0.1289725999999996
-8.662007000000001
-7.6277403
-0.8475801000000002
-15.316559999999999
-13.1437462
5.8596452
6.762432600000002
-18.4899384
-10.1152819
15.350814
-11.6200701
2.344515500000002
-12.2285716
-18.5355603
2.0093283000000017
5.316405700000001
-2.4673046999999997
1.592834899999998
17.9398556
-3.6025269000000004
12.271685999999999
-6.462776100000001
-7.441662699999999
4.370341199999998
-1.8510752000000001
6.8227151999999975
12.973714100000002
-0.862346500000001
4.082499499999999
13.4495835
-15.7045863
3.2862080000000016
-19.9091494
19.53522
0.025132699999999203
-10.0547643
-4.4419405
-2.0611896
3.8982445000000006
19.3879856
-15.0536503
-17.4027053
-8.9143801
0.560978500000001
2.6701530000000004
11.703884600000002
-1.979121500000001
5.668445999999999
-4.3512985
19.3357981
13.640439299999999
-6.752764999999999
15.727466599999998
-4.7102127
18.666246500000003
-19.232443699999997
-16.2357349
-15.053492499999999
2.6438689999999996
-12.6788059
-4.2586492
-6.9303783
12.1499559
0.33607909999999946
1.481794399999999
9.7521999
-2.995998199999999
-15.7399326
-13.182622799999999
1.7904815999999983
14.879373399999999
-15.1553955
-17.4921335
12.530731500000002
0.297952600000001
-0.9681978000000003
0.7405351999999994
10.940596900000001
17.2063953
-4.2253758999999995
-15.995037400000001
13.514811800000002
9.789766599999998
-17.523919799999998
12.9620658
13.6249818
-3.6523605999999997
-16.9640971
-16.5810883
8.815155399999998
-19.1442247
1.4174197000000004
12.729823900000001
13.375547200000002
3.404027000000001
11.418883500000002
-1.3271019999999998
15.6305604
18.5971582
8.6406232
-14.2313408
19.1935911
-10.7558402
-7.5194021
5.2401450999999994
-17.2004226
9.577950000000001
8.9703485
-14.567703400000001
4.401750799999999
-15.134025
16.9539081
15.3119826
12.236824200000001
17.4933844
10.9082539
-2.459310599999999
0.565305400000002
15.405830900000002
14.375678400000002
18.6996515
4.7420183
17.2696208
-9.1842441
12.7895896
16.1025189
-6.7118147
-18.6010946
-5.736451199999999
-4.3388157000000005
-15.6989201
11.631111999999998
-16.542039199999998
-1.6727829999999995
2.8488023999999994
-17.1560774
-8.1122741
-18.1024548
-18.4905674
-4.3254449
19.1393539
4.806846099999998
6.936401000000001
-4.120840700000001
17.522049499999998
6.022827200000002
-1.7124534999999992
-1.6849961000000007
-6.6570036
-1.8726676999999996
-6.419318499999999
3.3515866000000005
0.11741220000000112
2.0869194000000015
9.8805222
-6.4186699
-6.437196799999999
16.5922866
18.5374064
12.6165362
-4.542203
-0.21619220000000042
15.189556899999998
5.954827799999999
19.822865200000003
1.6676702999999997
11.1396493
10.4016892
13.773797199999999
-7.987734499999999
-13.1407864
12.149394000000003
14.8634145
3.5423039999999992
-2.8042541000000005
1.4707832000000007
-2.2999223000000004
9.075840600000001
-10.1264952
-8.3856033
7.039230400000001
-15.0520616
15.2295518
-17.4862756
10.567869099999998
-19.7598946
-17.7153459
11.802988500000001
10.2598014
3.8833446999999977
3.933054699999998
-0.9958817999999997
13.271541900000003
-2.129273800000001
19.1735626
19.5707447
11.8839307
-8.447856400000001
14.4319706
-14.7521172
-13.442214199999999
4.595693299999998
6.487159900000002
14.1796772
-19.8711904
-5.624902
3.2865544
-4.357459200000001
13.5132215
16.220421700000003
-5.269243100000001
-13.1692034
-2.362703200000001
9.540952200000001
-16.5771869
9.101518099999998
7.817193400000001
19.441134
10.573169899999998
0.9489084000000002
-3.4262914999999996
16.218294099999998
-10.0869525
-2.2335716000000003
-10.6104414
-17.7230363
-7.467898299999999
-8.9384442
-19.8907899
-19.475114599999998
14.8975706
-8.9972064
-17.0674326
15.760526399999998
-13.342607800000001
5.436949500000001
6.483257699999999
8.3196081
12.241237700000001
-11.004053899999999
-3.6393643999999994
9.802075300000002
6.4478998
-14.572442
-4.4938346000000005
5.7441293
-8.0382573
6.18692
17.9969729
-16.6800441
-6.475453399999999
-19.9540088
15.297090899999999
9.5591511
9.905862699999998
-10.3591076
5.853061400000001
8.305486799999999
4.677202400000001
3.607151100000001
-7.693632
10.9827887
-15.2900777
10.0466707
-7.8812131
-6.3525496
3.1023252
17.8643937
0.568467700000001
16.404181199999996
-4.0461608
-19.164417
-8.307746199999999
12.271172900000002
4.049668700000002
-11.71969
9.7501899
7.489744599999999
12.482498900000001
9.646556099999998
-4.3457843
0.965647399999998
4.907175200000001
-0.9646253999999999
1.7620643000000018
-0.7655306999999993
8.137082999999997
6.1123236
-11.046374799999999
6.4996075000000015
-19.642303
-1.4078636000000007
-1.1306729999999994
16.9614248
2.080611399999998
-16.1256821
-0.9916334000000007
1.1094239000000017
-1.6592309999999997
18.0621884
9.0214266
-7.110303699999999
11.6049278
19.3492675
0.6967126999999982
3.9277187000000002
-13.3203385
8.115044899999997
15.412958600000001
-10.0561132
-2.2550711999999997
0.626850300000001
-13.935834
6.9525756
-12.4004628
-4.055840700000001
-8.8512149
-18.9131771
-1.9963770999999997
-10.2347068
17.2133281
3.8372917000000006
17.9034981
-11.557364499999998
-12.4773514
-2.9330008999999997
4.340284900000001
-7.9352344
-15.257691
-12.8032764
15.036662000000002
-12.5584458
-3.4153629999999997
-6.8380166000000004
11.076383799999999
-1.358200999999999
7.437186499999998
0.14926789999999981
17.1461402
14.541149
-12.622621899999999
-7.274309699999999
-17.0841877
18.9823775
2.2048191
13.889706299999999
5.109971399999999
17.669745
-2.304162200000001
-10.940743
14.705876100000001
-6.324598000000001
8.096711599999999
-3.5622791000000005
-14.8594963
19.0495284
0.8303985999999987
14.158995599999999
5.588971099999998
-11.364202500000001
-15.4941582
9.079178700000002
-12.935703100000001
0.11662630000000035
-11.2944643
-17.0104016
-3.361928399999999
-1.9111454000000003
-14.5352862
-6.1986456
3.3922182999999997
11.643325399999998
-19.8834403
-13.7778591
14.612735800000001
-13.2979602
-3.3123903999999995
-10.8441517
8.9900009
11.316303400000002
-7.789828
2.1657020000000013
10.7961144
8.357547800000003
9.030699399999998
-13.3597813
-14.9214939
-15.806126100000002
0.8134402000000001
17.1881701
-6.260677
-10.5989138
15.501674400000002
12.1735286
7.499221499999999
-7.0895635
13.2779331
2.1798943999999985
-3.913578
1.264449599999998
10.1135239
-13.8824888
17.464122000000003
3.712646199999999
3.4613205000000016
9.2394466
-1.0780820999999992
7.362227699999998
-0.7921369000000005
-10.698856000000001
-14.6704583
4.176703400000001
8.839575100000001
-6.434502399999999
10.8340676
13.034037199999998
2.772081899999998
-6.184942699999999
-13.512093
18.691634
-15.1739308
-15.056496500000002
-9.176999
15.601064200000001
-16.1603878
0.9559740999999985
-4.193022800000001
8.9322485
11.020566100000002
-15.3037646
6.5392875
3.991464299999998
3.059576699999998
-4.9506106999999995
-15.729836800000001
12.5823468
0.5475896999999986
-12.1365111
13.578870700000003
10.8698169
-6.345876699999999
-10.293174899999999
7.9830252999999995
-19.8555708
5.317102
6.899332399999999
-1.7542657000000008
-14.3706529
-9.8332542
-1.3675665000000004
8.3685482
14.3011652
6.9950945
-13.645383200000001
-16.3400355
11.932036899999998
-9.4744739
-19.2257059
-5.445085899999999
-0.1287146000000007
-6.456562899999999
7.623401600000002
-1.5470868999999994
2.733290400000001
8.826711799999998
-7.242929899999999
-18.245368499999998
-12.1760295
3.1912672999999994
14.960776300000003
7.8467391
-15.6247101
-15.0670095
5.219735000000001
3.433144699999998
-9.3609952
-13.491369399999998
-14.2364781
-11.7932538
9.785693700000001
-12.3967076
9.372559500000001
10.064076199999999
-3.7957465999999997
5.5314228000000005
17.5628956
-5.932606800000001
-1.4367492999999991
14.4193565
-3.562680399999999
19.577854900000002
0.5825304999999981
-10.1339483
-7.5065411
15.0048272
1.2001578000000017
9.2336402
-14.2332785
2.856886800000002
18.431811200000002
16.6074779
-13.9586619
-11.4818752
-9.3993003
-9.057156399999998
-10.1016178
4.6764878
6.4927882
8.478238000000001
3.7881356000000004
-8.384651400000001
-15.7697739
-1.9388375999999994
10.475623300000002
-9.390635999999999
4.335137199999999
13.954834099999998
-8.3618395
-7.5194787
-0.7616997999999989
16.834593100000003
3.5255366999999977
15.4779014
12.340889299999999
-14.3963158
-12.8848561
8.1354257
-5.099134200000001
-17.6532652
14.2863238
4.294562999999998
-1.6435095000000002
0.9932247000000006
-11.378420499999999
-18.1074394
18.7493333
10.8722858
15.499148799999999
5.818672099999999
10.9785354
-16.3311603
6.418321999999998
-2.0413320999999995
-17.939919399999997
0.831548200000002
11.2966473
-6.937404300000001
-5.535318199999999
19.621134499999997
-11.3017343
-3.8125559
-3.5433914000000004
0.12575129999999946
4.287884600000002
-16.3189682
-13.2744784
19.2377961
16.3729907
-18.12396
-13.1604673
0.11871239999999944
-15.352545
3.4152372000000013
9.067057199999999
12.984709699999998
16.0269962
17.974251199999998
-15.4033239
14.9882575
-3.7205143999999994
-0.7667969999999991
-14.798536899999998
-5.9286088999999995
-4.556593
8.274102899999997
-11.0286847
-4.9475991
-10.8540788
1.4697980000000006
-15.297154299999999
0.40982559999999923
11.974579899999998
-16.3809526
6.096133599999998
-5.4760241999999995
1.6362609000000021
-18.0289399
10.1416892
-18.770687
-13.758567600000001
-19.8178363
18.074636599999998
-11.5559195
3.558021100000001
5.0720975
-5.9118966
19.758691600000002
0.30553789999999936
-9.3707274
5.764154199999998
-12.779540899999999
-0.17460820000000013
-9.9535698
-10.5741021
11.299758299999999
6.0061418
17.097618
15.5219654
14.6208061
8.7152241
-11.2657132
10.3668487
8.0484037
-2.213886299999999
-19.6440489
-14.9560841
2.6406869000000004
12.0331322
2.587375900000002
-1.505937899999999
10.924009900000001
-9.4321236
5.810865100000001
-18.561845
17.2763661
-10.485289499999999
-8.524166600000001
17.7251059
13.146415999999999
10.4534499
-11.9043505
-15.5123634
13.537813000000002
-17.687617
1.396617500000002
18.4476457
17.797692299999998
13.1015922
2.8620273
-14.617529600000001
5.553435199999999
7.253409499999998
-6.850878
-5.3066028
-7.7746515
14.088610899999999
-7.943435099999999
-5.4753186000000005
-19.1129793
6.0064910000000005
5.361357699999998
14.4759796
-17.5683366
4.6924813
-3.7879369999999994
-12.2615654
-0.2047772000000009
2.3172229000000018
1.5264537999999994
11.541067899999998
-7.560897500000001
2.9069603999999982
15.190399200000002
1.773810199999998
-12.7830321
10.481707799999999
-6.9509305999999995
-17.633230100000002
4.2606908000000026
-12.333782999999999
16.629901500000003
18.5879279
14.627552799999998
-18.263010899999998
-19.5798941
10.104885399999999
-12.8650764
16.3760529
-8.1165509
10.350709499999999
-10.533864600000001
-13.2056816
-3.6915104999999993
-18.5946139
8.0623954
12.728514
-7.632070799999999
6.4569245
-18.635679800000002
0.860361899999998
12.5437619
8.271613499999999
19.1446173
6.758543700000001
-19.1723131
-17.4523521
18.8030944
-8.064107100000001
-3.7047505000000003
4.4162113
14.5248848
-3.030347200000001
-12.762399
1.0804512999999998
8.866290800000002
-3.605594900000001
-19.822374500000002
-9.544918399999998
0.3495658000000003
13.112222200000001
13.788994699999998
6.982704699999999
19.3637005
-11.1586375
4.9180342999999995
-11.1681051
-6.840038
-2.9600908000000006
-12.304436700000002
1.1064098000000013
-16.550449
18.8641693
4.805389
12.7870131
-11.7106556
-17.621579099999998
0.7031176000000005
13.054148100000003
18.503942600000002
0.5842079000000012
18.1455754
-4.393836799999999
-15.875956200000001
12.888602099999998
7.984807500000001
12.669694100000001
19.2647363
-10.1235931
3.6873443
-18.367808399999998
7.809066899999998
-14.1303873
17.0995667
-1.4725128999999992
-0.24908100000000105
-18.924030000000002
16.239521800000002
-12.5898983
-19.9887604
-1.4096036000000003
-0.6191283999999996
8.440695700000001
-5.942788599999999
12.1691426
18.071838699999997
-18.314386300000002
0.5182283000000006
-6.9861561000000005
-14.293213100000001
-2.2455898000000003
-4.799802299999999
-7.352599600000001
-5.1528176000000006
14.2987829
1.8047377000000007
-13.4615087
12.5185174
-15.533401
12.627463200000001
-0.1885161999999991
7.833944200000001
10.669108500000002
-10.5318765
-18.20121
-8.5269804
13.2647622
-13.356401100000001
-18.4715167
-16.4021271
13.840261099999998
17.642366699999997
-2.769685199999999
-13.4587807
16.6224011
10.818183
-13.1780574
-6.3891901
-11.337681700000001
12.037041399999998
-0.6910841000000005
-17.3149558
-13.540566100000001
11.674386100000001
-0.7354717000000005
-10.5403901
-14.5924829
2.5837737000000014
6.316520799999998
-11.260156299999998
15.0400693
-0.9864172000000008
8.6091876
9.2937473
15.2855244
-3.161692800000001
-5.7867111
0.6220110999999997
6.6949561
5.765648999999999
13.4381622
14.3424255
-7.156970599999999
19.460191
2.1071136999999998
-12.448835899999999
4.895058899999999
-15.238667
-17.7005344
-17.4248686
-18.1734117
15.580561899999998
-2.0257566
1.1189462999999977
18.366423
-12.424312300000002
-2.01778
11.347529300000001
12.236427800000001
-17.7406545
-9.2137857
13.1030355
11.153531899999997
-11.522166299999999
-12.969130700000001
-9.8778035
-3.8238258
12.936753800000002
17.005040899999997
0.7176641999999993
13.895437499999998
18.7017934
-0.4683714000000009
-2.7335327000000005
-18.0061725
-1.3605575999999997
-6.5221865
-5.287637
3.0581374000000006
-3.6641814999999998
3.6751026
19.9116269
19.3246092
-5.969753399999999
16.119981499999998
3.615342099999998
0.6813970000000018
-19.8478225
18.6502256
11.114387900000002
13.969905899999999
-7.978348800000001
16.145082000000002
15.527437599999999
10.203529800000002
-10.579747
17.7722208
3.320862400000001
4.015800199999998
-4.848505600000001
15.919648400000002
15.245603000000001
18.258957999999996
6.597964900000002
16.6770852
-1.838203799999999
-8.2369048
19.235945
16.2581918
-0.6063508999999999
-17.6249305
3.4471133999999983
6.288344699999998
12.2975822
-12.4396365
0.48599029999999854
13.695002800000003
15.503548099999998
-18.231780699999998
8.0013573
-10.4179674
6.831215699999998
-11.7970919
10.863902699999999
13.333874000000002
-12.8001522
-19.1918613
-5.6809791999999995
-10.816029499999999
-13.7503306
15.4053829
17.046504300000002
2.0584430999999994
18.375078400000003
3.7498747000000003
1.7774222999999985
-15.8879906
-17.7781164
9.613534300000001
-2.1387461000000005
-2.140082
16.957550700000002
13.571264299999998
1.8979658000000017
10.4164997
-16.7186098
9.9085293
3.8498016000000006
-10.812911300000001
-16.6661987
7.671738300000002
-4.5545273
6.0543426
-6.4127269
-18.0161753
-17.2066831
3.4100714000000014
-6.4601097
-8.473606199999999
10.3320455
8.987233900000001
8.392945899999999
9.873530999999998
11.5257789
-17.6245942
-14.2451181
-15.5311813
15.091361999999998
-8.3754421
11.9604805
4.181444999999999
5.1163632
0.08449969999999894
-9.0601213
19.539170199999997
9.515373
-16.2230466
-3.9912266
12.893842399999999
1.6403051000000004
-6.301611600000001
3.6714969999999996
-11.576459300000002
6.799610899999998
-19.4854797
1.592471999999998
-4.156924899999999
15.3274334
-9.827600200000001
-18.6375054
4.809211300000002
-19.398581
-18.0096132
6.302356
-12.7671531
-10.6274215
-12.886252899999999
-18.7747485
11.986458400000002
-13.7285015
19.779109899999998
-18.4220546
2.3184834
-14.1852736
-10.8388662
-17.7241322
1.3864930999999978
8.247588300000002
-1.4043688999999995
-17.7065576
-2.1020831999999996
-11.2737283
-9.661262999999998
-5.3967146
-3.907236700000001
-12.1831938
12.345973100000002
19.627566
-19.0819061
-1.4392797999999993
-10.0945932
-9.570181999999999
-4.772689499999999
19.2564803
-4.3703875
3.6867126999999984
1.328047700000002
4.4377856000000016
-15.1184206
-11.2141565
-6.3080863
-9.7062023
-14.9796344
3.2042650000000004
-18.5491038
-18.2903813
3.6436457999999994
4.6510118999999985
-7.080640900000001
10.9105413
-6.6180745000000005
18.5143828
-17.9818599
14.125301399999998
10.2172095
-16.132124100000002
-17.374067
2.9861339
-4.6008213
8.946977299999999
13.4670788
-16.7990583
15.743703999999997
15.205353300000002
14.129870599999999
2.854516800000001
-0.5410391000000004
18.079873499999998
16.4139679
-14.0132501
-18.8502296
-17.301786500000002
3.4674676
8.143185199999998
11.356080700000001
11.8918145
-9.404497200000002
-12.1750235
10.101270399999999
-2.3185318000000006
-10.2287823
-18.1481612
9.972777200000001
0.775613400000002
14.2036377
14.482444399999999
0.38149709999999915
7.978072900000002
18.358567100000002
-9.2868958
-18.8318214
14.971439700000001
10.425939400000003
-2.577545
0.24874129999999922
-2.8852149000000007
-1.1948573000000011
-9.5304606
12.961433499999998
13.1856371
-9.2711116
-15.0392343
7.889677200000001
13.981921000000002
-10.689516699999999
7.556337899999999
6.816158999999998
17.867106600000003
-0.747698499999999
11.1360502
0.26091899999999896
5.682441199999999
5.5796244999999995
0.6630103999999983
1.7536488999999984
15.265032900000001
3.058156100000001
11.5072239
1.015630299999998
-7.7877501
-16.2807569
-8.2837741
12.214018299999998
-1.2040454
-13.063222900000001
-1.7976449000000003
2.1340171000000008
-18.917677
-4.692361800000001
15.474327899999999
-17.3517981
-16.2127826
-9.570832000000001
-9.5625864
17.9032132
13.796754099999998
2.1040346
17.230952900000002
-15.0158868
18.4598852
-11.791848599999998
-3.6935743000000003
7.898581600000003
11.1022682
6.1640412000000016
9.054483300000001
-5.839047900000001
1.0223869999999988
3.798376800000001
19.5123095
16.946886
1.1494399000000022
4.720162799999998
-7.1216805
-5.8219199
3.9141312000000017
17.6822637
-14.130689
18.7950348
10.5493896
1.2708734000000004
-18.1187533
0.1098998000000006
-19.632385799999998
-11.0667088
18.480212
14.049151299999998
-12.435901800000002
-6.9440543
-5.1351351
19.0878327
-13.4644207
-17.560394900000002
-16.6407427
-4.656593700000001
7.782824700000001
15.2237626
-12.0303638
-10.5224332
-3.3479636000000004
19.0008838
2.018972399999998
-5.300905800000001
-8.780857800000001
-17.1155705
15.7981549
-4.2913635
11.1581471
14.295517599999998
-13.5874721
3.190647600000002
17.1610181
-13.1167127
13.573400099999999
10.081869700000002
-18.9533477
9.295566899999999
1.5108932000000004
17.8246803
13.669816099999998
13.9737588
-13.592282399999998
-4.550261700000001
-6.215141799999999
8.1393228
3.912486100000001
4.099600000000001
13.956453700000003
5.910140000000001
16.4394591
-17.0881251
0.024673099999999976
-9.628614800000001
-10.399150500000001
11.060083599999999
19.9932543
-16.5900507
11.3462197
0.48180629999999836
1.6905965000000014
-7.866821099999999
12.848307599999998
0.08845299999999952
-14.646285400000002
7.5294011
-0.1669708999999989
14.620424400000001
9.449432700000003
16.259334399999997
3.3507760000000006
5.982129700000001
-7.090618500000001
-13.283979399999998
-0.29966719999999897
-13.9545364
-1.2967049999999996
15.792828599999998
19.2279887
19.2873246
-0.26488560000000005
0.8565063000000009
-0.7528888000000006
0.5208764000000019
5.110806999999999
5.585452
19.8004819
13.945653900000002
-5.137082800000001
-12.2515968
-10.0887766
-19.964681
-8.457338700000001
-13.6506331
7.915324399999999
-11.890323600000002
-11.725038300000001
3.645460499999999
-18.4164968
2.261108899999999
-13.1168228
0.9819369999999981
6.5108350999999995
-12.775277
2.4536099000000013
-16.6669949
1.3766919000000006
-13.4332033
-19.8150412
2.191032799999998
10.3711958
-12.409187600000001
9.824391099999998
14.607848399999998
-11.4185933
-14.9796244
-17.0608297
-2.9627514999999995
5.823224599999999
-16.3653984
-0.7485285999999997
10.3053361
3.139213
-9.564035899999999
-11.074240999999999
16.940841799999998
-4.383600799999999
-15.841898
11.288991799999998
8.466605399999999
-16.5658132
16.1602909
11.921877199999999
-16.7130125
-16.7905874
8.557586999999998
18.8509674
2.575391199999999
-5.989682299999999
10.2431576
16.8329949
4.440373599999998
-15.7691473
-5.651125899999999
-13.330534
-18.150737200000002
4.4929216
-18.6486685
12.709178200000002
11.930544100000002
17.331182300000002
0.28001179999999976
-9.5700862
7.7396459
-6.0541699
10.2992562
8.0759721
13.405521600000002
18.6066297
-6.23972
-12.0354492
-15.6027225
-4.2308202
2.314124499999998
14.203813100000001
16.313213
3.879092099999998
9.624060800000002
8.085779900000002
-17.4552452
3.7377613999999992
-3.761286
-5.806078500000001
-13.8084717
5.494492599999998
-11.603912000000001
-1.6848927000000002
-17.3476981
-10.6986271
3.6767295000000013
0.9519628999999986
16.708733499999997
10.599694800000002
-11.603386599999999
12.496369399999999
13.952069799999999
-15.946058299999999
7.518112599999999
14.913828400000002
19.156188200000003
8.664039699999998
16.373433
-7.3734763
-12.086136299999998
8.9274305
-19.321212499999998
-8.244370100000001
6.371550099999999
-11.498327399999999
13.9744967
19.5927227
14.368821200000003
10.3008335
-0.5553800000000001
19.6050112
16.431631699999997
5.266347700000001
-11.0405157
-17.3772543
-18.225932
3.925490100000002
2.111357899999998
-3.564431300000001
-6.8305757
-4.4945299
-13.4272648
-7.815181600000001
-15.563780099999999
-10.4422959
-8.8146262
7.117176399999998
5.445426000000002
15.706417700000001
0.6423358999999982
-7.1080781
-5.363735999999999
0.8908192000000008
-8.3587966
-17.3079419
4.287562800000001
-2.847108800000001
7.703044399999999
-16.0781645
5.9109044
18.3249413
-5.9707347
4.002428599999998
-9.0611139
10.8199222
2.0899443000000018
-7.650928799999999
-14.1049776
1.841582400000002
9.240762199999999
19.114375199999998
4.077292000000003
-8.0075199
-15.1182448
1.4545514000000004
-13.3483951
-13.0331558
13.920953100000002
-10.423915200000001
-9.8167495
16.7570267
-12.991503400000001
-10.6453132
4.7629644
-12.6386409
-19.6773929
18.0239205
13.400121100000002
-0.2768217000000004
16.7433936
6.862678500000002
12.958064100000001
-10.016125500000001
-2.417337500000001
8.182573200000002
4.569067799999998
-9.8579565
-12.3795808
-7.6398647
-17.1668165
-3.3449614999999993
10.943211900000001
19.6092315
-6.6988383
8.883223200000002
-3.8429891999999994
-2.2214605000000005
-7.5332873
-9.281992
-3.651259500000001
-18.932493
9.154449300000001
8.130874100000002
12.192051200000002
-9.0903915
2.9586758999999985
-18.8165228
-3.7354260999999997
-12.850896400000002
15.255484000000001
0.2602433999999994
-0.8755584999999997
9.574001400000002
13.353382799999999
-19.1547459
-10.399170100000001
11.396980800000001
-18.1330723
5.641182399999998
11.179661000000001
-12.0599347
1.470294100000001
-0.5865240999999992
-13.534702499999998
-8.1937897
10.416732699999997
-11.557973500000001
3.8584963000000014
2.2593366000000015
3.345854599999998
6.045798599999999
5.121062900000002
4.8101422000000005
-2.566268399999999
-6.556505400000001
6.8385988
7.230724
17.879360000000002
15.1602562
-17.5389481
-16.3566772
19.479540200000002
0.5858802999999989
-0.38370429999999944
-18.450726799999998
-11.0946795
9.679096599999998
-13.6193947
-18.6811447
6.431097399999999
-16.900695
16.612028799999997
-15.2472111
4.739165200000002
0.22191060000000107
-1.2475695999999994
-3.008712700000001
0.07187329999999975
15.268943399999998
14.413636799999999
-18.377600400000002
-17.5065208
-3.0476672000000007
-1.1210969
-2.6052159000000006
8.0325315
-8.0834932
-1.059777099999999
-13.444671899999998
-0.7349054999999999
-7.520354500000001
-19.0492924
5.6636443000000005
11.781099
-3.394709
-15.9349009
10.0879133
9.002044500000002
12.2435806
10.247827000000003
11.440349700000002
4.4036481999999975
15.7092362
15.6855964
-7.800322000000001
-17.3108134
-10.1004434
-14.7198179
6.6867866000000005
15.0757053
3.553159700000001
-9.9045665
16.5418995
-9.1268858
-17.8597195
10.761988200000001
10.513763600000003
-15.6690106
-11.9409672
-15.376519100000001
-1.2882600000000002
7.7229578
7.876921000000002
-12.0749234
16.030881100000002
-16.1599875
-2.428843199999999
12.4582893
-2.0503567999999994
-19.2396619
-9.328510900000001
19.9604945
13.173823699999998
-11.6104701
11.975446000000002
-6.1155483
16.0290706
-19.3682262
11.701867400000001
1.5522960999999986
7.950325899999998
-3.1837311
-5.686267499999999
15.755558
11.672937700000002
2.1234765000000015
4.166623300000001
-3.0138663999999995
-6.837802300000001
12.093055399999999
-11.989439400000002
6.163639199999998
-13.303782000000002
0.3002839999999992
14.861467400000002
1.4983176999999979
11.623931899999997
18.1560085
-14.221445
-12.497093599999998
13.832371199999997
-13.4038609
17.1266931
16.558815
5.2250551
6.724475499999999
13.29067
-11.612827
-2.9460554
14.135295700000002
7.0522408
4.843521399999999
-12.940440800000001
-6.504056800000001
7.2862206999999986
8.775234999999999
-1.0093657000000007
-19.109424699999998
-7.330010099999999
12.9279178
-1.1511634000000004
8.942260700000002
15.210421700000001
17.1107656
16.521678499999997
10.1727344
-0.4543191999999999
-9.1517635
-16.705599199999998
12.2957292
5.6276652999999985
3.500782899999999
19.3545928
4.120188499999999
16.0179943
-16.0142645
4.979371000000001
12.3798193
19.910052300000004
16.6184193
-13.0713134
14.2781115
-6.167248799999999
3.6812897999999996
-10.7770938
8.138991
6.297911300000001
7.490360599999999
-1.4766581999999995
15.9714316
18.400647199999998
-15.059019800000002
16.2066363
-5.901745699999999
-16.101778
13.563701099999998
19.8476429
6.766654899999999
-9.4366292
-15.8032646
8.232064799999998
2.016278299999999
-0.269081000000001
4.2103613
6.3577297
-11.7095013
3.0791964000000007
-2.368845100000001
12.698993300000001
-17.8472271
19.0858458
-1.4233206999999992
17.639926099999997
1.8817043999999987
-1.1195856000000004
-7.070709199999999
-15.6843423
4.132811099999999
2.4455571999999983
14.0353379
15.650292100000001
19.050117
6.778191200000001
-16.7675192
10.4410813
-18.0448541
13.813310000000001
18.8394315
-9.9750126
2.9483620999999993
-18.9750951
-15.779290900000001
13.7883109
8.8630996
0.39019250000000055
0.2591072000000008
8.697249499999998
4.8319612
-9.980468
-10.8259662
14.4613508
-13.546801799999999
-15.4088078
-12.270112800000001
-15.734583299999999
2.947837599999998
-4.026267000000001
-7.9133148
9.457943
12.351603
-12.98132
0.7470726999999988
-5.8302559
12.720652399999999
18.644841999999997
12.056947399999999
-13.3018687
5.851601599999999
-9.6805737
1.7664737000000015
1.8276731000000017
13.306095500000001
-11.256572900000002
-6.2180829
-0.4611096999999995
-2.377295899999999
4.7685403
1.306855300000002
-3.0739309
-6.5642354
5.794045799999999
9.944784800000003
-4.2524703
-1.3333376
11.4270478
-6.418689
-9.497347099999999
12.575628700000003
-8.8251044
8.0233012
-13.711545999999998
-9.7590449
7.577605400000002
-2.753369600000001
7.658670200000001
-11.835793800000001
-11.1322406
15.137827699999997
14.344264299999999
13.0593836
-19.5203171
0.7095238000000017
5.331064099999999
12.936971699999999
8.5539514
-14.881458
-2.3051838999999994
7.823386599999999
6.950328100000002
-3.089812199999999
-3.2780340999999997
-0.31078899999999976
-4.975475899999999
3.0626456000000006
2.743396600000001
-14.2044084
2.0972992999999995
-13.6017309
-12.8117707
8.913150799999999
-6.464229800000001
6.3142261999999985
15.066797700000002
-17.6218134
13.2691244
5.8499944999999975
-1.1409592999999996
8.639023900000002
-16.013518100000002
18.4707036
-17.954898699999998
-4.059929500000001
12.126830199999999
-3.888086000000001
-2.364210499999999
-13.344438300000002
-2.6075613
-18.1531628
11.918421899999998
9.636649000000002
-1.011065900000001
-13.490178700000001
-16.8735104
13.7426206
6.992140800000002
1.943165399999998
-8.899372000000001
-11.5685284
-15.232608399999998
-8.9099031
13.595491499999998
-9.8179335
-14.1959171
2.3779811000000017
4.448789400000001
-10.2532709
8.867055300000002
-13.560571300000001
4.092953900000002
-2.8943005999999993
0.6757412999999997
-7.9253556000000005
-13.7663201
-17.2334396
0.33509520000000065
-11.3478746
12.3718574
-8.8059564
-3.3762997999999995
18.8335013
11.6971711
-17.6070677
1.809740700000002
-3.6049016000000007
3.669967700000002
-9.584935
-17.3157183
-4.4397201
16.8944787
3.5507924
-10.6837979
14.900440400000003
-7.079935399999999
-1.7412212
-18.0451835
5.390266200000001
-17.8405707
1.6803978999999982
-15.4446182
19.4322444
6.431812300000002
-12.1743868
6.6030899
-14.8417299
-2.8505888000000006
-10.7699154
17.7444482
-16.9931585
-8.1249242
-18.5222104
-19.8766263
-16.412723200000002
-10.6161087
15.652557700000003
19.833454000000003
18.059363899999997
3.6613779999999996
-18.0988411
3.777141200000001
-4.0520126
-3.8819832999999995
14.6485668
9.502132299999998
-9.959882499999999
-4.083068800000001
0.30894590000000105
-17.3082326
-11.861976300000002
18.185433699999997
1.3577822999999989
-1.352672
-14.214458399999998
-9.381492399999999
-0.7232796000000008
-4.831725799999999
-7.836900399999999
2.280405999999998
11.521557600000001
10.986331
13.854905399999998
-16.9776261
16.475701
-15.8181284
8.9509641
-16.1137415
-0.6698557000000005
17.7170172
-13.3136632
5.389966399999999
-19.3029892
-1.9671499999999993
-1.9434341999999993
-0.5584690999999998
15.3709768
-2.3903429000000007
-0.33919869999999946
11.185135
12.663094099999999
12.1565467
6.675764199999999
7.817404099999999
10.2671794
-14.2130046
19.923478300000003
17.8174626
11.113811500000002
9.474389999999998
19.2532339
13.467624999999998
-15.5094263
-19.598419
-16.5575205
-7.0925974
-4.894525699999999
-3.0108726000000003
9.2026048
-18.3609143
-9.0536716
1.0781255999999986
-3.636972699999999
-16.621537699999998
-18.9429604
-19.4702377
-17.1949429
18.6011255
-18.0720078
-0.26793769999999995
2.6771137
-3.0859635
-12.531917600000002
-12.1697803
-4.456780000000001
4.9622813
-18.6492224
11.829959800000001
10.2390193
0.2676165999999989
10.2364851
-14.148265000000002
8.455244800000001
13.1759787
-6.7129692
-2.2824216
2.1108962999999994
-12.9575794
-3.9174117
-13.4495486
17.429452299999998
-8.1585789
8.437934799999999
-6.712937199999999
-12.4910429
8.140463399999998
18.0048482
-10.4488929
-5.917116599999999
-16.8648562
6.361035299999998
-10.858705300000002
15.8591617
19.468591500000002
3.535553399999999
3.154296800000002
11.125875299999997
2.3007056999999986
8.821727799999998
6.7985032
-10.780111400000001
-13.235019
-19.5079895
4.2136236999999985
-7.423617200000001
17.514920699999998
-19.254878599999998
-11.3005013
11.559188800000001
16.7342884
-14.626886500000001
-6.246348
-10.490773899999999
2.609250400000001
-15.2046135
-6.534483700000001
-1.0125712999999996
-0.38446570000000063
19.596992500000002
2.505544
-8.099810399999999
8.4232588
-1.3553035
-19.2504742
-6.075563299999999
-8.6048297
-12.143332399999998
19.720911299999997
1.3462559999999986
7.6296812
11.688068899999998
18.4531208
-15.655419299999998
14.859552399999998
7.17788
12.844940200000002
-15.243423
-14.2749742
12.165557100000001
-9.735019099999999
-12.630797499999998
-8.943712
-11.7286168
-6.5805286999999995
-10.7706824
15.1562936
-7.117695799999999
-10.0613166
1.2290473999999996
5.068440999999998
-17.3390297
7.113330000000001
19.8030514
-5.3779222
18.3678277
-18.4079617
-5.271238
-0.5725258000000008
18.8219267
7.977294299999999
-13.0123984
19.0441632
-17.5596168
-19.5014751
-19.2157904
-12.4134851
0.1689662999999996
-2.9578728
16.4218778
10.0848367
-0.8687209000000007
3.4463402
3.1895793
8.163482100000001
-1.3008067000000005
-10.1772594
-15.051700799999999
-4.0168622
19.5762253
19.7903407
11.3650402
-11.8239379
9.415441000000001
-8.8658893
17.239738499999998
-7.733452
8.995201400000001
-4.675499400000001
17.0781664
-11.466772200000001
1.4181556
-1.3916922999999997
12.094701399999998
5.046682799999998
0.6020107999999982
-15.922705200000001
11.6325707
19.3696668
14.720657500000002
7.924274999999998
15.961500000000001
8.250888599999998
-8.389876600000001
5.7524408
-6.4115625
5.770051699999999
11.784599600000002
-13.8997486
19.708645
13.498910599999999
-1.2936763999999994
-16.5449056
-2.7799422000000003
-11.422420200000001
4.6604223000000005
-12.3714595
19.187851000000002
7.585228999999999
-1.5118486000000007
-17.5033103
18.2216511
-17.9960221
8.5088447
19.0139157
9.562593999999999
-18.5157304
7.113281400000001
-11.994610999999999
-18.9686076
16.9146267
-6.7738312999999994
9.6487656
10.491079100000002
-16.7231031
6.214495200000001
5.736518200000001
19.056634600000002
-9.8894973
-11.4561269
-18.1850515
11.779300899999999
-0.08252030000000105
1.1501211000000011
17.8489817
-8.584130600000002
-17.4612577
15.7140526
17.7523499
3.0882612000000016
-14.2023064
-2.4738707
-18.6235045
1.2829381999999987
-11.7004923
-5.795800200000001
-4.5425006
-10.241318099999999
-5.4341263
-12.976120900000002
-17.230287699999998
-10.029111799999999
-17.1205009
13.352839
14.7620395
-19.0543328
19.971483199999998
-18.2772858
14.0903233
19.938177999999997
-14.6738543
-4.0520283
-15.144911400000002
-16.0761186
-7.486713400000001
-16.8174312
2.2786247000000004
18.4899541
-16.972819
-7.954454599999999
16.918456900000002
12.164493699999998
-17.3655377
9.0110568
-13.391858499999998
-16.0881174
-4.751690699999999
-12.5951858
-7.6821795
6.2370366000000015
-15.0729127
-3.8993614
1.4443166000000018
-2.6593436999999995
-5.7337158
-0.04160180000000082
4.9043055
-11.512447
7.060981900000002
-18.4141446
-2.6502577999999994
9.069446400000002
-0.5378348000000005
-18.9091344
3.2546612000000006
9.843358600000002
-19.4891553
12.5590391
-1.7251781000000006
-0.012260599999999613
7.177946000000002
-12.962540800000001
1.3392421999999988
-16.2616029
-3.411926800000001
-8.7517022
-13.190669699999999
-14.5132826
4.780834399999999
10.051570900000002
19.3388645
15.5183979
9.984043299999998
10.028562200000001
0.5888551000000006
-7.950201400000001
-14.247830100000002
2.4629269999999996
-8.0730376
17.006218399999998
5.285006199999998
5.102534599999999
10.2786447
-15.4633261
-18.5251717
4.6723848
-1.8970704
17.617984099999997
-7.504736
-19.9686395
-2.4718713
12.4845516
17.503239699999998
3.6204962999999997
2.7651830999999993
8.894097499999997
-14.9695769
17.443883
13.968788800000002
10.7572199
7.000361200000002
-5.8403394
9.3316955
-15.9886961
3.6056642999999986
6.6557575
4.517314999999999
1.9732790000000022
4.0903604
19.740976099999997
-2.3129818999999996
16.688900800000003
-9.130831
-18.983874699999998
-16.6649869
-17.7897767
-10.6587347
10.016689000000001
-4.5926496
-4.699095099999999
13.949974699999999
-18.4591414
3.5884227999999982
7.186320700000001
19.6980153
3.856991400000002
-18.8821892
18.920909
-15.861326799999999
19.2613236
11.7840126
6.855900000000002
19.4175457
3.0392169000000013
-9.0077835
10.578078399999999
8.4034002
10.4586472
8.0016154
-17.4941184
5.033121000000001
-12.0412345
-19.372447
-13.5638481
3.0022584000000005
-18.0517605
-4.292247400000001
-8.162807299999999
-3.2620767
-0.07943199999999934
16.2837593
-12.6712798
-13.8335714
17.661213699999998
11.2464878
-9.2035699
-5.399345900000001
-5.2885078
-2.7611429
-3.811736900000001
-6.732631799999999
19.3164601
-17.8433648
-12.686082599999999
-17.0534151
15.468162600000001
-2.346845800000001
0.8957097999999997
-6.4190238
-14.0275172
-11.047928900000002
-7.254610199999999
1.9282182000000012
-1.455296699999999
-13.838091799999999
16.698053100000003
-1.6717756000000008
11.614002399999999
-1.1299206000000004
17.9089185
16.3413667
18.9205492
17.735604600000002
11.6552425
6.9523347000000015
16.7930736
5.512638200000001
-19.7838716
14.625886999999999
-15.400746300000002
-1.3448009
-3.9928717000000007
-17.4017489
7.849031599999998
0.7164471000000003
-11.3536278
11.746832599999998
-0.6182197999999994
-13.1734425
9.7700857
-7.5071373999999995
17.6428729
-10.2607684
14.484836300000001
13.6649483
-0.20010199999999942
16.9396934
4.5512284
6.457785199999998
2.613995599999998
-1.4968707999999993
10.133230800000002
4.470209700000001
19.5610207
15.956000199999998
-17.326287999999998
-8.8476004
-6.113288
-5.673146899999999
-10.4331212
16.7648087
-1.3213986
4.575988900000002
-4.8043653
8.9708298
4.811490800000001
-1.0962032
16.4784625
7.682102399999999
15.9385938
6.980893799999999
-19.921870300000002
-3.4465265
8.955142999999998
11.198627799999999
19.5516404
7.600005799999999
16.3497634
-0.9913640000000009
15.6244915
-13.4103303
17.484654099999997
-1.2752555000000008
0.06664089999999988
-13.0863041
-15.1595401
-1.0878862000000005
-7.8202008
16.181992700000002
-11.620085199999998
-12.1365006
-16.7218637
9.883182900000001
-1.100776699999999
-11.977482599999998
-10.616884800000001
7.305390600000001
-17.3463253
9.576355
8.1175904
13.0501816
-17.9601017
-19.5666462
-10.9239834
-16.8454306
-4.037465500000001
-11.0371623
11.818350099999998
6.8229516000000014
3.190387099999998
3.2836211000000004
13.5334737
-12.1791146
6.4202241
-13.973518100000001
12.449883300000002
18.0041818
0.04327919999999949
4.0378078
-9.1232177
-8.0388436
-12.248156800000002
1.951505400000001
-0.9421701000000007
-1.482633599999999
6.264403099999999
-8.1408968
-13.371041
14.461323200000002
-18.3706959
12.326462299999998
12.1290911
2.799648900000002
5.182916399999999
-2.586777199999999
-4.845830699999999
15.86187
17.4488288
4.407695199999998
10.379273699999999
-13.5381601
3.8081415000000014
11.7437251
15.171373699999998
17.5496719
-16.5594721
19.8103868
18.6717333
-19.246547800000002
-9.7267317
0.5467443000000003
3.0612782999999992
-6.5918776
17.695827899999998
-18.080275999999998
3.816425800000002
15.4698108
12.792283900000003
-5.6519009
-13.472905500000001
5.779759199999998
-13.6132852
-7.402318600000001
-13.704906099999999
-15.579141300000002
3.3328287
-18.1290439
0.2329979000000003
-12.6888942
14.592284599999997
-0.41294259999999894
-6.5995218
19.789371900000003
7.002430300000001
10.003813399999999
-17.1455886
-18.470684300000002
-10.891153100000002
-1.4859212000000002
-17.5933446
0.03906619999999975
14.244384799999999
13.939596400000001
-13.681181200000001
-7.4754792
5.577827600000001
5.486545799999999
-3.1404647999999997
-1.7794951999999988
1.1391903
2.3848126
-17.8590764
6.943196299999999
-11.010619299999998
16.7306914
-3.784097200000001
9.7827027
-15.9994175
14.061940300000002
-13.5003015
-17.2927366
-1.8525602000000003
14.072195
-6.851377
-13.444408899999999
7.6441543
-16.930532600000003
11.6789026
-3.193770400000001
-13.5570607
-5.897983899999999
-0.4486658000000011
-9.2018325
-16.8106902
15.329168300000001
-17.433300199999998
16.7943352
6.928188599999999
-11.211407
-13.875043900000001
-5.857297000000001
-5.541803
-6.416595
-17.8227399
19.634702
-5.8100575
1.4389840000000005
6.372358300000001
-19.8216647
5.825809800000002
7.415551000000001
4.291676499999999
0.8332888000000003
8.738935999999999
-19.9313954
2.141102099999998
19.359055400000003
19.600303600000004
3.034189799999999
-19.205874100000003
-18.3722007
-4.3027757
12.720042699999999
-16.8774683
17.6505123
-1.9365106999999988
-7.9580717000000005
-1.3203152
-3.9072865
2.5226814999999987
-1.9621640000000002
-11.546991
3.8000763999999982
-15.2924343
12.304095000000002
-5.961302599999999
5.4054196
-19.6818883
4.936422200000002
13.1068809
8.343371699999999
-7.018114499999999
2.8403069000000003
3.7466692000000013
8.574787
12.404306499999997
-0.9452543999999989
7.694682600000001
19.1129328
-5.127350300000001
-16.9000884
1.7382740000000012
17.6522285
3.811090800000002
-11.252112
0.7830150000000003
14.657268100000001
13.127946499999998
12.4161395
-0.013843699999999898
-14.741371199999998
-13.4586881
16.3022954
-7.3803512
-10.396651799999999
11.123894599999998
-14.1130139
-16.8865792
4.891382899999999
14.990650999999998
3.477691799999998
2.383224500000001
4.9674575
-2.0714501999999992
-16.1905189
8.227297199999999
-4.2135726
11.827746600000001
-6.239866999999999
12.3059895
17.1784552
-2.2353745000000003
-14.0594515
-7.546982000000001
2.3902219000000016
3.369973
-19.6453087
-15.4971479
-19.311654
-3.4595837000000005
2.753968500000001
2.9697078999999986
-14.9231398
11.6395527
-13.070935100000002
13.000644000000001
6.7203892
-12.609876199999999
-2.3730862000000004
-6.370834299999999
-4.3833184
-12.5240168
-2.8738402999999995
-7.4137228
-9.1267595
-15.6156571
1.1370854000000008
-19.8023076
0.8859682999999996
-18.6283144
14.597392799999998
8.729173300000003
8.6804259
10.7971848
12.8568903
-17.6016585
9.2197818
3.3914863000000013
-14.263227900000002
-9.067113999999998
19.9905353
-6.979300499999999
10.706357699999998
-14.9841885
4.8414858
6.178752500000001
13.665866099999999
-17.1508322
16.958047
-10.4297188
-19.4750115
8.355842899999997
-12.4276072
6.644627000000001
-16.2389906
11.8526642
-5.2224494
15.744184300000002
-18.2611739
-4.988869199999999
-12.089289599999999
-15.825157899999999
-12.6068885
-1.3742120999999998
15.7018835
-3.1125919
13.026003300000003
12.039140200000002
0.39532300000000076
2.565969100000002
1.4917380999999978
-9.2383142
15.02431
7.438685099999998
-6.978721700000001
-9.713281199999999
-4.4899279000000005
3.6130101000000012
-17.1311233
4.270689400000001
19.328741100000002
11.839701
0.2830709999999999
5.088116799999998
-7.003583000000001
-11.680248999999998
-3.0224884
-15.9893544
-15.2355625
-0.4091561999999999
16.9146429
17.393932500000002
-6.302455399999999
-0.12663970000000063
2.477285400000001
10.6339952
12.847466100000002
13.210422
14.555845800000002
-14.025011300000001
-4.145453
5.1410737000000015
-0.08203800000000001
-17.9130132
-19.3259294
5.1832631
-8.100283
-1.1731619
8.471993000000003
8.0624647
0.4578347000000008
3.962017300000002
15.115790699999998
10.366303600000002
14.283708
5.777158199999999
-3.8446848
-2.7988654999999993
-13.0179929
-6.9496946
-8.0604442
16.8309464
19.3651677
-14.6192027
19.5145286
-3.1308789000000004
12.0460401
-17.034574199999998
-1.7386923
11.798754600000002
0.6669783999999982
-17.2857549
18.8926109
-4.2387326000000005
12.499623499999998
-19.0904861
7.5214678999999975
12.5818228
10.140935500000001
9.0998684
-7.847271800000001
9.648164900000001
10.3030599
-9.529523
-3.2679082999999993
-2.366269299999999
1.8826805000000013
-6.849317200000001
-19.538653
5.1915897
-10.733741599999998
11.981401
14.7680876
15.9078273
9.829135299999997
-11.5753499
-6.645592799999999
-2.627651599999999
-6.862686100000001
6.5367650999999976
-2.6745334
8.3420424
11.9184638
-4.214695999999999
6.165325200000002
-12.8275207
-19.8400325
-1.8770046999999999
19.791031200000003
-6.572341799999999
16.671282599999998
-18.8275927
7.914838599999999
-5.125183099999999
9.9016106
-6.5407707
7.711324899999999
10.370180900000001
19.6681156
-7.860395499999999
-16.7327695
-12.2817501
10.7327965
8.830192499999999
-8.623915199999999
15.251331599999999
15.730412500000002
6.7790958
-4.1606808
8.2254093
7.3672800999999986
-18.4116392
2.903971700000002
17.560305800000002
17.7085109
6.278077600000001
-11.936209100000001
-10.0217233
-6.831832199999999
-7.4716651
-10.6541239
-6.921950200000001
-11.840692100000002
-2.974677899999999
-11.0756873
-7.373792000000001
-4.2957098
-18.5233
-2.0124235999999995
1.1158532999999988
-16.6079549
5.144365400000002
17.1840063
-6.370018
10.306108800000002
13.5540899
2.998610600000002
-14.575944100000001
-16.449929400000002
-12.8457244
-2.9994622000000004
-3.7367922999999994
6.9368399
14.853739500000001
-17.3653512
-9.3124229
7.406573199999998
-15.917535
2.4181511
1.1269581999999991
-10.777228000000001
15.2549838
1.8674019
-11.435915
12.099794000000001
-8.1614636
-12.3867339
-12.152786999999998
-12.595829199999999
-2.526828599999999
-4.0609444
-5.317406399999999
17.8771491
-15.7382094
14.220063599999998
11.445950600000002
1.888421199999998
19.637066700000002
3.0254014999999983
2.987104300000001
19.607805400000004
-7.378263099999999
-0.35351180000000115
0.597177999999999
-4.2344021
-3.9093923999999993
12.2031972
15.283309899999999
9.113487100000002
-8.5591376
-6.343248000000001
9.8155078
-15.3661464
-15.1283538
16.386469
0.10373649999999998
-2.1544940999999995
8.452949400000001
15.4521974
-14.699883199999999
-15.1324495
-2.987285999999999
8.301382499999999
-7.208050000000001
19.3629686
-7.4365093
-9.8131151
-10.1050067
9.119867300000001
10.731142300000002
1.5126094000000012
-9.9337401
2.8321680000000016
-3.6515762999999994
13.867237500000002
-4.559351999999999
-13.342006699999999
6.4426737
6.447654699999998
18.9373383
15.1970727
-3.176187
8.390811699999999
8.366758500000001
11.071975000000002
-13.4567068
10.8144556
-5.974295999999999
12.361588499999998
-4.8522335
18.9835435
5.2600767
-19.641558
-17.7388781
-10.9453187
18.3103043
-18.8946629
17.504835
-19.0932943
2.0469687999999997
9.497169800000002
2.7047011999999997
-4.9871911
15.5018192
5.632055
-11.548612499999999
-7.611098300000001
-16.869910700000002
-8.6923166
4.183679499999998
-7.1899561
0.14342509999999947
14.203018699999998
10.835072300000002
19.703837
18.0398241
8.847452400000002
6.0536382
10.083899500000003
-9.4898864
-12.455916299999998
-11.2853368
8.8811461
14.0434226
-10.228587300000001
-6.125039999999999
9.970077900000001
-14.4093166
-17.7298891
2.6004538000000004
1.6139265999999999
6.342028700000001
19.4205725
-17.0106662
18.9325229
-3.4221848999999995
3.2329212000000007
-1.2266600999999993
-9.7231819
4.912762200000002
-15.9014464
0.8305911000000015
-15.416506400000001
-15.159314100000001
-6.337212300000001
-8.100104799999999
-4.3799314
16.3706727
3.1685644
-12.455604899999999
7.458290699999997
8.730690300000001
-9.9899967
-19.9994322
-2.2898664000000006
19.096373
13.541717499999999
5.320486900000001
-7.2074658
-15.6188029
7.063226199999999
11.055679100000003
14.275800800000003
15.873850200000001
-14.6625146
-1.259829299999999
-1.9783959000000004
-19.6284082
13.905005999999998
-15.059554
-15.1075338
-5.0566128
12.141555899999998
-9.9583615
-19.8818904
7.2381448
-16.398922
19.777284899999998
4.948347100000001
-9.415792799999998
10.891658099999999
-10.2201443
8.3657717
17.292266800000004
11.563867599999998
-8.2280179
-15.0543839
16.7902154
-10.2140898
-9.285527400000001
1.5169599000000016
9.959744300000002
-16.2643759
-6.0309192000000005
-0.16872170000000097
-0.1810760000000005
4.8932015
-18.858703900000002
-11.003541300000002
-0.1339966000000004
-4.106204499999999
17.0618078
13.924203699999998
-13.4628442
4.834919100000002
5.409870099999998
1.034789999999998
0.5511317999999983
17.341687999999998
13.884630000000001
-17.8913397
9.580363000000002
2.590487699999999
19.8284523
-4.534256299999999
2.8214093000000005
13.4702697
-8.8712106
-13.009238
-7.7820613000000005
-19.5038996
-18.8887432
10.146442200000001
-18.8197515
15.149135900000001
-1.3210005
17.965386600000002
4.455211300000001
1.8851742000000014
-2.544680000000001
2.681883899999998
3.1524125000000005
8.479497799999999
16.962926000000003
-3.4392417
-11.1898128
8.883060599999999
-14.9534138
19.282097699999998
10.1585513
14.697352200000001
18.7468425
9.77813
-4.1140985
18.266211199999997
-3.724251099999999
-12.815185099999999
1.8892124000000012
12.5103386
11.349450099999999
-11.292510700000001
17.4998254
17.8869684
17.5368728
3.887831799999999
-17.2629762
-18.119013600000002
14.0684211
17.587274400000002
-10.0383538
-15.5932883
3.213270499999999
-1.2059086
16.2072129
16.0885143
-14.7130197
12.476560399999999
2.756406400000001
6.701756500000001
-11.726886
-16.540931399999998
11.812941999999998
-5.0157582000000005
17.4945303
13.779067599999998
-12.8652153
18.0366089
9.8544
-19.7599944
2.650200399999999
-7.771190899999999
-9.049999999888314e-05
-1.0802621999999997
2.0873880000000007
-12.3768381
0.7623770000000013
-14.4912295
-9.6248073
-14.738960499999997
-1.002230199999999
-8.5330368
-4.1197399
-18.7563982
-9.198653400000001
9.527219799999997
-13.666386
1.418482899999999
6.451500799999999
11.022377299999999
-16.5515637
-2.3630206999999994
4.5994607
-2.923465000000001
12.367534599999999
-1.2649449000000004
19.828081299999997
10.3852671
16.1906207
-6.844093399999999
14.9757015
9.765032500000002
15.809326700000002
1.5963788999999997
8.242352700000001
-12.0616798
-5.460589500000001
12.452338800000001
18.4804218
-11.881503
18.2438962
-12.1817911
12.623134300000002
11.993829799999999
17.680991399999996
-12.297604900000001
8.019436
-18.1651001
11.886894000000002
16.0407591
16.2365716
12.5218903
-19.410995
19.5587017
7.761294899999998
-10.1970382
9.472080700000001
1.0726638999999978
-2.8507310000000006
-1.5775441999999997
-4.1847609000000014
3.2963203000000023
7.0165410999999995
-3.8917147
-18.3704425
-1.0748287000000005
-6.547011399999999
13.776136499999998
11.348466199999997
4.601639199999999
10.9355623
5.305848799999999
-5.142680299999999
-2.0486012000000007
13.389060500000001
15.421482999999998
-18.8139115
8.7710846
-15.850140699999999
3.006888399999998
-2.94847
10.5639763
-5.1296452
19.492929800000002
-17.5879453
-2.5167849
-3.315310199999999
-15.7293428
0.1040928000000008
-9.4793728
-14.274623000000002
19.289195199999998
-2.6344351000000006
10.4719249
-5.1423575
13.9055733
-14.5400194
12.347889
19.3420837
-6.1811618
-13.348233300000002
-0.2259759000000008
8.0194389
-6.687851
-10.453332
13.0060678
-18.9428725
15.4211524
-9.538166100000002
-5.7453028999999995
-6.2986808
-17.685447200000002
6.037696799999999
13.3315679
6.843318800000002
-16.221273
-0.9203404999999998
11.851166199999998
-0.8800548000000004
-13.9533575
0.5847809000000006
0.6905060999999978
12.846891999999999
6.0292994
-13.7296279
1.3284675000000015
0.5122447000000011
10.2242915
-14.330717100000001
0.8675916999999981
-0.9204691000000003
-14.260507299999999
10.2371933
-16.8561986
1.6685008000000017
-2.8801178000000003
-0.7144696999999997
-12.645817200000002
-11.6197831
11.1708642
16.273384
15.9108603
-0.31789870000000064
-10.464564500000002
-6.143202000000001
-12.9529844
-15.4016107
16.220062
9.8156732
17.313319099999998
5.839364099999998
-18.5230416
1.6701963999999998
10.476275399999999
-17.0787604
-0.35470039999999925
2.3112984000000005
-15.813066599999999
-6.9326839
-16.041275900000002
1.090605999999998
-18.0220938
-14.899612200000002
-3.006833999999999
1.157801599999998
6.0767473999999995
-18.2749787
-19.8639216
-17.8081155
19.1748562
-19.867009
9.643741599999998
15.393961
4.752459399999998
12.4659247
7.567199799999998
-10.1725976
7.007817599999998
1.0660582999999997
-18.2194786
10.155791399999998
18.641097799999997
-13.273828100000001
13.752296500000002
-8.373609100000001
18.4247521
8.029543499999999
-1.8465993000000003
13.460898699999998
4.429493200000001
15.823854599999999
-18.8883507
14.337444099999997
18.5540663
-9.4187216
-6.8257418
-18.896537900000002
19.3641748
-3.598842299999999
-9.6933695
-10.962811299999998
-9.811311
-12.5896634
-5.739200100000001
-13.835873999999999
-10.0166814
-9.171102699999999
2.7990207999999983
-5.347552599999999
11.0543714
-9.5311263
7.350597699999998
-18.628783000000002
2.3641296999999986
9.502576399999999
-11.2433043
16.3587467
3.9439284
5.8980404
6.1670145000000005
15.994745400000001
8.527445400000001
2.333582700000002
18.395052099999997
7.1525327999999995
3.0034225000000014
-19.091064
8.673693600000002
-0.27402880000000096
-1.1834589000000006
-14.8619578
10.179601200000002
2.2260307999999984
1.6229867000000013
-3.5391543999999997
10.768472200000001
-4.659092800000001
9.869133499999998
-19.1833322
-19.8556101
1.7330357000000003
9.7832886
14.3721495
-8.8136259
12.749553700000002
7.907401
8.2156698
-15.0021428
11.5502889
-13.1614353
-17.5149625
10.755550899999998
-15.9991877
18.0735114
5.633872099999999
18.5760421
-7.0792964000000005
-4.157328199999999
13.731411899999998
19.8677115
13.835379499999998
4.480853900000002
-7.0868174999999995
7.650892399999998
17.0308474
10.530568899999999
-18.2732185
16.123523100000003
5.868508099999999
4.041925799999999
19.419923800000003
15.121684799999999
3.1678992000000017
8.134319399999999
7.190239700000002
16.524326900000002
-10.4491914
11.5792013
10.453170100000001
6.340179199999998
15.1431576
-7.121906100000001
-6.390991200000001
-7.350627899999999
-1.4774354999999992
-15.9772692
-16.548626
9.096759200000001
-17.3980934
-8.3492332
-13.097797
-14.966475299999999
5.8283302
-10.522542600000001
11.6055771
-6.718361
19.9388252
5.421822299999999
2.6880150000000005
0.2958531999999991
-0.381391900000001
10.744639600000001
-5.7780545000000005
-11.434596
0.5056509999999981
-8.5563846
-7.667752
3.2242963999999983
9.110423099999998
1.720270300000002
12.392212399999998
14.1749946
-8.880369700000001
-13.1571349
-16.2800649
18.9063973
-14.0542989
17.912627999999998
-16.0025524
-12.4065855
16.9622409
1.4639168000000018
-2.799914000000001
3.383198299999999
-8.345409400000001
-16.4189276
7.5579194
5.661507200000001
10.773922800000001
-17.4306689
-13.5708197
14.3105778
2.9360447000000023
-1.504805799999999
-3.7274169000000006
-4.432628500000001
-19.990931
6.940004699999999
7.087190799999998
6.669552600000002
-0.09745719999999893
3.3044435999999995
18.6012653
18.121482299999997
9.524590400000001
5.336568000000002
17.2714509
15.1171599
1.234380299999998
12.959073899999998
-14.572651
-12.6492754
12.8980458
-12.8530883
5.674046499999999
16.7229076
10.766615299999998
14.578343799999997
-19.9966957
9.475568800000001
-13.317199599999999
-10.8677242
14.280926399999998
-4.4313437
0.7977936
-0.6764697999999999
-5.7000234
13.6596124
18.065448
14.273040900000002
-16.6796162
5.3390369999999985
-10.1925224
15.583587499999998
11.154151200000001
-4.116953699999999
-1.925933399999999
-5.898148699999999
19.475077000000002
-17.0853293
-3.3618146
18.8080922
9.250157599999998
15.0925551
15.3836532
-1.099589699999999
2.4159337000000005
13.9332974
-12.863431700000001
-18.9535946
-17.1568205
-6.658373099999999
6.546649000000002
15.2469884
6.8953258
5.549266400000001
8.252500799999998
-4.893063
6.428273300000001
0.3980320000000006
6.486655999999998
-16.934900600000002
0.4335084000000006
13.623816700000003
7.8141217
-13.4585853
-10.7899846
-4.083421800000001
-2.0693207000000005
-7.581379199999999
-11.0874292
-18.386157100000002
7.3274244
5.993940800000001
8.524376699999998
14.1005803
9.576446999999998
-7.431333500000001
-10.798017199999999
-7.9052198
-1.7967282999999998
-6.8847396000000005
1.0112305000000015
8.619939899999999
-16.2045842
12.102177700000002
-7.385395599999999
3.836329700000001
-12.263470499999999
4.669560299999998
-13.1065762
13.583739799999998
-9.8654866
-9.2741801
12.2924175
9.547196300000001
-0.05237740000000031
-3.020037299999999
-9.6890973
-0.28611630000000104
17.229072700000003
5.1713393
-11.6095668
-16.0081973
-5.463100199999999
6.661038199999998
3.2384722000000012
12.0036933
4.479477000000002
-5.6223397
-3.2828843000000005
-12.158827099999998
-19.0786099
-6.575397000000001
17.3995642
-10.8970291
-1.6814588000000004
-12.4880908
10.360783000000001
-12.457341900000001
-18.0079944
-8.8760158
13.983847
17.394878600000002
15.627916300000003
16.037737900000003
13.6909861
-0.5063250999999991
-17.6419135
-13.9837657
-0.4344193999999993
11.289889400000002
13.5015371
-3.461771100000001
9.160448200000001
-19.4818839
19.637610300000002
-12.811246099999998
8.1916838
13.200484000000001
-3.464869799999999
-1.1684260999999991
13.2125736
15.1287747
19.175204899999997
-6.1464284
8.9860561
3.6232859999999985
-11.1685992
4.301041300000001
11.264786399999998
0.6232882000000017
-14.734184800000001
12.3741214
15.956386200000003
-11.1017594
5.9080184000000004
-6.740668700000001
-14.6268354
10.5258628
-14.0992503
4.462067499999998
-9.729492
5.807102399999999
0.541516099999999
-5.0761457
-7.079617000000001
18.6771648
-9.7029823
-2.021490799999999
-1.9790912000000003
-16.497622
-6.8410646999999996
-1.6742705999999998
-19.8245896
9.763991099999998
13.1852052
1.837752700000001
18.8655118
9.856156
-4.8455071
-1.4474342999999998
3.1636850999999977
11.1247005
-15.9754556
8.5352904
13.5121434
-9.624576
6.839650299999999
18.7024526
-15.690963400000001
4.835739800000002
5.797057
19.9110156
-6.886264799999999
-1.3956916999999998
7.315595699999999
-15.2611572
-17.327773099999998
0.3019751999999994
-11.106589800000002
-7.0488652
-5.3239336
-14.3960757
2.8757974000000015
-17.2381781
-1.6774245999999993
9.637301200000001
-4.783582200000001
-15.597363
-6.6872037
1.157455399999999
-10.717158300000001
-15.279656899999999
1.131921400000001
16.0133073
-2.589595200000001
-17.6954992
4.6292957999999995
-14.0970968
-19.432318
7.935652599999998
-15.755546500000001
-5.412438
2.126934299999998
5.8909484999999995
16.3290425
-13.658553900000001
-18.19739
-10.6768316
1.5555639999999995
13.216805100000002
-14.3672171
-9.8106048
10.629252000000001
2.777254600000001
0.7908183999999983
-3.4221371
5.662868100000001
14.1721683
15.1098335
-19.6009665
12.319615800000001
11.638685700000002
7.7207067999999985
13.404433899999999
-18.1059883
15.4851915
-10.4427037
2.9214930000000003
7.307955400000001
-10.3152701
3.7101396999999996
14.909065500000002
11.3051611
4.976792599999999
-3.0035339
4.3048504
13.765511700000001
10.8640368
6.0174845
1.9977059999999982
-8.2696515
12.4413521
6.8363688
-6.9474848
10.6461908
12.044855699999998
-4.4636146000000005
16.3397975
4.824122999999999
-15.262440999999999
-7.2918424
-18.822084
-16.7756378
3.9942911000000003
-17.1888377
18.169929200000002
19.595949599999997
-9.564967999999999
-11.312223699999999
12.823541
-18.875848
6.0181711
-5.611462200000001
-1.8547261000000004
1.063118800000002
11.681700999999999
11.9530003
9.3348761
-7.250519400000001
-8.4586903
8.8037012
18.284985499999998
-2.1760962999999993
15.043017799999998
-9.6699589
13.538887800000003
12.9390562
-18.8878904
-8.0016021
15.749377800000001
-10.2973437
16.8836944
12.837936
-4.066530299999999
-18.2539291
1.1011841000000004
-14.125917100000002
-7.802344000000001
-19.4433307
3.9379655000000002
18.5528417
13.135203700000002
-4.8330594
-1.547494200000001
-1.130216499999999
6.932574399999998
3.7104437999999984
-4.5938327
0.7359065000000009
-2.8824070000000006
-10.808616200000001
-14.2970593
8.115333900000001
11.617544200000003
18.945497500000002
1.9323334000000023
-8.169298300000001
-3.6679909
-18.3678471
-9.3001485
10.836553399999998
-13.8175181
-16.3501915
-14.759753500000002
-3.3957854
-5.5496668
-7.073592699999999
-9.9407702
15.0631481
18.701140799999997
-16.9566733
2.333032400000002
-16.5201917
-13.3312931
6.3716417000000005
-9.8271192
9.890738599999999
16.0218552
-8.7581123
-2.973714500000001
-9.4017077
-9.0993884
5.8607744
-12.3602097
-9.227515
7.147554199999999
7.791401500000002
12.576368900000002
-5.7571688
12.688653500000001
4.393179799999998
-6.6715758
-18.184624200000002
-17.5967254
6.113150300000002
-17.114607499999998
10.424695299999998
-10.3176522
-15.570727
-17.070226400000003
7.666021099999998
-7.0108392
-4.826877999999999
-13.0786846
16.373778299999998
-9.279866300000002
-3.3654233999999996
-9.267478200000001
-13.833155000000001
1.5442905999999994
10.5967474
-4.975047400000001
8.7462317
4.2260862
8.7584247
-6.0035104
2.053306600000001
-8.9902847
-5.788063299999999
1.4384578999999986
-6.12962
0.7132785999999988
10.257171400000002
6.605181499999999
0.11483519999999998
3.8568816000000017
-13.702154599999998
-14.8798092
19.3183144
12.965190999999999
-7.7980719999999994
19.514567900000003
10.4360937
18.9309066
-11.7963277
12.295214500000002
-12.9095791
-19.4593977
-6.2508197999999995
-2.1074867999999993
5.136139699999998
8.717001300000002
-8.0716777
14.482257399999998
-6.9562365
9.632665099999999
18.3343163
18.316144100000002
-7.6292012
-9.820594
16.898666
-5.752676100000001
-12.0446537
17.745830299999998
-0.03583879999999908
-4.0804469999999995
19.5177481
6.8953748
19.8932022
19.926442299999998
12.251940599999998
3.5911691999999995
-16.4680654
17.1711592
-6.990869700000001
3.989761600000002
10.9655445
-14.813358800000001
10.832206500000002
12.8322779
-10.9095171
15.221603
-3.7713446999999998
17.3697282
-15.5127723
10.6455753
17.2835098
-12.929986199999998
12.995459599999998
16.126826700000002
10.852838299999998
9.730149
-3.3248241000000007
-6.817167199999999
6.572585100000001
5.1976391999999985
-17.488551299999997
-5.393224600000001
19.791398100000002
14.9969742
12.6152567
-9.9197247
-19.5740662
4.370985300000002
10.655279300000002
-2.4962264000000003
2.3604613000000016
-19.7279592
-19.5223624
-14.978178
-6.3404378999999995
-18.4341756
6.787741500000002
10.472662999999997
10.0242782
-17.8167118
-13.0636213
-3.1336528999999995
6.7567797999999994
-3.115713800000001
7.2815663
18.058831599999998
-10.340544999999999
-0.5826082999999994
15.2844407
-17.761556900000002
6.216429499999999
-13.738571799999999
-19.0127701
-0.8954548
15.6621567
12.9506477
-11.502763999999999
-15.004412299999998
-12.175416300000002
3.0059020000000007
19.709298
-10.6487309
15.827283099999999
17.1308478
9.727775700000002
-5.870330899999999
-17.9528733
-10.6720237
14.558196200000003
-7.9723112999999985
4.305944100000001
-18.554617800000003
-18.1320919
7.3294115999999985
-12.670631899999998
-9.672398000000001
12.4809627
19.042659399999998
-5.395068799999999
2.570810000000001
-0.6122106000000008
-8.0827826
-12.8928645
19.6540609
17.7019671
18.008329
15.706056100000001
11.641776700000001
2.6502878999999986
4.477932799999999
-13.327785899999999
6.456934799999999
6.362449099999999
18.048901500000003
-17.1248583
2.4781565
-16.801382
1.5068641999999999
2.7148722
-3.7772548000000006
-1.1606647999999995
-13.7604862
-12.263197599999998
-3.6997775
-14.953923600000001
8.867780200000002
6.176459399999999
11.884691200000002
11.358488600000001
-2.8272101999999997
17.924989999999998
2.6432069
18.864272200000002
18.4237306
16.4964974
0.5480389000000013
0.5732524000000012
-6.202146700000001
-3.575874100000001
-8.3838203
-2.5567883000000005
-11.5204567
16.598195399999998
6.764216999999999
-1.0383968000000003
-6.055535500000001
10.297374399999999
8.421616199999999
19.5411701
19.3254261
12.6130346
5.143535000000002
-8.777681600000001
-11.1929801
3.1480828999999995
-11.950560399999999
-13.313437100000002
-6.9644443
2.0665311999999996
-5.341352799999999
18.6822413
13.949751500000001
15.8185583
-8.1559145
-11.5063827
0.11387909999999919
13.675067100000001
8.294409300000002
-0.9349762000000009
-19.8479177
-18.333760299999998
3.7956165999999985
-15.2238354
18.3813465
8.7754671
-14.707961399999999
-7.258106700000001
14.2473171
5.2139993
18.360125200000002
-8.1802298
-5.6025065
-0.6620949999999993
-13.2671848
-16.402174
13.0800675
12.679660199999999
11.283675199999998
-15.1838977
15.238704499999999
-12.0113159
3.9526679999999987
18.5443835
-11.044732699999999
0.6841573000000016
15.052498799999999
3.4045235000000003
-1.5655268999999998
-14.8468898
-4.817837
16.990329499999998
8.264095200000002
-16.094818
5.848662800000002
-11.239913900000001
-2.4815543000000004
-15.0002479
4.8126571999999985
-11.3033777
6.703337000000001
-5.1700577999999995
-17.7273452
17.9952347
-15.2385302
11.060002899999999
0.5136158999999998
2.442629000000002
12.7086769
-7.020245500000001
9.332105499999997
-2.8423816000000013
17.120917
-5.755256300000001
-11.8558851
2.6607447000000004
0.012070000000001073
-17.8792683
-10.5639738
13.052121000000001
18.129677299999997
11.509178000000002
17.9940727
-19.1245845
-14.6892092
3.5876040999999987
-12.2497119
8.830343699999998
-12.969406199999998
6.245287199999998
-2.0162588000000006
-18.4032209
14.3061904
-13.114881700000002
16.500192000000002
10.127456000000002
18.470962800000002
19.767144
-0.3038025999999991
-4.0697675
12.9904419
11.8629286
-8.6758155
14.380768200000002
16.735969100000002
0.8239192000000003
-6.211070199999999
18.56042
17.05282
-15.5885699
-18.1437591
11.1658288
-15.4157178
5.095022100000001
19.2650244
3.9524782000000003
4.6591939
-16.967583
-13.7567291
-9.6995905
1.0462879999999997
-2.0781032000000006
-2.0478143999999996
-13.5713463
-1.5212305999999989
-2.007109700000001
-15.8600648
-18.0451955
13.4866512
-19.8008639
-18.8014357
-1.6093644999999992
9.7357546
-11.1041119
13.098456700000002
-19.971284700000002
0.462210399999999
-4.217457
12.949274999999998
-3.4451197000000002
-2.1388796
-1.920926199999999
-7.822709
-9.9910608
2.4072483999999985
8.5574969
6.794093499999999
6.976831900000002
-18.6356675
3.7868931999999997
-2.905972899999999
-17.6646671
-15.4751179
19.6567848
7.324327699999999
-11.24788
11.024832799999999
7.27594
-18.8350756
6.522050599999997
16.1891619
-10.9363372
13.645580599999999
-11.838769499999998
-8.3883661
1.2399519999999984
-15.157865200000002
9.014174800000001
-0.9444602000000009
-6.911082100000001
0.5183280000000013
-6.3963796
17.1943365
-7.1730621999999995
17.2403897
-15.1722152
0.8808690999999998
-2.5861533000000008
6.572892299999999
19.459283
16.827193299999998
18.8317123
-11.5991293
-3.8795506
-19.0385855
15.891797099999998
16.7213958
19.643531600000003
-1.9523943000000008
-11.971290100000001
-3.994715799999999
8.331420199999998
-2.727477200000001
7.716780899999999
5.4852277
0.7381939999999986
-6.646357
17.3603559
11.5368815
-1.205305699999999
-19.1828136
-12.051172999999999
17.5660397
0.6739186999999993
-3.5713625
-14.791091799999998
8.833859900000002
17.305380500000002
-13.6200302
-9.555342399999999
11.2939345
-8.5075174
0.06920100000000047
-11.282299600000002
7.699408800000001
-16.331968
-1.295710899999999
-18.2749411
-13.1120712
-12.3261867
16.639340999999998
-8.5888598
-7.8135647
10.885369099999998
8.962850699999999
-12.6757204
3.5483928999999987
6.044155700000001
-2.9548839
-0.5124451999999997
-3.3440369000000008
-4.352818
8.368025899999997
-2.2049926000000006
13.3351793
12.462912900000001
-11.921213
-14.217586099999998
-3.0862614000000006
-5.3260844999999994
4.3318435
-6.392507
-13.5239712
1.8160284000000002
-0.054699000000000525
-4.6568499
5.125281599999998
-8.5630305
-12.0800112
18.1698395
2.3416609000000017
1.2053069000000005
5.753967299999999
3.9506313
16.1264438
-5.82935
-12.6922919
-14.3298722
-17.0882952
5.592496500000002
10.141442000000001
-11.088141
-0.45538279999999987
-2.3136482000000003
-7.2742166
14.5666314
12.414915599999999
-8.980404799999999
9.778329
16.0158283
-14.5479308
15.8624487
12.198492299999998
-13.240999500000001
-8.6771516
12.073015300000002
-16.8313139
19.7075893
-16.7077761
-5.191221800000001
-3.1070713
-1.8583059000000004
-14.1117437
-14.6346351
14.1943777
10.689313000000002
-2.735470700000001
-15.6874809
17.6486046
17.3511789
-4.809359300000001
-19.2718041
3.2670118
2.2463022
8.397766999999998
-10.1869054
-12.404531500000001
-5.7896319
5.7819993000000025
-14.597252300000001
13.4666795
-1.391117099999999
-4.702053699999999
-1.2751242999999999
-4.498340599999999
12.8938234
10.649032900000002
10.5445197
14.609365400000002
14.7962423
19.595297300000002
9.573814699999998
-17.1495088
12.656515399999998
9.560160900000001
3.7163967
4.194207999999999
-9.6327654
19.5278469
0.6409628999999996
-17.9239873
-2.463964699999999
-1.8821307000000003
3.586829499999999
-3.755375899999999
-19.6095857
1.6955263000000014
-13.431908499999999
8.586918700000002
-9.1924219
-15.1352385
9.8934424
-14.3683269
-7.293144
8.348753700000001
11.4248711
-0.28203140000000076
-14.0472713
4.008906999999999
11.7801406
13.572306800000002
2.2950529000000004
-3.682843600000001
3.0593465000000015
-19.9316291
14.237428599999998
-5.4465582999999995
-19.2217223
9.8460808
19.3658267
3.0787163999999985
-8.0103738
-12.2980301
10.353195900000001
-19.188027899999998
-8.192013600000001
-17.481773699999998
19.2650619
-14.291379999999998
15.954559800000002
-12.652921999999998
4.542402400000001
-3.1971352
5.709776099999999
-7.9206134
-17.4178533
13.097765500000001
17.8643967
0.0018102999999996428
4.9968829
11.189820500000002
19.060714899999997
5.356193899999998
11.684792499999999
-16.9325835
6.740597800000001
-12.150364100000001
9.1554178
14.637439399999998
-12.974263700000002
-18.2635927
17.880199400000002
-2.144271699999999
-1.7522288000000004
3.1615821000000004
-19.5271424
-1.7057574999999998
15.8641784
5.5454374999999985
0.8936499999999978
-9.570425
15.271646
-16.0762324
-5.8967481
14.315163899999998
-5.254265499999999
3.223902400000002
5.238971900000001
1.384702000000002
10.532572199999999
0.7072503000000006
6.359068200000001
-11.638198
-6.268091999999999
-19.6346377
-15.1347298
-3.8154348000000002
-2.9600008000000004
14.5883101
-0.2207111000000009
-19.9659634
-1.4762246000000006
0.39536020000000005
-9.337327700000001
8.7990026
3.1730474
6.029630999999999
19.7914009
3.6138709000000016
-7.074455800000001
3.746789100000001
-0.9597330000000011
-1.8370435999999994
-7.745668499999999
7.4507375
18.600857299999998
-12.6500836
8.951703400000001
-13.3120758
4.5154473999999984
-5.302706499999999
-14.0993397
-1.800810100000001
19.5017329
-15.0736384
-17.7563236
-17.9161329
12.225637900000002
-16.3188482
-15.5317211
-8.6577791
-4.334589900000001
-18.4279464
19.598541
2.137251900000001
-18.2327399
-1.3459384999999997
14.459068400000001
-18.2678315
19.301596599999996
-9.7614822
-13.2298429
-3.5356608000000005
-18.1175654
13.4577526
-2.345735199999999
19.4970777
14.690748400000002
6.504303100000002
-8.471675600000001
-8.9228998
12.305088500000002
2.7143462
-6.426300799999999
-2.1551295000000006
-12.5963291
8.0813591
-14.279096100000002
2.3866976999999996
18.9395633
-2.844200699999999
18.4695366
7.887878099999998
-10.779094
-14.6706077
-0.5289373
-10.965766100000002
-15.3176956
-7.840644299999999
-14.7926428
8.485812299999997
18.236128899999997
7.4559152
-19.9470585
4.372908900000002
19.010744199999998
12.363135900000001
13.754005999999999
-17.5670325
5.391907900000001
-10.9961719
-0.5271436999999992
5.1827581999999985
-0.5277572000000009
6.8811526
6.2249324999999995
17.1185227
17.7338789
-16.5817251
-9.0292427
-19.6377293
-19.1604702
-6.4319109
14.556762399999998
7.165445100000002
-3.0554212000000005
7.549051599999998
6.8436744
0.7956467999999995
-10.170314
13.927868600000002
6.7105748
-3.5352110999999993
7.461084999999998
17.504283700000002
-9.157533800000001
11.441188299999999
1.8856725999999981
8.578468899999997
11.341688600000003
-7.2970624
3.105055699999998
-8.524361599999999
-4.0798541
14.271512200000002
4.152320199999999
2.733728900000001
-11.318389499999999
9.9448439
-18.543847200000002
19.3668372
11.0706547
-16.261618000000002
2.6883375999999997
-16.6450304
-1.363718100000001
-17.2112091
14.7297005
-16.6272106
-14.434168
-2.0615228
8.014974299999999
15.1561882
-1.218600899999999
14.760405099999998
-3.4257709
-13.196597900000002
18.5746033
-7.1599371
-7.041926599999999
-4.933990699999999
1.5086920000000008
-15.755576699999999
1.0323981000000004
-10.545010200000002
11.317880799999998
13.384622199999999
-4.9857917
0.7136452999999983
17.6008477
-18.4720329
-19.362779
-3.082198800000001
-15.2254225
-12.3981455
-14.156755699999998
-4.815951800000001
-18.196353
-17.0293841
10.4751692
-19.7432526
12.406778100000002
-3.6412102000000006
7.926097799999997
16.3981828
16.3084256
0.4483775999999989
7.925167000000001
16.0772467
3.7556680000000005
-11.6398096
-5.688246400000001
-5.322927199999999
11.7770979
14.900871000000002
1.3367684999999982
-14.887343799999998
-15.0185025
-3.715557899999999
-15.1027017
6.230127200000002
14.9894767
-3.7526755000000005
19.2011484
-6.758190999999999
-2.0343901000000004
-7.721586400000001
7.1428353000000016
17.4134938
16.7874338
7.9813958000000005
12.181057099999999
-8.1450563
5.3226017
18.575149099999997
15.815046699999998
-16.667230500000002
-9.925573
5.0782254999999985
-19.653006
11.4396542
-11.9820432
8.551475
6.8905981999999995
-3.1616451000000008
-13.3913434
-8.8828111
11.4885397
-16.2704722
-9.2228839
-7.1543914
-8.9951459
-1.5643478000000004
11.3706642
-12.119392600000001
6.388848699999999
7.810698200000002
2.823096300000002
10.780728600000002
15.4902671
10.9343682
-6.813486800000001
-6.4507413
-6.032060100000001
-7.922483
6.1617918000000005
16.7280655
-13.8511533
-6.654454599999999
15.392734500000001
8.811608000000001
8.707462099999997
-12.7823438
-5.910583300000001
9.5821949
-13.0955728
8.081696200000001
-14.5450951
-4.613077100000001
-18.5039138
18.1710304
-13.492023
-7.288693900000001
17.0736258
8.164283900000001
-9.3804023
-16.8564929
-16.5162089
-11.9587709
-7.997129500000001
4.992453999999998
6.1527821
-0.037389599999999065
-17.0882499
9.058792199999997
-11.743577599999998
-4.4752063
-5.425376799999999
16.8707125
-2.926751999999999
-16.1828004
-8.0778163
7.145400300000001
-19.3073036
-8.5456123
0.6799215999999979
-12.1786185
-5.8615876
-1.7874846000000002
-16.234389699999998
4.903266899999998
-8.011959
-1.4850885999999992
5.6011356999999995
-2.624731999999999
6.131025100000001
-10.8790112
-17.4045176
0.9661880000000019
3.222829099999999
19.3397567
11.8464333
0.05946830000000091
-18.638887099999998
-13.0009526
11.2568374
-17.2539865
5.7232008
-11.1047704
11.4584573
-9.456026
-0.11165760000000091
5.7366669
1.3763090999999985
1.0509909000000015
-11.0373
0.47586430000000063
-13.4641388
-5.870461000000001
8.672397799999999
-12.083940499999999
10.536754799999999
-10.1971176
-4.548277499999999
13.286735399999998
-12.4894904
11.346404200000002
-19.6273045
1.0933458000000018
19.0678258
-17.2112533
-11.214429399999998
11.8164885
12.317184600000001
-17.3276498
12.9926152
14.266057
-8.5580473
4.4542324
1.9401515999999992
-2.2121660999999992
-1.2701711
-7.987554
13.488642300000002
-0.1791626999999994
14.361377200000002
-19.1765745
-2.6510007999999994
-16.0157547
-7.423131699999999
-13.1818178
-0.8151298999999994
4.8145903
-4.0221713
-3.2689226000000007
0.15955920000000107
11.5533464
-14.4246909
2.727122199999999
8.125072799999998
13.598916800000001
17.430246
13.3435406
-15.659427599999999
-16.6548892
1.6927543000000014
-6.919974099999999
17.1344566
-2.633738599999999
-4.400476100000001
3.489882299999999
-9.128467599999999
-15.796386199999999
-18.7477627
17.940798
3.5628954999999998
13.580134600000001
6.343114799999999
-7.092156399999999
12.847377700000003
-6.296259099999999
7.032677800000001
15.2441734
12.086408499999997
-12.8416304
9.355098899999998
1.4674971000000006
-11.1653982
-4.2784959
-10.8122656
15.382358199999999
