0.74951
0.16941
-0.76157
-0.02948
-0.54929
0.37661
0.6374
0.46051
-0.20994
0.51221
-0.33343
-0.03684
-0.04738
0.53578
-0.36526
0.04547
-0.64817
-0.23277
-0.23067
-0.07866
-0.20588
-0.46776
0.69037
0.67409
-0.84919
0.30769
0.47324
-0.46657
0.07397
-0.23528
0.65408
0.33663
-0.61738
0.58587
-0.10843
-0.28109
0.27992
0.42952
-0.00999
-0.60183
-0.43059
-0.73071
0.73224
-0.47279
0.73778
-0.65091
-0.58353
0.2852
0.1597
-0.63623
-0.65955
-0.67721
0.70249
0.60467
0.46186
-0.6174
-0.12739
0.5789
0.81375
0.53125
0.34429
-0.01451
0.48059
0.11846
-0.24094
0.4176
0.75908
0.26873
-0.30472
-0.27628
0.83969
0.50303
-0.50374
0.65571
0.18657
-0.05938
-0.48896
0.36726
0.39121
0.51106
-0.33568
0.57747
-0.33013
-0.24753
0.04224
-0.87528
-0.3714
-0.08942
0.59666
0.37024
-0.25805
0.35249
0.00291
0.30158
0.27668
0.38064
0.10841
0.60129
-0.41754
0.20906
-0.22515
-0.38531
0.28854
0.58753
-0.15849
0.34853
0.35047
0.22499
-0.07632
-0.14885
0.21542
-0.69677
0.35256
-0.10886
0.77373
0.0488
0.48588
0.44349
0.71116
-0.72139
0.76993
0.06146
0.20661
-0.41209
0.14092
0.09229
-0.86405
-0.1724
-0.08518
0.72723
0.67794
0.40566
0.35145
0.50485
-0.31112
-0.48002
-0.06414
0.20332
-0.75871
0.7594
0.45803
-0.55984
0.06079
0.1401
-0.25749
-0.19988
0.04207
0.61998
-0.78049
-0.30513
-0.2148
0.32767
-0.62114
0.63117
-0.27837
-0.10639
-0.69685
-0.87426
-0.64973
-0.34779
-0.4335
-0.27701
-0.29823
0.29016
-0.07271
-0.49312
0.70203
0.9065
-0.33441
0.87571
0.73402
0.02426
0.38992
-0.49756
0.18887
0.09825
0.24089
0.74937
-0.5687
-0.36282
-0.58991
-0.49055
-0.37321
-0.56451
0.38098
0.50197
0.67391
0.3285
0.53759
-0.93317
-0.42155
0.04013
0.15034
0.29627
-0.43388
0.48622
-0.62175
0.35516
0.14792
-0.26729
-0.88432
0.26142
0.25677
-0.7051
0.34544
-0.58716
0.41352
-0.24123
-0.01432
0.36343
0.02856
-0.40795
-0.54543
-0.64973
-0.66308
-0.43977
0.24849
0.80775
0.80675
0.24527
-0.12418
0.23317
0.84304
0.92166
0.52241
0.4349
0.08793
-0.30595
0.8764
0.49281
0.38196
0.34338
-0.61746
0.24985
0.43034
0.88443
-0.34924
-0.29943
-0.15827
0.22153
-0.16981
0.70993
-0.03116
-0.47069
0.11733
0.20594
-0.47216
0.86787
-0.12863
0.79353
-0.90526
0.64691
-0.45169
-0.27558
-0.29948
0.69878
-0.37194
0.35291
0.27132
0.30259
0.63992
0.20282
-0.32449
-0.51269
-0.01607
-0.2667
0.55921
0.37531
-0.05013
0.86926
-0.2445
-0.04009
-0.06506
0.57948
0.27995
0.56478
-0.71154
0.47681
0.73523
-0.47148
-0.05289
0.85658
0.58053
0.10636
-0.5591
-0.24056
-0.66455
0.46157
0.61956
0.39293
0.04547
0.51562
-0.92665
0.71698
0.73433
0.28268
-0.04071
0.63815
-0.52411
0.51813
-0.68602
-0.0267
0.22801
0.04833
0.39035
0.83499
-0.6499
0.46531
-0.13187
-0.08873
0.65471
0.30635
0.10144
-0.40515
-0.48236
0.53198
-0.66219
-0.29153
-0.63786
-0.39331
0.49906
-0.01259
-0.39184
0.72797
0.08642
0.10308
-0.7572
-0.17811
-0.64062
-0.26733
0.24142
0.27945
0.32613
-0.56776
0.0604
-0.52912
0.95582
-0.00944
-0.33867
-0.78603
-0.27091
-0.6474
0.68289
0.16823
-0.23564
-0.08962
0.70109
0.40919
0.22907
-0.45454
0.03456
0.01148
0.17644
0.71603
0.25304
-0.47831
-0.69998
-0.14084
0.46403
-0.02482
-0.30131
-0.07867
-0.03453
0.57029
-0.95253
-0.05326
0.23941
-0.78303
-0.85149
0.0846
0.59939
-0.1499
-0.47084
0.70975
0.46645
-0.59921
0.06948
0.1635
0.28914
-0.2225
-0.62647
-0.1933
0.5076
0.02137
0.79481
0.04702
0.6541
-0.09044
0.52847
0.1178
-0.77
0.74692
0.11735
0.27357
0.687
0.36581
-0.36778
-0.05649
0.43894
0.068
0.35181
0.6636
0.52066
0.30847
-0.23399
-0.76145
-0.00435
0.6183
-0.56332
-0.92266
0.5878
0.08993
-0.5238
0.92602
-0.51229
-0.03342
-0.60189
-0.26033
0.4309
-0.49398
-0.66611
-0.06359
0.14488
-0.07131
-0.05558
-0.70443
0.06471
-0.17408
0.78681
-0.50974
0.23094
-0.92189
-0.7236
0.26842
0.54542
0.21136
-0.78418
0.25883
0.62515
-0.1403
0.04336
-0.00607
-0.76732
-0.5271
-0.26268
0.77366
0.0469
-0.81503
0.71483
-0.19728
0.25898
0.04538
0.17069
0.49302
-0.499
0.53556
-0.94098
0.49291
0.54871
-0.01416
0.757
0.59144
0.05675
0.06047
0.43674
0.04122
-0.47659
-0.49429
0.3413
0.10704
0.88573
-0.20522
-0.21027
0.3411
-0.26783
0.84412
-0.46254
0.05983
-0.2865
0.1746
0.58517
0.62531
0.0618
0.25714
-0.0527
0.80874
0.7042
0.80816
-0.19049
-0.46407
0.27009
-0.25891
0.10732
-0.80852
-0.57217
0.15556
-0.63508
-0.21645
-0.26902
0.32583
0.59847
0.36158
-0.08365
-0.07624
0.62198
0.90571
0.71975
0.04333
0.24243
-0.6288
-0.46393
-0.49179
0.06779
0.08898
0.06048
0.02363
-0.88741
0.04835
-0.72464
0.16356
-0.2308
0.4229
0.43728
-0.52327
0.04114
-0.67088
0.21399
0.78479
0.00972
0.10343
-0.8822
-0.43387
-0.40679
0.03158
-0.82871
-0.1481
-0.4817
-0.0626
0.05794
-0.01426
-0.00499
0.42475
0.72556
-0.19267
-0.35139
0.51768
0.11233
0.36531
0.10288
-0.16266
-0.61701
0.21502
0.50287
-0.72001
0.01736
0.42284
0.22193
-0.2725
0.61444
-0.6742
0.91349
-0.05598
0.40058
0.11469
0.36783
0.43126
-0.06603
0.2863
-0.14359
0.7434
-0.33025
0.19255
0.50382
-0.16886
0.89663
0.49355
-0.47486
-0.45604
-0.12319
-0.16207
-0.52499
-0.1081
0.04959
-0.03628
0.28625
-0.01109
0.07757
-0.71045
-0.81182
-0.28161
-0.194
0.52294
0.02989
-0.83755
0.04365
-0.16433
0.1849
-0.2463
-0.74281
-0.24906
0.11931
-0.13139
-0.79127
0.32146
-0.40907
-0.24257
-0.11814
-0.37638
0.10375
0.02759
-0.27181
0.31437
-0.52826
0.75323
0.87436
-0.20527
0.65315
-0.50334
0.3795
-0.55894
-0.54386
-0.40737
-0.09365
0.77182
0.23596
0.08592
-0.29984
0.37931
0.42748
-0.39997
0.32879
0.13182
0.12332
-0.44953
0.59344
0.37269
-0.32926
-0.04254
0.06318
0.24472
0.13801
-0.63949
-0.28938
-0.10218
0.2493
-0.38569
-0.70709
-0.18703
0.02598
0.60066
-0.17578
0.92758
-0.13639
0.33649
0.12732
-0.44651
0.69736
0.86824
0.40372
0.21272
-0.18373
-0.81087
0.63614
-0.49268
0.35616
0.7114
0.47991
0.34595
-0.17755
0.46133
0.81161
-0.03366
-0.53221
-0.08817
-0.96298
-0.89058
-0.52543
0.4298
0.73185
0.39026
-0.09447
0.0745
-0.63552
0.85068
-0.37495
0.44635
-0.1308
-0.10289
-0.73167
0.65575
-0.79035
0.4123
-0.05043
0.55082
0.67865
0.1268
-0.05665
-0.56309
-0.14493
-0.78366
0.48133
-0.45788
0.02419
0.83303
-0.39763
-0.33915
0.25685
0.04878
0.62882
0.39174
0.80643
0.04598
0.46417
0.2861
-0.11929
0.51965
0.06832
0.07686
-0.29808
0.43449
-0.61181
0.56844
0.11395
-0.42118
0.46515
0.86287
-0.29277
0.44069
0.27853
-0.83389
-0.41812
-0.91861
-0.41214
-0.70605
0.09137
0.25601
0.03558
-0.16687
-0.62642
-0.07629
-0.07786
0.40287
-0.10277
0.13582
0.37742
-0.07595
0.41641
-0.29112
0.56737
0.40432
0.63139
-0.67078
0.22865
-0.0811
-0.77928
0.7337
0.45143
0.6006
-0.2395
0.89727
0.55698
0.44294
-0.20631
-0.03952
0.2421
-0.18839
0.02962
-0.11914
0.31917
-0.92682
-0.77028
0.40788
-0.6178
-0.32881
0.77623
0.9097
-0.14828
-0.31742
-0.40325
-0.47084
0.29046
0.02632
-0.7615
-0.5721
-0.09891
-0.26671
-0.38979
0.15316
-0.84262
-0.55167
-0.46979
-0.90972
0.36666
-0.64606
0.40078
0.78057
-0.10984
-0.54388
-0.88059
0.47648
0.11284
0.5075
0.16817
-0.56144
0.64963
-0.3642
-0.70273
-0.75434
0.75209
0.55316
0.06953
0.38825
-0.02313
-0.27368
0.49117
0.46336
0.73325
0.12064
0.18069
0.26543
-0.27614
0.7468
0.42192
0.59227
-0.93686
0.53392
-0.29696
0.89854
0.38502
-0.16182
0.65975
0.54149
-0.1324
0.13012
0.22112
-0.51371
0.54994
0.24272
0.59068
-0.65686
-0.10057
-0.118
0.19819
0.00418
0.25387
0.75034
-0.75222
-0.35881
-0.15205
-0.54947
-0.16547
-0.1241
-0.36538
0.18287
0.79409
-0.28679
0.40147
0.50137
-0.87844
-0.5467
0.23325
-0.14836
0.79095
-0.12515
-0.52615
0.2168
-0.23473
-0.08784
-0.21237
-0.10076
-0.30413
-0.05985
-0.6093
-0.1693
-0.73547
-0.05665
-0.15853
-0.8109
0.59665
0.28582
0.60208
0.16466
-0.24192
-0.41721
-0.04912
-0.81399
0.18528
0.58076
0.25767
-0.25958
-0.85215
0.0432
0.53432
-0.61795
0.26429
-0.13168
0.28486
-0.05405
0.11379
-0.51232
0.37247
-0.15254
0.28235
0.34933
-0.75456
0.40174
0.21432
0.34034
0.18586
-0.5717
0.57805
0.10823
-0.37755
0.0746
-0.28695
-0.14252
-0.18282
-0.54324
0.56083
-0.52821
0.38607
-0.63643
0.0237
0.35556
0.12422
0.21389
0.24333
0.72022
-0.91253
-0.01394
-0.85036
0.45767
-0.34453
-0.07714
0.45573
0.12449
0.38853
0.76211
0.28996
0.4241
0.19575
-0.02253
-0.56104
-0.90112
0.54579
-0.00256
-0.26246
0.11799
-0.28438
-0.84387
-0.36922
-0.53097
-0.44463
0.15866
0.73071
-0.17696
0.80707
-0.08191
-0.77313
0.17735
0.67988
0.16639
-0.56588
-0.05796
0.16338
-0.27321
-0.58475
-0.68623
0.85183
-0.51511
0.16256
-0.05252
-0.20462
0.7623
-0.09634
0.1607
-0.69288
0.26543
0.32736
-0.2963
-0.40145
-0.14463
-0.04699
-0.70359
0.09524
0.01381
0.72094
0.25829
-0.13405
-0.53515
-0.88036
0.29807
-0.16137
0.65095
-0.07883
-0.29588
-0.6504
-0.69896
-0.36086
-0.00905
-0.51917
-0.30642
-0.42307
-0.67207
-0.15669
-0.54018
0.24044
-0.041
0.56848
-0.372
-0.42358
-0.3427
-0.56895
-0.24339
-0.21549
0.05953
0.37211
0.06935
-0.49392
-0.49551
-0.19459
0.47318
0.23753
-0.10674
0.60329
0.80516
0.27065
0.11518
0.18091
-0.68588
-0.25304
-0.26737
-0.57159
-0.72653
0.0941
0.14754
-0.08759
0.01613
0.31841
0.46096
0.54668
-0.38076
-0.46726
-0.0344
0.36941
-0.69804
-0.05783
0.73093
-0.02621
0.20304
-0.61445
-0.41255
-0.26444
0.02073
-0.03798
0.42621
0.71574
-0.61334
0.25513
-0.32168
-0.51371
0.49937
0.29077
0.46495
-0.49856
0.14167
-0.63862
0.41928
0.59951
-0.41253
0.17878
-0.22681
-0.36671
0.03011
-0.41733
-0.58639
0.76683
-0.27944
0.2512
-0.35493
-0.47588
-0.34063
-0.75271
0.61056
0.57289
0.33316
0.34637
-0.55188
-0.53947
-0.81157
0.22874
-0.60736
-0.75297
-0.49418
-0.40845
-0.82142
-0.27386
-0.5748
0.03771
0.57191
-0.27941
0.67735
0.86857
-0.58638
0.26468
0.0997
0.7109
0.46973
-0.16637
0.00391
-0.01589
-0.46598
0.76222
0.64669
0.19081
0.5708
-0.53064
0.0974
-0.01391
0.28761
0.60253
-0.47504
-0.09306
0.29789
-0.7353
-0.45607
0.60705
-0.03336
0.45483
-0.36406
-0.33201
-0.50826
0.05418
0.7637
-0.52916
0.5689
-0.03467
-0.13739
0.93171
-0.27136
-0.00927
-0.9162
-0.77776
0.04639
0.64759
-0.13281
-0.09466
0.28918
-0.79275
-0.68432
0.90234
0.84104
0.60872
-0.38165
0.62608
0.51482
0.13855
0.31348
0.49662
0.46176
-0.63599
0.18393
0.00226
0.85885
0.18295
-0.79339
-0.51292
0.07511
0.40979
-0.52177
0.42685
-0.59723
-0.42134
-0.70737
-0.82575
0.3149
0.42307
0.07104
0.42829
0.27103
-0.79894
0.5237
-0.58609
0.46724
-0.85012
-0.67858
0.12876
0.08829
-0.72883
-0.71844
-0.91086
0.3595
-0.60166
0.74322
-0.02149
-0.82724
-0.3556
-0.69676
-0.25403
0.08696
-0.11219
-0.20263
0.74463
0.76428
0.34362
-0.43023
0.0515
0.43264
-0.42211
0.10691
0.61164
0.02535
-0.00918
-0.54602
0.47224
-0.58626
-0.32191
-0.01619
0.82657
-0.44704
-0.00933
-0.19604
-0.66389
0.49393
0.05515
0.08576
-0.7858
-0.09423
0.40413
0.4501
-0.74516
0.51517
-0.44326
0.77411
-0.38187
-0.15919
-0.37868
-0.40017
0.05915
-0.31726
0.59204
0.709
-0.55625
0.18278
0.53517
0.03682
0.35129
0.5189
0.34232
-0.93829
0.60497
0.23201
-0.24652
0.00444
0.45383
0.08835
-0.36219
-0.83896
0.09354
0.33928
-0.1336
-0.12345
0.80818
-0.58541
-0.72341
0.90671
-0.20163
-0.57101
0.66441
0.42171
-0.64268
0.07035
-0.64585
-0.06672
-0.10374
0.67266
0.07445
0.14364
0.21459
-0.77117
-0.44369
0.75035
0.09453
0.07398
-0.75075
-0.5572
0.81669
0.46672
0.44017
0.60312
0.77015
0.21173
0.66548
-0.12827
-0.52411
0.31263
-0.29058
-0.86134
0.07209
-0.30923
-0.14278
-0.02523
0.07464
-0.28387
-0.2408
-0.63861
0.25455
-0.20509
0.02777
-0.52465
-0.2359
0.54671
0.04751
-0.14683
-0.71111
0.55595
-0.90885
-0.72498
-0.46223
0.31221
-0.76488
0.21776
-0.05693
-0.18296
0.51115
-0.51084
-0.81019
-0.04414
0.29187
-0.27744
-0.54996
0.65512
-0.66963
-0.78405
-0.47541
0.72099
0.25771
-0.31117
0.74441
-0.47035
0.1715
0.60327
-0.40111
-0.13232
0.50672
-0.73861
0.48699
0.48505
0.67342
-0.06088
0.56546
-0.18946
-0.0667
-0.69243
0.27399
0.36843
0.36908
0.51724
-0.18941
0.3757
0.2971
-0.23738
0.14745
0.18427
-0.42729
-0.71797
0.79689
-0.86558
-0.50418
0.56441
0.15104
0.45128
0.04728
0.27448
0.30665
0.75185
0.41945
-0.44868
-0.22813
-0.00934
-0.1306
-0.53635
0.26749
-0.27232
0.25412
0.19229
0.38866
-0.32169
-0.74788
0.64434
0.0342
0.3973
0.81107
0.65524
-0.31091
0.28099
-0.76304
0.42608
0.49268
0.18131
0.51013
0.8119
-0.59809
-0.87896
0.47155
-0.19472
-0.29105
-0.12992
0.5049
-0.45631
-0.18826
-0.04746
0.50873
0.60944
-0.86221
0.11051
-0.60811
-0.28841
0.56287
0.29616
-0.84362
0.3445
0.71623
-0.04492
-0.38441
0.35901
-0.23339
-0.11112
-0.62609
0.07722
0.67964
-0.5482
0.05715
0.50557
0.0583
-0.30084
0.22782
-0.34885
-0.4209
0.4918
0.6479
0.44025
0.56614
-0.07135
-0.29415
-0.00936
0.42599
0.31227
-0.6392
0.08947
-0.50402
-0.32285
0.83564
0.22048
0.55578
-0.43072
-0.70984
-0.40098
-0.06632
0.22481
-0.16753
-0.5558
-0.73164
-0.19827
0.07212
0.878
-0.87201
0.30527
0.55812
0.80932
-0.28334
-0.50686
0.16816
-0.37106
0.16512
0.09598
0.21709
-0.82495
-0.43031
-0.10375
0.82315
0.30689
0.51058
0.56863
-0.12706
-0.34323
0.57549
-0.63273
-0.34987
-0.12232
-0.41597
-0.67012
0.61852
0.3065
0.24493
-0.48069
-0.10217
-0.6758
0.38806
0.24342
-0.16239
0.55948
-0.22503
-0.1673
0.57385
0.57293
-0.15252
0.46765
-0.71905
0.16668
-0.43851
-0.29643
-0.6645
-0.39144
-0.27541
0.17758
0.48386
-0.07255
-0.43861
0.22305
0.76929
0.65978
-0.4454
-0.54333
0.4374
-0.21134
-0.35362
-0.81005
-0.12257
-0.321
-0.3846
0.39623
0.38279
-0.62404
-0.3322
-0.54054
-0.61675
-0.25867
0.08576
0.08573
0.28168
-0.48877
0.67938
0.05876
-0.01717
0.32794
-0.29142
-0.18462
-0.68024
0.42219
0.476
-0.09282
-0.15808
0.06546
-0.89788
0.12232
-0.75791
-0.56902
-0.28697
0.60865
0.44611
-0.02843
-0.55471
0.70643
-0.18876
-0.53207
0.57078
-0.06036
0.78344
-0.31364
0.07476
0.4911
-0.26851
-0.37371
0.80579
0.02858
0.88941
-0.37318
-0.01009
0.74447
-0.3283
-0.50777
0.88597
0.73011
-0.21522
-0.70744
-0.37675
0.00823
-0.44505
0.56247
0.18505
-0.01406
0.29632
-0.52102
-0.7415
-0.05781
0.2312
0.83549
0.78277
-0.71451
0.24737
-0.39025
-0.31323
0.2448
-0.52151
-0.32414
-0.14004
0.73785
-0.36673
-0.39125
0.20063
0.80055
-0.12927
-0.64705
0.07195
0.93098
0.75668
0.0119
-0.70335
-0.0552
-0.01059
-0.51649
-0.1057
-0.88587
0.41723
0.22133
-0.18412
0.73052
-0.36384
-0.43154
-0.73225
0.42129
-0.33675
0.45781
0.26901
0.65702
0.45068
0.42777
-0.35998
-0.609
0.00746
-0.19175
-0.13907
0.16496
-0.47516
0.26539
-0.39963
-0.65994
-0.15318
-0.23441
-0.28883
0.67231
-0.78438
-0.3834
-0.31161
0.15466
0.47478
-0.31831
0.81124
0.2086
0.22745
0.70837
0.33107
-0.89219
-0.68209
-0.79432
-0.74718
-0.83233
-0.02406
-0.44477
0.13352
-0.66902
0.80864
-0.00431
-0.34026
0.27874
-0.53984
-0.15179
-0.28992
-0.28659
0.50237
-0.50419
0.4434
-0.50021
0.72997
-0.00303
-0.63692
0.42302
-0.14606
0.25854
0.04657
-0.14287
0.18165
-0.00365
0.16527
0.12561
0.30144
-0.22848
0.25637
-0.19024
-0.89932
0.56752
0.58096
0.85789
-0.64813
-0.06716
0.04104
0.00115
0.06432
-0.33806
0.14901
0.8287
0.10301
0.43974
-0.08966
-0.50191
-0.1042
-0.41473
-0.63962
0.33581
0.17901
-0.12603
-0.57747
-0.37487
-0.39559
0.19557
-0.33487
0.20223
0.62004
-0.13893
-0.28002
0.1094
0.5562
0.30983
0.84742
0.48184
-0.78535
-0.0388
0.90393
-0.03427
-0.37416
-0.70673
-0.38615
0.53687
0.32059
-0.25675
-0.78552
0.40685
-0.77518
0.51558
-0.2248
-0.83549
-0.68923
0.11744
-0.18113
-0.54248
-0.67664
0.30694
0.12077
0.56523
-0.32512
-0.20082
-0.75979
-0.22117
-0.48464
0.17943
-0.35759
0.01796
-0.53923
-0.35603
0.78482
-0.2371
0.49217
0.67047
-0.27637
-0.21341
0.80561
-0.43422
-0.21281
0.96007
0.15572
0.36626
-0.78741
-0.86034
0.51614
0.51392
0.2148
0.11983
0.33755
0.54019
0.52061
0.10421
0.05706
-0.75736
-0.41175
0.49657
-0.71804
-0.41323
0.59357
0.65435
0.00574
0.45466
0.56235
-0.68773
0.45203
-0.32011
-0.34891
-0.10654
-0.19524
0.89996
-0.71012
0.14096
0.65155
-0.69712
0.02873
-0.60226
0.17713
0.15827
-0.59692
0.6547
-0.64206
0.0211
0.53256
-0.08813
0.28215
0.03173
0.20538
0.37838
0.04728
-0.30424
0.63861
0.47194
0.26565
-0.49246
-0.34298
0.61349
0.05742
-0.85774
-0.73306
0.30342
0.06033
0.6454
-0.17171
0.62981
-0.11453
0.28654
-0.11344
-0.07321
0.20812
-0.40499
-0.55737
0.8947
0.48909
-0.26005
0.86905
0.174
-0.54117
0.42487
0.24022
-0.19036
0.37023
-0.78867
-0.47737
-0.68447
-0.3394
0.39052
-0.12221
0.25018
0.2003
-0.51791
0.80487
0.07047
0.06876
-0.1645
-0.00619
0.22584
0.18821
-0.188
-0.32242
-0.66938
0.18048
-0.10671
0.39428
-0.22217
-0.76057
-0.60177
0.2917
0.15431
0.8455
0.43003
-0.57514
-0.74431
-0.40314
0.70722
0.60388
-0.36756
0.40173
0.0048
-0.46498
-0.20527
0.60259
0.42988
-0.39292
0.00899
-0.01625
0.43248
-0.49348
0.3674
-0.38213
-0.69665
-0.16651
0.44309
-0.74057
-0.7154
-0.50189
0.25441
-0.18889
-0.54615
-0.10171
-0.13362
-0.35535
0.20654
0.31521
-0.43968
0.09544
0.13332
-0.13298
0.35049
0.71579
0.16804
0.2093
0.69126
0.04014
-0.12824
0.85344
0.04248
-0.20697
0.7623
0.25551
0.75368
-0.80121
-0.52508
-0.48506
0.76567
-0.06902
-0.4473
0.35368
-0.12115
-0.28126
-0.8968
0.69376
0.46101
0.49599
-0.20973
0.31651
-0.61908
0.24837
0.31005
0.36552
0.33191
-0.01428
-0.33922
0.70164
-0.4448
0.73934
0.38751
0.20752
-0.58893
0.43643
0.03668
-0.45717
-0.41299
0.07491
0.45362
0.23245
0.59928
-0.17519
-0.14637
0.8493
-0.44547
0.04786
-0.74898
-0.53164
-0.72694
0.38097
0.60663
-0.37763
0.05874
0.77448
0.50914
0.64404
0.35497
-0.26398
-0.8955
-0.70717
-0.40922
0.36843
-0.16025
-0.50103
-0.29847
0.03011
-0.17343
0.31773
-0.18322
-0.18787
0.81042
-0.02897
0.51794
-0.53838
0.64586
-0.23025
0.38033
0.91594
-0.64274
-0.68942
0.15056
-0.39838
-0.06713
-0.25317
0.41708
0.11773
0.63472
-0.26029
-0.69462
-0.63686
0.32706
-0.56406
0.15989
0.13791
0.56692
-0.38838
0.27599
-0.38818
0.40586
-0.70885
0.52071
-0.76332
-0.38257
-0.34337
0.02754
-0.58651
-0.25623
-0.01939
0.73289
0.19895
0.29695
-0.89492
-0.70538
-0.58722
-0.07702
-0.18344
-0.01314
-0.83879
0.26866
0.0141
-0.37296
0.15437
0.95723
-0.33435
0.12894
-0.16612
-0.20643
0.34322
-0.08687
0.59701
-0.78547
-0.64485
-0.55027
0.30759
-0.80182
0.65817
0.03744
0.2396
0.77028
-0.00438
0.3678
0.87192
-0.71313
0.21734
-0.76952
-0.12334
-0.39876
-0.36255
-0.14013
0.83389
-0.13273
0.01356
0.21668
0.73758
-0.54101
0.07295
0.56015
0.90877
0.17191
-0.82731
0.51819
-0.67779
0.64464
-0.53293
-0.00545
-0.31611
0.20874
-0.51892
0.35038
0.32594
0.10241
0.40134
0.30366
-0.63829
0.38178
0.44684
-0.47285
0.59726
-0.11216
0.38811
-0.48232
0.58937
-0.23596
0.4188
-0.35333
0.43891
0.88538
0.72676
0.66197
-0.5526
-0.69317
0.3204
-0.81931
0.74614
0.91289
0.42637
-0.57101
0.61745
0.57429
-0.47264
0.77785
-0.37217
-0.44341
0.72159
-0.11254
-0.08222
0.72624
-0.83577
0.46213
0.43952
0.46045
0.02432
0.47157
0.27178
0.79268
-0.22052
0.23121
-0.59352
-0.31339
0.00282
-0.89181
0.16032
-0.42501
0.17431
-0.26199
0.29041
-0.23493
-0.64743
0.20293
-0.42297
-0.52363
0.03293
0.59275
-0.16125
-0.46469
-0.65874
0.55968
-0.57299
0.60916
-0.76844
-0.058
0.47926
-0.08412
-0.28611
-0.47343
0.59464
0.09817
-0.49667
-0.33621
-0.57614
0.1724
0.00269
-0.16532
-0.7695
-0.44493
0.17037
-0.13224
0.25097
0.67549
-0.38469
-0.63256
0.73465
0.38558
-0.59527
-0.14084
0.1064
0.36639
0.58671
-0.09035
-0.62907
-0.84108
-0.65087
-0.28454
0.01279
-0.59286
-0.44047
0.32639
-0.6976
0.60505
-0.57745
-0.04192
0.24792
0.47975
-0.30776
0.83404
0.61657
-0.53694
-0.09956
-0.76763
-0.51605
0.15577
-0.40857
0.18415
-0.18646
0.61782
0.7549
0.34243
0.19326
-0.76926
-0.03568
0.79735
-0.8303
0.14793
-0.13763
-0.53288
0.19523
-0.20818
0.61801
0.62106
-0.39352
-0.06924
0.7253
0.12119
-0.11631
0.63862
-0.15486
0.74109
0.37498
0.51822
0.59876
0.59753
0.03462
0.53581
-0.19641
0.40527
-0.21681
0.713
0.65723
0.3232
-0.60969
-0.9457
-0.56847
0.06281
0.13236
0.05578
0.57226
-0.5204
0.75584
0.22419
0.06271
0.2446
0.10219
0.1384
-0.74121
-0.03253
0.93374
0.50756
-0.09611
-0.80424
-0.65387
-0.44631
0.621
-0.69493
-0.04294
0.9075
0.13929
-0.57692
0.72273
-0.19841
-0.1267
-0.78745
-0.01545
0.01952
0.23258
0.29355
0.28008
0.60579
-0.76001
-0.25418
-0.39774
0.14306
0.29569
0.51606
0.11627
0.24955
-0.55677
0.20996
0.86222
0.08057
-0.02832
-0.25646
-0.63558
-0.75983
-0.51762
0.06441
0.26775
0.49722
0.71906
0.06784
0.07696
-0.47898
-0.35353
0.10611
0.77679
0.03008
0.67182
0.64571
0.7097
-0.36609
0.50716
-0.84664
0.50743
-0.72304
0.49063
-0.02564
0.88846
-0.29428
0.08075
-0.3923
-0.66078
-0.39764
0.38362
-0.19438
-0.18306
-0.08331
0.65346
-0.65223
0.34144
0.06394
0.33944
-0.93143
-0.14401
0.38028
0.34326
-0.58867
-0.1063
0.46061
0.59146
0.66274
-0.21997
-0.86512
0.37413
0.88624
-0.67586
0.43349
0.88509
0.63338
-0.32573
-0.38246
0.21372
0.2969
0.06142
-0.36549
-0.13973
-0.25396
-0.52966
0.71045
0.63449
-0.41142
0.23925
0.91251
0.2937
-0.37098
-0.09492
0.33432
0.24616
-0.21988
0.09537
-0.37137
0.48176
0.38802
0.56248
0.49789
0.36069
0.23202
0.33039
0.15762
-0.87197
-0.21219
0.21285
0.47766
0.05693
-0.24878
-0.4827
-0.80438
0.1241
0.14974
-0.07285
0.4634
0.30434
0.18421
0.22193
0.2232
0.43398
0.61187
0.65529
0.63251
-0.75723
-0.70554
-0.27284
-0.62535
-0.01445
0.57752
0.78347
0.37368
0.24939
-0.3309
-0.27411
-0.07152
-0.55039
-0.23897
0.76669
-0.28356
0.14546
-0.45377
-0.6809
0.12183
-0.77965
0.38156
-0.37433
-0.19957
0.28879
-0.55993
0.35446
0.28755
-0.25365
0.02392
-0.82227
0.24795
-0.95723
-0.03115
0.33946
-0.71832
0.37114
0.09802
0.16676
0.06435
0.75332
0.91041
0.50396
0.61389
-0.42105
0.45726
-0.10023
-0.47155
-0.71701
0.75417
-0.85643
0.33952
0.83834
0.79705
-0.57521
0.33822
0.05763
-0.42107
0.39132
-0.43071
0.86775
0.15168
-0.32603
-0.45328
0.21168
-0.31108
0.71366
0.30267
-0.49222
0.35334
-0.69613
-0.10267
-0.7468
-0.21837
0.2043
-0.93906
-0.40973
0.27088
0.5114
0.56623
-0.42759
0.52534
-0.28496
-0.47423
-0.39483
-0.09391
0.72596
-0.38326
0.09833
0.21497
-0.14229
-0.56003
-0.31589
-0.33356
-0.0254
0.03726
0.45088
-0.72383
0.00959
0.193
0.38958
-0.79232
-0.42313
0.7198
0.38986
0.76824
0.89032
0.06046
0.61666
-0.70952
0.13012
-0.35495
0.48419
-0.15513
-0.65668
-0.29463
0.84608
0.27641
-0.63202
0.6365
-0.45436
-0.24251
0.38142
0.92925
0.73662
-0.92981
-0.32998
0.38482
0.55778
0.85714
-0.71595
-0.37985
-0.27112
-0.34699
0.08821
-0.88749
-0.43547
0.41207
-0.2821
0.01837
0.40527
0.63572
0.20301
-0.18811
-0.3341
-0.37758
0.23713
0.52149
-0.36015
-0.28278
-0.25244
-0.01294
0.56111
-0.4935
-0.4874
-0.0941
0.38561
-0.57316
0.07573
-0.72187
0.12315
0.18475
0.09332
0.21304
-0.22725
-0.54788
-0.69895
-0.4375
0.15687
0.37433
-0.80153
-0.86963
-0.79372
0.81402
0.7683
0.58744
0.62259
-0.76608
-0.26425
0.09418
0.50238
0.06558
-0.71336
0.48602
0.48895
0.3649
0.0575
0.01716
-0.59032
0.92351
-0.02452
0.2741
-0.66427
0.54129
0.19259
-0.24106
-0.06509
-0.44294
-0.50247
0.71596
-0.26565
-0.72866
-0.43126
0.74538
-0.18001
-0.39243
0.24589
0.32257
0.72962
0.44061
-0.24744
-0.69993
-0.05885
0.40882
-0.38719
-0.74721
0.19711
0.08295
-0.05011
-0.74619
-0.08814
-0.77611
-0.27086
0.59085
0.04926
-0.33493
0.2199
0.00242
-0.30696
0.33955
0.27034
-0.54289
0.75889
0.56036
-0.39966
-0.40962
-0.80738
-0.13076
-0.75154
-0.5363
-0.37996
0.09105
-0.78999
0.55655
-0.26191
-0.30663
0.63063
-0.50696
0.27957
0.56084
0.1834
0.32838
0.72397
0.67245
0.85408
-0.21294
-0.15269
0.74602
-0.35653
0.22782
-0.42102
-0.07819
-0.34731
0.34131
0.71056
-0.33597
0.07539
0.02424
-0.08582
0.07234
0.77792
-0.64291
0.08406
-0.77788
-0.25163
0.50907
0.45618
-0.79397
-0.01495
0.91876
0.39728
0.47298
-0.13261
0.01603
0.14411
-0.54576
0.02061
-0.20044
-0.10565
-0.13086
0.31193
0.38729
0.56274
0.00933
-0.6017
0.49225
-0.55487
-0.77094
0.52856
0.05926
0.67187
-0.90754
-0.5381
0.74396
-0.35421
0.90884
0.13548
0.13349
-0.8412
0.01161
0.07762
0.47509
-0.22018
-0.1299
0.67277
-0.24456
0.09633
0.87445
0.43067
-0.2754
0.22515
0.36819
0.04579
-0.94208
0.75487
-0.75092
-0.22574
-0.35932
0.51155
-0.43008
-0.2018
0.72241
-0.66289
0.56272
0.32134
-0.05714
-0.22518
0.46313
-0.2364
0.02104
-0.08211
-0.27352
0.37773
-0.08858
-0.74481
0.89206
-0.34267
0.17708
-0.84861
0.79345
-0.32537
-0.31707
0.27063
0.65329
0.66268
0.77605
-0.28482
-0.76514
-0.09598
-0.45023
-0.5393
-0.0784
0.1176
0.5361
0.22354
0.09815
-0.0064
0.56664
-0.40248
-0.67279
0.715
0.92771
-0.26669
-0.63936
-0.89268
0.18381
-0.11434
0.22385
-0.41045
-0.20596
-0.76229
-0.37061
-0.55543
-0.18413
0.72733
0.30032
-0.31739
0.21003
-0.30995
0.09103
0.16694
0.67426
0.49751
0.44951
0.35626
-0.34582
0.32601
-0.24285
-0.86341
-0.19214
0.39707
-0.0646
0.62584
0.39205
0.26309
-0.71867
-0.55407
-0.45971
0.9076
0.37698
0.71769
0.0856
0.12713
0.38228
0.00791
0.8987
0.45624
0.53899
-0.67808
-0.73605
0.10618
0.13005
0.51124
0.15409
-0.10947
-0.26986
0.72854
0.65024
-0.71709
0.63989
-0.14553
-0.64427
-0.28756
0.03527
0.07215
0.43898
-0.56949
0.3433
0.17777
-0.53212
0.85741
-0.78189
-0.69488
0.19261
0.37297
-0.61705
-0.65925
-0.45556
-0.50647
0.69044
0.82557
0.40649
-0.38919
-0.27645
-0.07784
0.08786
0.55924
0.27128
0.06156
-0.10893
-0.26768
0.74458
0.20348
-0.73966
-0.6292
-0.23386
0.5057
0.33852
-0.35286
-0.34722
-0.17915
-0.32179
-0.34109
0.67534
-0.44512
-0.68064
0.23278
-0.5359
-0.40117
-0.19426
-0.37423
-0.09613
0.43269
-0.81966
-0.38284
0.0867
0.12956
0.66662
0.05075
-0.4604
0.38592
0.72128
-0.85387
0.9241
0.41232
-0.18663
0.42608
-0.73859
0.05203
0.10864
-0.368
0.59737
-0.53665
0.06437
0.60276
0.21016
-0.30025
0.20033
-0.2143
-0.11847
0.06465
0.37781
-0.34438
0.61856
-0.34772
-0.27196
-0.83913
0.12629
0.42799
0.89703
0.92702
-0.49914
-0.53709
-0.29989
-0.05153
-0.09086
-0.7506
-0.44859
-0.80889
0.41373
-0.30927
-0.3042
-0.18008
0.1543
0.03541
-0.64774
0.33187
0.76344
-0.68121
0.01106
-0.07392
-0.69408
0.31186
-0.44393
-0.07191
-0.72956
0.6282
0.73499
-0.26581
0.07508
0.26181
0.27612
0.71499
0.11035
0.80278
-0.03228
0.52748
0.15185
-0.68723
-0.69916
-0.06098
-0.13126
0.69576
0.14198
0.23648
0.65478
-0.41944
0.76073
-0.26218
0.23558
0.26194
0.41975
0.00893
0.31346
-0.92276
0.54526
0.24019
-0.38368
0.2981
-0.1849
-0.63489
0.13657
0.23172
-0.65635
-0.32985
0.31116
-0.57072
0.10203
0.33275
0.5032
-0.20098
-0.47464
0.7527
-0.29035
-0.04981
-0.69379
0.30594
0.8865
0.74504
-0.52386
-0.02628
0.3621
0.39695
-0.4783
0.65464
-0.37926
-0.71389
-0.40601
0.87743
-0.40442
0.79981
-0.0413
-0.87338
0.03153
-0.45673
0.22996
0.52577
0.24175
0.2938
-0.23938
0.49993
0.58819
0.50197
-0.81938
-0.14635
0.03881
0.05456
0.12097
0.09737
-0.25361
-0.24408
0.0881
-0.82207
0.33014
-0.07776
-0.42329
-0.40905
0.67114
-0.0735
-0.02819
0.08049
0.38423
-0.53857
-0.61464
-0.93458
-0.39627
-0.60018
0.20624
0.09182
0.32365
-0.00851
-0.0179
-0.1389
-0.58352
0.45646
0.13245
0.05546
-0.28196
-0.40384
0.58616
0.50238
0.4739
0.04107
0.24767
0.86121
0.82599
-0.24023
0.3391
-0.29336
0.6678
0.64606
-0.0515
0.61546
-0.44389
-0.11267
0.06714
0.25156
-0.1625
-0.06795
0.24829
0.5664
-0.83943
0.28851
0.23865
-0.69215
0.3873
-0.42057
0.90976
0.71406
-0.63871
0.21472
-0.11268
-0.62187
-0.66922
0.47181
-0.65501
-0.14806
0.47653
-0.80319
-0.48357
0.18268
0.2791
-0.66925
0.06219
-0.77562
0.86451
0.26412
-0.80211
-0.06009
-0.26596
-0.71408
0.15624
-0.33657
-0.28327
-0.37139
-0.00909
0.17621
-0.0624
0.81597
0.38814
-0.77483
0.73429
0.06022
0.40784
0.70417
-0.88849
-0.83648
0.556
0.6403
-0.4213
-0.04393
-0.07881
-0.50979
-0.00469
-0.19205
0.10708
-0.60048
0.49049
0.91029
0.13705
-0.31311
0.84882
-0.85119
0.92
-0.15964
-0.02423
-0.29214
0.5807
-0.88156
-0.06924
-0.21141
0.48271
0.17154
0.59114
-0.44087
0.61844
-0.57894
-0.76851
0.6977
-0.09265
0.31064
-0.64677
0.2142
-0.6078
-0.39434
-0.26969
0.03694
0.0065
-0.09646
-0.4118
-0.64881
0.74308
-0.61681
0.20447
-0.21664
0.04953
0.70444
-0.89776
0.48915
0.04954
0.83704
0.01888
0.71808
0.74663
0.17171
-0.81721
0.13137
-0.88619
-0.24447
0.77031
-0.25667
-0.10614
0.13665
0.14917
0.67205
-0.52408
0.40618
0.29473
-0.59611
0.57546
-0.38195
0.19549
-0.17353
0.64738
-0.14853
-0.83175
-0.48077
-0.6382
0.20947
0.34186
0.21472
0.34386
0.19996
-0.03797
0.23435
0.10988
-0.51757
0.49367
0.4242
0.41517
0.37318
0.33591
0.77378
0.21026
-0.66983
-0.40619
-0.27946
0.51287
0.52267
-0.48287
-0.28048
-0.4751
-0.54438
0.35273
-0.27003
-0.62742
0.1061
0.45609
0.74724
-0.43403
0.38433
0.05604
-0.40473
0.91854
-0.23551
-0.4403
0.60566
-0.70152
0.12011
0.34205
0.75378
0.18965
-0.509
0.41164
0.19456
-0.64196
-0.26446
0.13926
-0.20457
0.15476
-0.28991
-0.73119
0.69446
0.23063
-0.041
-0.20107
0.00524
0.62182
-0.34341
0.17983
-0.35717
0.09156
-0.8412
-0.06614
-0.22167
-0.37492
-0.11468
-0.87191
-0.68218
0.58134
0.02242
0.52445
-0.51709
-0.18509
0.38512
0.43706
-0.50864
-0.33135
-0.61739
0.41631
-0.76967
-0.85751
0.57694
-0.60998
-0.54104
0.67678
-0.37984
0.59189
-0.27535
-0.21931
0.04171
0.55049
-0.19759
-0.20254
-0.42457
-0.20247
-0.80338
-0.04992
-0.32685
-0.14736
-0.85152
-0.23856
-0.11888
-0.43691
-0.52749
-0.53616
0.23679
-0.68314
0.09351
0.9202
-0.77379
-0.12665
-0.41384
-0.51331
-0.18089
-0.05539
0.21773
0.17533
-0.46846
-0.50647
-0.07803
0.48959
0.35486
0.64535
-0.45352
-0.03449
0.01952
-0.61589
-0.05411
0.51215
-0.77072
0.81469
0.92102
0.92158
-0.1412
0.67004
0.15513
0.56989
-0.603
0.28706
-0.30176
-0.19566
0.43913
-0.80197
0.83126
0.07019
0.44619
-0.5173
-0.3458
-0.18009
-0.37797
0.47633
-0.20236
0.69304
-0.67287
0.59477
0.42323
-0.05581
0.45988
0.08437
-0.41912
-0.25098
-0.81182
-0.41809
-0.1952
0.01388
-0.57052
-0.85734
0.85577
0.49722
0.08241
-0.2641
-0.12723
-0.18509
-0.41877
-0.68428
-0.45954
-0.60501
-0.41598
-0.00801
0.11083
0.79392
0.08251
0.08207
-0.14331
0.23217
-0.83439
-0.685
-0.09788
-0.93959
0.70089
-0.57642
-0.08239
-0.28013
-0.18545
0.7896
0.01553
-0.89572
-0.00824
-0.64716
0.4817
0.25985
0.89662
0.44617
-0.7948
-0.25782
-0.6479
0.04068
0.0792
-0.41792
0.63216
0.63272
0.21604
0.17449
-0.88961
-0.5818
-0.5345
-0.55341
-0.66169
-0.09978
-0.50229
0.58638
0.4433
-0.46893
-0.49495
0.34586
0.45394
-0.23917
-0.76757
0.17204
0.41168
0.07784
-0.36962
-0.53865
-0.49651
0.15732
-0.00613
0.88411
0.43501
-0.49271
-0.12417
-0.56756
-0.71827
0.73644
0.16807
-0.68722
-0.54168
-0.10406
0.27301
0.12665
-0.36823
0.6715
-0.02772
-0.45703
0.89755
0.71156
-0.97241
0.52353
-0.71505
-0.07238
0.43994
0.42593
0.01546
0.54289
-0.3015
0.74433
0.82894
0.41064
0.65228
0.34401
-0.32361
0.53149
0.71284
-0.23984
-0.25862
0.33502
0.14775
-0.18907
-0.13931
0.37106
-0.64607
0.35105
-0.11711
0.45034
-0.86166
-0.26278
-0.14668
0.37266
-0.42092
-0.79779
0.10805
-0.51085
-0.33171
0.60471
0.22875
-0.45054
0.33583
-0.04615
-0.42427
0.04298
0.63309
-0.14862
0.73044
0.10225
-0.35904
0.05241
-0.08574
-0.51082
0.44041
0.26548
-0.47211
0.58601
0.11251
0.04501
0.23734
-0.73539
-0.48732
0.64164
-0.66895
-0.1257
0.06748
-0.2895
-0.02266
-0.36453
0.40075
-0.77025
0.55976
0.94284
-0.4623
0.00657
0.2151
0.70917
0.00053
-0.56172
-0.20042
-0.27919
0.63795
-0.15756
-0.88275
0.56681
-0.8728
0.01072
-0.6211
-0.85034
-0.71471
0.19251
-0.38873
0.80771
-0.5861
-0.15623
0.74003
0.36271
-0.43779
-0.49893
-0.94849
0.09227
-0.03252
-0.32941
-0.39097
-0.16877
-0.25523
-0.7013
-0.0456
-0.33393
0.47517
-0.2647
0.65539
0.18532
0.77271
-0.26431
0.18634
-0.68526
-0.88054
-0.54793
-0.54674
-0.50646
-0.22097
-0.36299
0.51285
-0.42581
-0.37748
0.27305
-0.86674
-0.15548
-0.57651
-0.80269
0.61088
-0.69795
0.31809
-0.01308
0.80761
0.62946
0.21143
0.46118
-0.15018
0.48823
0.74269
0.54548
-0.66555
-0.625
-0.06561
-0.84253
-0.86185
0.01587
0.82272
-0.38944
-0.02397
-0.01119
0.14319
0.5784
-0.71806
-0.19897
0.77242
-0.03376
-0.41117
-0.14817
0.66624
-0.91445
0.72663
-0.12634
0.16055
-0.58683
0.48431
-0.42444
-0.75679
-0.24086
0.95364
-0.82852
-0.3757
-0.77107
-0.20053
-0.64754
0.47282
0.09948
-0.85026
0.40469
-0.56548
0.34746
-0.07233
0.72336
0.81738
-0.39799
-0.025
-0.04531
-0.38887
-0.14497
0.7737
-0.46623
0.32924
-0.06115
-0.08099
0.02805
-0.82116
-0.58778
-0.09596
0.68444
-0.08697
0.10931
0.44824
0.42515
0.24465
0.81927
-0.59742
-0.14651
0.90034
0.35189
0.77344
-0.91547
-0.5741
-0.02166
0.14342
-0.25851
0.87862
0.68865
0.70903
-0.17546
-0.04928
-0.04798
0.25231
-0.13024
0.82812
-0.66475
-0.90538
-0.52324
-0.84265
0.06433
-0.1038
-0.56534
-0.25459
-0.21896
-0.92957
0.88764
-0.05641
0.43587
0.23183
0.64886
-0.15133
-0.09255
0.06208
0.50781
-0.55844
0.48576
-0.38634
-0.42001
0.76287
-0.29013
0.35395
-0.5286
0.3931
-0.70536
0.31662
0.35731
-0.50865
-0.32167
-0.21852
-0.28691
-0.03859
-0.48719
-0.09347
0.00982
0.92115
-0.33809
0.04941
0.33145
0.182
-0.02979
0.20817
-0.33761
0.04634
-0.02213
0.21538
0.46466
0.6324
-0.43091
0.56612
-0.86195
0.23525
0.25646
0.45479
0.38093
0.35612
0.57432
-0.54361
-0.672
-0.64316
0.52122
0.46203
-0.71184
-0.4425
-0.07691
0.03712
-0.10651
-0.66919
-0.79354
0.37836
0.65236
0.21676
-0.54785
0.71021
-0.50651
0.0629
0.35343
-0.64717
-0.36508
-0.83049
-0.6452
-0.22066
-0.21282
-0.55132
0.24499
0.32089
0.4941
0.76769
-0.88376
-0.63929
-0.82187
-0.34615
-0.71599
0.35642
0.21068
0.49041
0.13549
-0.01146
-0.1305
0.49249
0.09372
0.16933
-0.11607
-0.38665
0.35859
0.69756
0.11912
0.57887
-0.05823
0.27801
0.73864
-0.16649
-0.04053
0.75811
-0.00552
-0.75667
-0.50905
0.84722
-0.78009
-0.18827
-0.25482
-0.54978
0.85006
0.32052
0.93395
0.48253
0.573
-0.35187
0.66826
0.55469
0.92353
0.78234
-0.27876
-0.78783
-0.24761
-0.16673
0.7545
0.47793
-0.23124
-0.31954
-0.13083
-0.097
0.36584
-0.29186
-0.80044
0.01595
0.54792
0.22088
-0.8094
0.6213
-0.15752
0.83652
-0.11997
-0.9215
-0.90472
0.54012
-0.20176
0.24103
0.00883
-0.39271
0.42747
0.15006
-0.77525
-0.39638
-0.13318
0.07264
0.23175
-0.21253
-0.19699
0.14151
-0.27631
-0.11531
0.66773
0.21873
0.43752
-0.74758
0.85787
0.27426
0.51192
-0.72715
-0.1993
0.49568
0.40425
-0.8981
0.24088
-0.79183
-0.16059
-0.58901
0.45823
-0.30137
-0.64683
-0.54649
-0.17787
-0.06434
0.69118
0.78367
-0.4642
-0.05634
0.31769
0.28485
-0.4121
-0.32745
0.48524
0.49868
0.48916
-0.81931
0.82448
0.56326
-0.53127
0.21384
-0.5579
0.57473
-0.49687
0.05025
-0.2566
-0.28805
0.06107
-0.8157
0.68086
0.28649
0.57015
-0.19316
0.87356
0.50989
-0.54059
-0.73112
0.48388
0.59813
0.92243
-0.80866
-0.0897
-0.28622
0.31094
-0.51345
0.7736
-0.08608
-0.61767
0.45102
0.08468
0.01995
-0.2848
-0.23115
0.1973
-0.07435
0.28518
0.88474
-0.94263
0.38167
0.04819
-0.69317
0.59021
0.19517
-0.43289
-0.34782
0.91252
0.59298
0.65473
0.17482
-0.74172
0.70701
0.43496
-0.03088
0.31179
-0.89638
0.58436
0.52957
0.36999
0.40121
0.07777
0.18819
-0.10304
0.8045
0.6232
0.56205
0.04204
-0.92396
-0.31787
-0.06366
0.67923
0.51279
0.76689
0.32405
-0.44514
-0.23355
-0.34983
-0.47892
-0.1584
0.10356
0.10853
0.31191
0.7189
-0.34501
0.6872
-0.55549
-0.26063
0.67202
-0.49626
0.50673
-0.46432
-0.34829
-0.49279
0.39989
0.06771
0.85451
0.60664
0.37865
-0.14573
-0.40101
0.53627
0.70553
0.50539
-0.28502
-0.20132
0.7604
-0.03974
0.6899
0.22182
0.19889
-0.72725
0.23881
-0.01201
0.25157
0.34123
0.07351
-0.43019
0.05952
0.14944
-0.48066
-0.74978
-0.16508
0.60758
0.28503
0.79287
-0.70627
0.03676
0.6795
-0.02343
0.62402
0.78753
-0.40928
0.78482
-0.82529
-0.74786
0.19294
0.38263
-0.56172
0.25546
-0.44147
0.63352
0.19757
-0.41402
-0.51528
0.37954
0.33767
0.68736
-0.45762
-0.42288
-0.03812
0.13568
-0.58551
0.39856
0.71509
0.93315
-0.43743
0.62393
-0.62066
-0.5146
-0.58532
-0.21588
-0.19285
0.1301
-0.21868
-0.1875
-0.14859
0.33812
0.21485
-0.19306
0.09966
0.69043
-0.48146
-0.30425
0.38423
-0.55114
0.1995
-0.66098
-0.33103
0.1199
-0.21449
0.257
-0.24189
0.31963
-0.55541
-0.0403
-0.25444
-0.54079
0.58386
-0.54786
-0.96221
0.26023
0.33213
-0.6144
-0.52773
0.71682
-0.46509
-0.01485
-0.56341
0.0377
-0.38339
0.43575
-0.25881
-0.12655
0.82745
-0.33432
-0.28024
0.71583
-0.0581
-0.64461
-0.71866
0.64448
-0.1852
0.11945
-0.64341
0.60592
-0.73557
-0.74813
-0.65701
0.07222
-0.43793
-0.84868
0.49378
0.53401
-0.95825
0.31912
-0.08871
0.00995
-0.62505
-0.62687
-0.40207
0.32719
0.26025
-0.69031
0.77696
-0.17849
-0.41343
-0.43365
-0.87998
-0.01188
-0.17477
0.10881
-0.00364
-0.54931
-0.84528
0.52592
0.13782
-0.11454
0.20871
0.08272
0.89244
-0.19001
-0.08909
0.06681
-0.02176
-0.23184
0.28083
0.2746
0.73481
0.30339
0.13202
-0.09779
-0.8836
-0.93546
0.33248
-0.36619
0.15147
-0.00193
-0.69698
-0.42774
-0.16105
0.17354
-0.49597
-0.65888
0.90087
-0.65307
-0.23477
-0.75819
-0.50391
0.26701
-0.24048
-0.02706
-0.16969
0.08585
0.84432
0.48921
0.81279
-0.05766
-0.62934
0.53288
0.4558
0.4527
0.00619
0.7015
-0.13011
-0.24823
-0.39598
-0.16263
-0.31234
-0.3212
0.37267
-0.04981
0.20727
0.53462
-0.69484
0.36886
0.0039
0.7098
-0.45491
0.06049
0.19288
-0.76319
-0.23283
0.59578
-0.1742
-0.24658
-0.81556
-0.08208
-0.20295
0.55517
0.17421
-0.42941
-0.53698
0.35183
0.93838
-0.74793
0.92935
0.70365
-0.27271
-0.25382
0.40208
-0.16663
-0.86721
-0.49043
-0.66469
-0.85823
0.16261
0.39257
0.57117
0.57362
0.38746
0.47547
-0.80499
0.7488
0.48965
0.14245
0.73532
0.06967
-0.00709
-0.31796
0.13669
-0.25485
-0.9137
0.03137
0.62348
-0.34902
-0.56218
-0.71388
-0.58666
-0.38629
-0.14314
0.55242
0.53136
0.10471
0.02975
-0.68983
0.50233
-0.72555
-0.32206
-0.30949
-0.34612
0.16593
0.38726
-0.76492
0.60847
-0.79221
0.56984
0.35025
0.54431
-0.40674
0.08398
0.77339
-0.59279
0.85742
0.41788
-0.91329
-0.26472
-0.37022
-0.70896
-0.16114
-0.29379
-0.17857
-0.38975
0.70982
0.527
0.0111
0.92501
0.71705
0.89834
-0.21265
-0.61654
0.31376
0.69517
0.72482
0.42642
0.60221
-0.72037
-0.15402
-0.01577
-9e-05
-0.7562
0.10691
-0.71941
-0.21455
-0.67389
-0.93801
-0.09193
-0.69335
-0.37592
-0.1068
0.54595
-0.70436
0.8477
0.1851
-0.55129
-0.19609
-0.17951
0.56993
-0.76911
0.32716
-0.48168
0.61031
0.34988
-0.14193
0.0737
-0.10182
-0.68435
-0.03637
-0.83258
-0.20848
0.76159
-0.70403
0.18832
-0.49168
-0.23195
-0.73568
0.60217
0.156
0.36653
-0.1812
-0.2606
0.0731
-0.09927
-0.585
-0.22446
0.08478
0.6875
0.56879
0.44132
-0.27971
0.20841
0.14006
-0.15431
-0.14973
0.28326
0.21616
0.21309
-0.0821
0.67046
0.80367
-0.3593
-0.06343
-0.92972
0.59902
-0.48345
0.40468
-0.50359
-0.11036
-0.50491
-0.33035
-0.0288
0.6781
0.62291
0.59002
0.60658
-0.24638
-0.28513
0.65673
0.18949
0.21149
-0.49036
0.01172
-0.88229
-0.76917
0.00579
0.30923
0.05811
-0.26996
0.84326
0.16712
0.02244
-0.12622
0.32231
0.81371
0.77628
-0.4862
0.30534
-0.11061
0.80264
0.76301
0.68597
0.08982
0.25823
0.60085
0.07717
0.56104
-0.77424
0.21971
0.48291
0.13514
-0.84101
-0.03915
0.49401
0.13965
0.05209
0.12031
0.28648
0.82348
-0.36788
0.11373
0.06944
-0.59302
0.31656
0.55728
0.09452
-0.57305
0.47223
-0.36478
0.74947
0.70074
0.24235
0.83439
0.27987
0.79796
-0.57231
0.48667
-0.18142
-0.6771
0.14894
-0.43309
-0.06003
-0.24089
-0.52919
0.21668
0.72013
-0.04311
0.42285
0.36324
0.37881
0.60644
0.60778
0.25959
-0.24601
-0.67273
-0.23814
-0.80548
0.3985
-0.61722
0.1158
-0.20877
0.82134
-0.13231
0.44639
-0.39008
-0.49748
-0.43603
-0.60301
-0.65965
-0.64576
0.39558
-0.90301
0.78634
0.20748
-0.56693
-0.29725
0.85883
-0.16151
0.48783
0.93518
-0.91701
-0.15915
-0.20901
0.14648
0.73936
0.54068
0.73663
-0.4187
0.04604
0.38028
0.17143
-0.26674
-0.649
0.86019
0.86226
0.40446
0.62361
0.00527
-0.13469
-0.38061
0.64951
0.82592
-0.42456
0.71436
-0.685
-0.14186
0.6543
-0.47413
0.02538
0.04088
-0.10083
0.35959
-0.20553
0.16573
0.12179
-0.30155
0.49461
0.48567
0.02123
0.50726
-0.01794
0.76672
-0.01526
0.53162
-0.14441
0.54892
-0.40821
-0.18182
-0.13228
-0.36974
-0.54692
0.35078
-0.40037
-0.90634
0.29769
0.33086
0.76669
0.73529
-0.35867
0.22771
-0.70896
0.45742
-0.72494
-0.26154
-0.77393
0.0082
0.31915
-0.42311
-0.22974
0.86363
-0.78979
0.24801
-0.04516
0.11569
0.85352
0.18214
-0.64024
0.28432
0.72611
-0.34523
0.49457
-0.86495
0.57512
-0.32912
-0.25845
0.09966
-0.4333
-0.15502
0.00671
-0.26575
0.03372
-0.8353
-0.10382
0.41168
-0.15158
-0.15704
-0.51339
0.43075
0.05995
0.36154
0.12681
0.82846
0.65903
-0.6399
0.61767
0.21961
-0.34807
-0.42892
0.47779
-0.80521
0.55482
0.3135
-0.03177
0.62108
0.53019
0.74743
0.33636
0.18427
0.63251
0.86692
-0.45419
0.12806
0.12711
-0.64357
0.08178
0.08566
0.17673
0.05219
0.26673
0.65655
0.78326
0.13058
-0.06016
0.50469
-0.66322
0.90203
0.19314
0.68907
-0.14508
-0.51188
0.5293
-0.01534
-0.54689
-0.88241
-0.52183
0.61638
0.6479
-0.88632
-0.76904
-0.65022
-0.12576
0.82226
-0.16895
0.05385
-0.60891
-0.21061
0.54197
-0.06129
-0.26492
-0.77698
0.6314
0.43212
-0.34175
-0.05721
0.09384
0.19748
0.2258
-0.4156
0.03206
0.48296
-0.44199
0.6322
-0.64442
0.25374
0.45212
-0.06774
0.7108
0.6286
-0.32178
0.21626
-0.18418
0.10552
0.00325
-0.17887
0.01363
0.5308
-0.12923
-0.10113
0.27646
0.01709
-0.46782
0.6891
0.54128
-0.47778
-0.4348
0.28917
0.47886
0.3892
-0.433
-0.47618
-0.29822
0.52186
0.08684
-0.01479
0.24136
0.6764
-0.03166
0.91248
-0.50885
-0.61533
-0.81262
0.2403
-0.12748
-0.65562
0.62726
0.11802
-0.23327
-0.9001
0.2249
-0.27855
-0.4877
-0.05475
0.12266
0.71533
0.4049
-0.74647
0.06977
0.28504
0.15245
0.46826
-0.66424
0.32209
0.32207
-0.50737
0.01262
0.69124
0.13539
0.43625
-0.25368
0.15095
0.39247
0.73958
0.04111
-0.55553
0.3295
0.85274
-0.67006
0.11965
0.25176
-0.07608
-0.2159
0.48045
0.13553
-0.1065
-0.39499
0.12707
0.53794
-0.38504
-0.68612
0.1659
-0.55339
-0.1996
-0.79222
-0.50268
0.57588
0.03325
0.76353
0.5159
0.71498
0.32067
0.30581
-0.44506
-0.83551
0.70986
0.10102
0.27942
0.86142
-0.15595
0.59391
0.38734
0.33486
0.63633
0.49717
0.19324
-0.57107
-0.08878
0.07772
0.08697
0.39952
0.49216
-0.13694
0.19324
-0.25208
-0.60048
-0.12259
-0.81399
-0.02044
-0.33488
-0.77244
0.50884
0.15463
-0.48549
-0.41475
-0.21227
0.34644
-0.17023
0.13303
-0.45819
0.26917
0.17497
-0.07459
0.23127
0.72843
-0.23706
0.02438
-0.36777
-0.54123
-0.02413
0.75033
-0.08436
-0.13583
-0.30758
-0.22852
-0.32766
-0.81863
0.3757
-0.38576
0.19716
0.36552
0.01495
-0.29688
-0.21371
-0.89996
-0.59184
0.87917
0.38881
0.466
-0.6076
-0.90273
-0.23239
0.09905
0.55593
-0.53275
-0.21275
-0.13564
0.85001
0.28795
0.56493
0.27178
0.44793
0.38595
-0.64611
0.35168
0.31668
-0.63759
-0.62763
-0.0033
-0.04166
-0.38178
-0.087
-0.79158
-0.1983
-0.01701
-0.72443
-0.48246
-0.21928
-0.22747
0.43886
-0.59101
-0.26968
0.43354
-0.40867
0.29283
0.13094
0.40768
-0.30778
0.42133
0.63165
-0.47755
-0.53921
-0.46586
0.47527
-0.84894
0.07245
-0.32463
-0.52387
-0.27072
0.49418
0.48361
-0.12396
0.00737
-0.37603
-0.01357
-0.85841
-0.42712
-0.33418
-0.09611
-0.77894
0.46509
-0.03739
-0.21069
0.87498
-0.51496
-0.00292
-0.59576
-0.01592
0.30771
0.1593
0.26124
-0.3233
0.86605
0.81358
0.24842
-0.68744
-0.30926
-0.58986
-0.7267
-0.21787
-0.01594
-0.47447
-0.42873
0.28175
-0.17834
-0.60407
0.03739
0.31831
-0.67167
0.717
-0.77871
-0.52698
-0.2344
0.70918
-0.52487
0.30245
-0.15008
0.55771
0.35854
-0.37439
-0.20556
0.31334
-0.31202
-0.14693
-0.17961
0.2057
-0.07465
0.21769
-0.56942
-0.44008
-0.59612
-0.01612
-0.24975
