15.5648
15.15938
14.86584
15.57641
8.17783
12.1233
5.67594
23.64761
19.02843
9.98794
9.80701
8.00657
21.95292
7.64293
8.5479
11.7852
13.09204
21.20592
21.16362
4.65651
9.4091
17.24796
14.81294
14.13463
10.51671
13.47944
18.64813
18.22939
16.74637
12.74224
15.32468
17.13769
23.45147
14.16939
15.98832
27.79857
9.65723
10.48115
9.57033
9.00404
14.06724
21.94615
9.73869
7.30316
11.36563
20.45946
14.49331
19.79265
20.83779
31.14999
23.05109
13.58196
18.44162
14.2172
22.49182
24.61134
9.48716
13.72708
15.67734
6.07737
16.5339
9.84394
18.31328
12.80599
24.99725
19.64392
6.67723
11.07354
21.69323
12.96096
23.24204
7.99261
10.29615
23.04411
11.47887
22.19464
8.16191
12.16293
11.0551
12.05149
8.93268
13.65575
15.39399
23.88881
11.09874
13.79341
34.48198
12.62665
20.31938
18.68956
11.0063
26.68241
7.60469
15.83002
22.60606
14.45447
25.54127
7.53039
12.36585
15.66558
29.3013
8.98272
9.41369
15.56971
30.74921
17.99779
12.56311
10.15898
15.14597
11.65866
22.06525
11.9751
9.97308
9.71914
19.40592
12.32565
14.61144
15.68988
12.2446
22.02746
16.91021
27.57575
13.53097
14.39394
9.51196
14.26479
14.71644
13.19255
13.02518
5.07628
15.03483
18.96506
26.88909
10.64351
18.47862
37.16899
16.09896
11.21779
10.44178
10.89485
17.39335
13.17431
12.29385
23.69313
10.32215
11.92223
24.53045
26.86237
18.58417
21.54009
9.76751
23.25068
6.57945
7.879
19.03913
15.08732
21.04192
19.13476
16.39967
10.19851
22.24325
19.93803
11.02593
22.95795
16.32603
22.15249
21.67458
19.42972
31.69996
17.88428
15.75957
38.1267
26.33491
12.75215
21.48049
15.21823
17.73237
19.81327
6.30526
17.21676
12.64124
28.36396
23.4525
13.76326
7.2981
33.08447
21.82758
4.67194
22.23547
20.57294
37.24666
10.35683
24.27714
15.96404
18.08233
22.58357
13.73369
10.79734
27.04303
27.80758
12.70945
19.4796
12.012
21.0959
20.0111
13.94733
12.69685
19.10881
17.2661
23.24898
19.65411
23.14224
28.58368
10.8054
24.37135
15.44031
25.11414
23.7641
11.39739
12.55713
18.8286
30.79223
7.07601
26.74363
18.32965
17.85844
16.01408
20.24285
29.52633
17.31141
19.37383
13.57046
18.07687
3.31867
21.55336
19.99706
6.45425
41.31184
6.61367
46.09093
9.28595
13.2588
11.45285
23.26358
17.01465
12.9632
9.30271
31.2611
28.26652
22.86495
9.04283
33.9627
14.85349
27.09703
37.23364
30.69731
33.24999
9.05074
10.29332
8.60725
13.26541
47.17847
34.38916
22.61932
22.07988
20.76793
31.52287
5.24287
14.73653
42.82082
13.10645
18.59208
24.24206
13.52592
12.39466
9.77928
4.23622
12.56734
12.19169
14.42752
10.05294
21.889
30.33971
16.4946
23.82856
15.692
16.21582
10.66428
10.61455
20.02455
25.12456
36.54012
9.74946
6.77301
28.75676
26.00091
27.34375
33.82391
15.20898
13.13576
14.50837
8.74803
5.38517
14.99525
14.01434
14.18884
10.15284
20.7705
16.79773
17.88926
36.52416
24.5454
31.24329
12.66259
26.4867
12.19057
18.98643
18.97124
21.05608
10.80807
17.59616
21.1454
27.33525
25.56126
11.88914
45.84205
8.98803
17.68152
13.7803
43.55774
34.21884
31.50027
15.62441
15.06815
21.86547
15.86817
15.98712
27.26998
37.6063
26.42257
18.37344
16.85401
13.58592
28.15279
21.48182
5.73032
18.39383
21.05215
10.46857
38.47223
28.28928
20.12929
21.55425
19.39444
23.76481
17.40739
33.29366
30.60826
10.90544
23.54097
29.05285
26.10772
20.42754
19.83965
6.5589
23.0294
34.61081
38.79272
22.50643
15.50233
9.02552
20.98336
33.75633
18.31216
13.30952
21.2064
34.13295
13.52536
30.31202
20.57337
8.56824
36.31881
28.26544
22.81458
26.36815
18.2348
27.93768
25.54182
47.49346
35.97355
26.10578
15.85403
15.63231
9.65811
13.74021
34.13319
24.42851
26.46497
12.87846
20.33466
36.86067
7.23758
12.96994
43.34994
27.28045
10.85786
10.34563
18.90679
17.32494
27.20387
24.64176
15.94194
29.19883
13.1922
12.70165
8.66386
12.40918
18.96901
12.04217
40.99694
21.59504
9.24772
22.25952
14.54775
28.36751
29.5861
19.20939
20.53518
14.4574
17.6415
37.25662
19.35866
16.45035
15.34638
15.04959
22.8721
20.80941
35.31222
11.92088
22.50495
8.35879
14.23744
29.98892
11.65936
22.21943
19.68672
18.61415
29.75357
27.27376
20.56847
20.63194
27.91644
13.31333
16.61676
13.99326
26.85104
29.65465
23.07014
19.59978
13.19531
15.13979
21.00156
18.84856
21.25818
9.22812
18.32265
15.04508
18.10869
17.77711
18.14067
20.47623
18.14617
10.72096
34.63152
20.68712
27.25227
21.9174
14.64598
42.23256
27.1156
25.90249
40.58575
14.10543
28.33697
22.89173
5.94465
25.60544
20.42397
34.43444
8.32509
31.95755
37.07106
22.18366
7.3441
1.9213
11.79697
34.22881
26.59266
22.21178
7.5689
23.9062
11.30514
16.34307
21.57021
17.18865
10.79045
18.39151
27.87248
28.34307
16.40803
27.92798
11.1316
26.93867
20.42786
11.12545
21.51499
15.65957
20.83476
11.53051
22.497
24.19189
20.477
25.27961
18.75783
7.0222
10.58437
12.60899
20.55361
23.78689
14.77891
8.44392
7.72265
41.15764
15.9604
18.2936
27.48945
26.84899
8.87027
20.24001
21.62891
30.01312
15.18489
16.05489
19.94965
25.34343
11.33047
42.48114
15.66101
31.66898
23.36503
10.08283
28.46548
22.93341
17.62141
23.15503
9.79446
23.15646
19.89352
14.20933
26.66684
17.69942
16.26303
19.28375
28.92646
17.86908
13.03138
12.77333
20.85305
40.91194
9.33823
21.16287
12.19475
32.25653
26.14815
15.26536
14.88619
22.58693
7.76817
12.87219
15.75775
11.54969
14.98352
17.64091
9.67725
14.69745
22.77605
23.74423
21.19177
14.24967
25.2019
18.85536
30.2825
38.14982
16.04168
18.18437
29.87665
32.50601
11.30863
17.07631
16.77333
20.57167
19.51327
24.41686
13.49579
14.62584
27.84915
13.59411
15.69717
23.65753
36.73208
7.37525
20.87294
34.02667
33.52488
14.43234
4.43653
9.58312
26.33139
12.9191
37.62286
17.85406
26.87359
28.32568
15.73786
24.1934
20.88958
13.13452
19.17665
23.23874
9.17483
17.30415
11.04378
11.43073
33.37491
36.6395
23.08518
25.52693
27.47035
20.98006
27.54167
21.11324
42.14298
47.64742
20.61527
49.75257
24.84012
39.51177
16.53036
7.37735
13.27454
10.42304
13.91502
18.79888
10.16642
10.30865
22.68069
36.46348
27.41431
9.76509
30.64674
20.03939
18.0504
23.16258
17.10472
18.49147
35.96212
26.6194
15.93576
31.50445
10.59027
22.41726
26.98622
19.35278
11.70037
28.82593
9.1861
15.35195
10.01628
17.45821
21.18483
24.17795
11.58527
21.21569
17.97429
28.06619
26.52275
20.2421
19.88106
13.86559
9.72606
25.39604
14.80634
23.15581
34.17932
19.68559
19.93076
14.06001
25.2267
39.50706
38.93506
19.48098
28.5306
25.75022
18.50304
19.50549
4.38184
25.60807
14.67401
16.57021
15.91755
13.35803
33.19958
10.6744
8.59115
8.78832
14.81709
7.7902
21.54588
35.11839
31.28266
18.60907
14.12738
22.68162
29.68733
15.92699
15.58355
19.95878
12.31524
9.56781
28.5816
25.13735
27.5025
26.31007
28.96744
27.85686
11.73135
6.125
19.02185
22.54804
8.42882
22.71331
8.28241
16.95307
21.64214
24.29889
36.55312
13.33817
19.71651
14.85579
14.5056
17.91149
24.92529
10.39452
32.20357
39.3203
21.63348
22.61599
14.00075
17.77942
27.32015
36.65698
4.29828
17.53151
22.15718
25.8723
7.82647
14.35218
20.72956
23.26337
11.4639
36.5166
36.70742
13.29989
34.34663
30.35775
14.70524
31.22259
13.64606
15.61563
41.36564
16.25265
20.82319
19.19369
25.35933
20.75902
18.66915
24.32314
20.01718
12.46958
11.08591
9.40694
18.01346
14.25715
23.33022
28.011
10.57487
11.88387
17.29404
46.46002
10.40753
20.40887
27.11856
16.84671
52.1167
22.08778
17.67658
15.18503
31.68511
14.56869
24.29574
23.5703
12.612
18.96444
20.18981
14.78158
10.64439
27.70012
10.51268
27.67726
30.07594
14.614
30.95956
17.26578
18.12243
8.02229
29.23331
21.05715
15.24788
12.05327
25.69889
28.83635
11.95749
9.41124
18.9053
13.90534
15.52697
16.1757
31.13385
17.34577
14.26895
19.10051
8.97101
16.60462
17.28295
19.69238
24.66179
28.87443
14.92012
23.79177
14.25905
12.15385
38.96783
12.24699
24.64169
22.9801
29.42691
17.39851
9.027
23.70239
31.75896
12.24511
27.39621
13.40457
15.03483
15.90104
7.75266
12.95291
21.48271
13.17318
18.55544
18.49442
28.74426
29.62427
27.21612
13.59252
29.54915
13.75338
21.21322
7.55898
6.96704
8.88544
9.84978
25.25019
27.60651
17.85149
28.409
19.68364
24.88354
20.8708
8.81692
19.99999
9.32378
23.29539
18.04745
11.93825
24.57132
19.76384
12.76178
12.59658
20.59515
17.83133
11.97968
40.72254
24.7184
5.89345
11.43996
17.25635
45.81791
19.35027
22.7267
32.20394
32.72961
19.52694
19.84422
9.02371
19.57337
20.74548
22.8028
19.76328
10.99818
18.25875
27.81831
31.72388
29.1175
13.31131
28.48169
26.98532
7.45976
16.14916
16.18072
22.07986
26.05722
12.87351
26.74336
10.77344
14.98189
4.51629
19.52701
33.18522
17.35372
23.62109
35.47101
20.7868
22.74655
31.85616
40.07399
5.93152
27.67077
9.61029
19.7384
9.4318
32.69582
23.17315
14.58597
14.04686
24.51793
23.69489
13.57331
18.36853
15.33896
15.29318
25.37054
13.28411
16.51612
17.4254
16.25035
21.56393
21.88539
13.67532
17.58833
10.01984
14.90402
25.02219
21.88542
18.00898
26.25956
22.77929
27.2753
20.35145
20.93738
23.84039
8.40614
21.61619
14.11656
12.19938
22.70586
23.28039
25.88433
22.26591
19.32707
46.5101
11.71285
16.58568
14.21817
18.54186
34.15374
9.16307
29.35955
18.17538
24.85861
19.36431
23.60754
18.23999
11.90172
25.65397
26.8234
50.895
20.35171
20.54241
30.01763
32.25379
14.59175
18.0635
19.00719
14.52806
47.91978
27.83839
12.06137
15.88541
16.86489
24.09982
16.50555
22.00515
15.73684
37.34393
12.14553
23.81635
23.41552
15.89323
21.91415
33.7812
17.32426
9.19207
14.22121
29.6189
15.81427
12.28963
36.70996
47.72644
38.32006
12.60963
8.1201
22.68599
14.23187
17.00676
23.17392
33.59636
22.65229
18.11261
25.79061
22.61152
10.61674
27.8132
7.71833
10.33181
21.03223
11.39197
9.15545
39.50954
17.70273
9.04548
11.17535
23.68563
15.96223
41.90484
33.01733
15.25422
18.71987
28.46853
32.96459
18.10018
9.05148
13.98284
24.39025
19.80909
25.116
10.63455
14.55039
27.44312
15.56968
12.38605
15.84274
17.98787
27.39968
15.59303
6.31951
26.48066
18.46268
14.27261
43.94061
17.15582
29.77923
36.67223
15.28894
13.09745
17.38826
32.57154
9.32946
14.57779
19.39119
39.7305
34.63987
20.14391
6.72547
8.3444
8.64011
22.46707
22.5893
27.11702
11.02677
14.35779
14.16304
35.73942
13.31355
49.82221
20.27816
12.68961
15.51713
24.85963
10.55574
20.11375
12.55052
17.46739
32.57139
18.37122
12.73103
17.52956
20.75045
27.89368
18.19452
13.64479
27.43025
38.39197
14.86065
10.17307
18.9016
25.4093
20.59693
17.50662
22.1958
15.95612
26.2861
15.18227
23.51997
37.42244
19.67813
22.75764
29.37274
14.11169
21.34318
21.10449
9.27657
16.78881
26.25643
12.46498
16.54761
32.51471
19.66774
9.16584
17.19977
32.60535
36.16251
18.33098
12.73854
11.56777
4.50544
18.73115
14.2704
24.56253
33.73132
18.02415
25.88392
33.36192
11.64892
31.79669
12.36998
11.31138
27.91811
4.75128
10.13777
13.4292
35.1605
17.15762
17.46952
15.047
18.59253
20.96387
23.91817
43.05543
14.10709
8.3688
17.80116
8.353
12.19751
28.16189
17.70875
12.99068
26.53421
28.54492
15.73006
10.06018
8.82765
19.0005
18.8718
20.61841
18.49089
23.69221
13.60304
19.6335
8.93375
46.01205
14.60317
18.05789
29.26214
40.35634
24.7771
16.32982
31.2838
28.92403
14.32302
22.49027
23.5444
15.42096
20.69282
24.03363
20.48546
22.46799
23.3396
20.56904
18.96501
3.51104
39.68518
41.50779
26.20365
18.87431
15.53387
19.89363
19.54965
24.27978
17.8977
30.27582
5.84832
50.33583
16.46502
9.11496
14.6244
19.23117
17.69216
14.98961
22.78882
9.31362
10.48683
11.71254
15.62436
20.87812
20.66682
14.0437
19.49481
8.11236
24.54042
21.43447
41.48361
20.81718
22.75194
30.00543
33.77253
42.42752
18.27855
16.77815
23.46932
24.04038
35.05916
21.17327
18.28343
8.977
25.27785
37.35832
20.10091
12.71389
30.31783
26.83064
14.87501
25.90958
28.35495
47.04329
27.6239
28.5932
42.96448
13.09266
12.21305
10.67165
32.33835
19.07686
30.49403
32.31877
19.71218
29.51608
29.26403
34.4013
39.01579
12.28913
9.50777
26.81157
25.51852
9.44638
54.26644
16.36031
13.06612
6.83401
40.69744
20.98007
17.20858
16.8623
25.07672
18.02439
14.09195
18.589
17.19647
30.25974
12.96432
20.31503
19.36808
23.45674
26.33835
14.73895
25.23859
19.22984
13.48319
14.99318
21.79186
30.00312
15.10651
27.94539
14.06012
30.04456
28.2587
11.27841
27.5413
15.8105
13.17865
27.82719
25.68123
9.42835
34.54667
53.12985
8.89193
43.79685
27.8852
30.20896
19.0686
17.11701
24.29307
13.41054
9.72956
18.51174
23.99352
16.1464
11.44781
23.94361
27.04966
25.3892
26.07955
24.58138
23.27228
7.72762
31.69318
20.76265
5.73141
31.43954
22.41232
20.75829
40.55153
30.41903
19.20804
20.10762
11.43389
24.41375
11.45069
13.46229
51.71939
19.94652
28.13738
27.43489
23.09323
21.93311
12.15264
17.98122
11.72841
26.65517
37.78832
23.38086
17.3669
25.38141
20.93351
29.03446
19.56922
40.536
15.08261
12.5746
36.64655
15.35927
11.09713
21.77448
17.95361
15.61831
18.16298
42.68162
22.49888
27.65319
16.06841
34.05669
8.65911
46.05052
18.11113
38.22935
32.11445
15.11959
11.42705
26.03857
28.929
27.16551
16.72711
38.72966
28.2088
10.34282
21.08398
30.4763
37.40764
18.73104
16.20732
22.32554
25.08307
10.32828
28.44561
7.64959
16.63008
20.4587
30.51138
19.35932
20.29948
18.49339
22.17784
11.52507
19.35372
18.31053
20.67676
27.78484
18.5458
11.71927
36.85829
21.1909
28.35013
23.14061
46.19367
13.74906
16.02799
24.78116
10.88061
14.78017
28.42692
21.05075
28.13874
19.20408
5.84356
20.35635
15.36408
27.83835
25.16628
11.27429
18.67786
31.10765
24.39786
37.89755
16.84357
18.19671
15.8278
14.38682
14.14341
27.04507
14.0275
17.99504
9.53846
19.08915
28.41784
20.93046
31.9261
28.59616
18.411
17.21136
14.2051
10.68405
12.46914
14.76045
22.71676
10.82329
28.33214
28.48922
23.89296
13.60471
26.80387
9.81936
14.39936
15.90472
8.86105
14.66016
27.19613
10.60336
17.51436
26.20802
18.92183
12.22631
26.11727
22.13806
18.00226
10.53302
21.31864
32.81413
9.08212
9.22547
13.18955
28.82076
16.03672
27.32185
27.8344
19.94744
10.39149
14.30292
31.72127
7.60857
36.20096
22.38403
26.78147
29.88253
12.26551
18.18274
23.12906
15.50569
26.49098
18.25717
15.54529
12.26175
27.14707
29.16011
31.81729
19.69572
15.33882
26.81651
15.36384
14.13987
35.73643
30.68442
18.55935
35.47917
9.56747
25.77867
30.7922
11.06665
35.50988
26.55679
24.04817
9.87174
34.03912
19.45544
12.27645
17.73101
36.10101
25.41846
11.81404
16.944
13.24936
31.78581
26.93936
23.07642
21.21341
35.91021
24.73456
36.97816
20.00678
35.45896
20.71432
14.7591
18.82117
15.3905
21.56006
26.05204
20.88229
17.81019
29.30842
34.08143
8.91163
28.991
27.64545
13.10228
20.46729
16.50679
34.20509
27.50774
15.72879
16.36987
12.93075
20.50403
32.56426
11.35963
20.2374
22.71013
15.5578
18.29657
28.47327
31.42729
23.59822
34.98254
35.23089
26.261
24.31285
9.22774
28.58537
13.37722
16.30835
19.48603
5.91018
17.88749
7.8069
14.97678
15.5522
26.56169
3.69447
12.34098
26.28224
26.86047
35.58796
11.42446
29.42079
25.74277
8.94469
21.53783
23.40714
17.34076
20.52419
20.89785
19.66767
14.47203
19.50876
30.43689
14.43016
30.92133
17.87564
19.63692
17.88218
8.19249
18.11009
29.00103
17.94672
24.49577
35.44682
20.40908
27.58289
23.25431
37.99259
20.5236
21.62182
33.03793
12.14222
19.01633
28.50587
2.79911
23.23412
28.30662
26.95847
12.0644
26.23869
22.96899
22.75277
24.19023
13.14158
22.05199
23.79791
22.50291
26.28992
10.55758
28.3905
20.62541
33.98241
14.20117
13.34082
9.79832
9.37784
15.58392
21.1814
28.01711
14.90986
31.23824
31.5153
15.45701
18.66434
28.05997
32.02918
24.46801
14.59133
6.04362
18.31286
24.21976
24.88299
21.66059
11.05288
31.1462
22.39241
8.89861
3.63911
5.13455
15.84322
40.16414
20.08082
17.02188
28.41841
26.57575
24.59221
19.70032
11.41325
24.12467
28.40339
18.54568
21.8102
13.67668
16.73481
17.37045
24.08056
34.57294
24.2185
18.92473
10.40608
23.98479
20.75743
9.41113
22.07371
17.94066
16.94093
12.30148
11.51117
38.54444
14.095
22.4039
28.23891
34.74773
23.73877
25.29375
31.56487
14.09363
37.26146
37.16503
30.46818
32.28101
18.00643
11.16575
30.02177
32.04927
22.94955
23.05909
15.69465
13.83143
33.76609
22.34672
14.047
23.24661
13.73625
29.9914
24.33262
11.61808
26.24138
35.6924
8.77633
13.45934
25.10311
29.91685
7.93254
18.75859
34.63402
27.88208
32.06945
18.62496
25.38035
17.02962
32.77621
34.12287
20.50085
25.96784
10.72424
17.19275
21.22478
35.97879
18.01802
12.00131
58.18728
26.83689
9.33096
26.0356
18.60339
16.31877
16.27645
6.28084
17.20186
45.42348
32.13232
12.97519
22.42538
12.71929
23.11801
16.47742
17.13381
5.55888
5.42379
20.66084
18.62225
34.54202
13.07808
11.51336
12.21579
24.24434
11.46322
22.05431
10.98712
16.63909
22.8611
21.81595
16.09803
38.85466
39.77338
22.25552
21.70016
30.43287
33.7796
22.26306
17.34871
23.48416
12.83936
12.75277
13.94497
19.1379
12.52741
29.08741
13.08165
13.16428
21.97405
25.3702
24.87138
11.69111
17.71805
29.27927
11.35775
12.06309
12.49399
14.81321
28.79705
30.57427
19.11602
33.83427
15.38396
23.59641
12.57077
24.71855
19.56532
49.31317
19.17527
16.05544
23.17001
31.11476
34.1473
25.27837
19.40724
20.39732
32.82242
9.90285
24.93613
22.72509
39.97094
45.52322
16.12257
13.58904
33.80522
2.81256
24.12696
10.18791
24.55178
26.58385
16.27381
13.99671
21.54074
35.05792
12.88347
13.73289
19.31595
14.35983
21.00081
29.03895
3.76706
51.08231
22.45344
17.6949
25.21456
32.7166
16.67112
31.40196
29.42215
27.87929
20.98926
34.64125
38.99112
42.41999
22.3966
20.98709
19.13416
23.09088
18.86949
20.3117
16.6024
16.03899
5.91609
5.48702
10.54988
19.67802
22.02331
28.95011
21.67406
28.50095
27.21136
38.81582
29.31177
25.30695
30.67666
27.60915
21.29812
20.91765
25.42732
24.07686
42.80458
9.04926
56.88693
14.7582
54.56442
24.02515
15.04415
34.37873
18.3906
24.3807
11.13614
21.2371
12.32806
27.50854
18.16693
24.40203
28.77694
19.43133
42.34353
14.43275
24.94671
17.50927
16.43435
17.40384
9.59219
23.65472
10.1718
41.02913
26.38864
8.16043
25.22724
8.69094
17.20133
18.95648
26.30514
14.35775
20.63214
39.59082
40.74044
23.16023
17.87976
12.56658
17.08345
29.15799
22.78241
23.43305
38.00838
30.01664
17.03158
18.1631
21.99397
30.17283
21.36902
24.20813
16.27137
9.2158
11.29077
18.65221
49.93236
23.59339
19.95364
17.7083
10.54564
26.21834
6.14075
9.32419
28.74023
14.20349
45.03901
16.43484
26.27236
32.43019
17.48154
12.7435
26.4683
20.47075
15.26003
17.73737
23.86163
32.32538
28.29456
9.20356
25.15328
16.79948
11.49459
22.66841
32.68383
58.34172
15.07208
21.75395
20.5549
14.94544
28.63313
21.23942
28.13723
19.67768
20.59439
19.54904
17.20158
66.69937
45.41712
20.82542
52.97254
38.10262
12.62095
16.14935
30.29898
24.7909
17.88625
17.73492
11.17841
11.21917
17.5814
16.09328
18.95905
28.62287
15.11666
13.97587
33.4918
33.56333
25.93195
16.18611
34.05816
29.61102
13.06576
52.03585
25.37847
29.28641
25.49157
19.85693
28.8768
38.67721
22.22243
19.73622
29.99036
31.25806
2.21127
19.73481
45.78276
41.35335
12.23286
18.98547
59.33729
31.53799
17.29378
31.56137
13.70055
35.69718
30.08231
18.48304
39.85085
31.74896
41.50739
35.5387
25.8587
23.38642
40.82815
16.05826
34.09796
19.43041
32.04085
16.13777
2.53574
27.65018
60.83715
11.97713
7.61022
16.52886
26.82989
20.71174
14.65074
33.8183
23.78888
22.27906
30.55801
21.64285
15.41797
17.62838
35.34412
18.03123
20.31203
21.84635
28.79899
13.2681
26.6693
29.7487
17.00407
25.97752
25.20918
20.05186
15.138
46.0388
18.81261
24.26987
20.90475
22.23818
27.95135
32.45287
19.75534
30.07909
3.79597
19.83536
20.9982
14.09871
45.89083
12.99879
19.69789
11.60113
29.25882
22.29332
3.3753
17.89981
35.48013
18.66075
19.80272
9.85587
10.98957
20.04748
18.86003
19.34145
28.83289
21.6095
10.80522
25.07174
53.06975
16.03036
34.56677
15.80174
35.84462
23.92377
14.22962
25.64877
23.31514
27.44983
16.41417
39.56031
19.50803
12.63072
19.28318
24.37814
25.79331
7.80878
50.93995
19.77329
25.81483
21.56581
45.3104
37.28693
33.21737
21.37206
25.92953
25.16001
13.96752
36.05813
45.12922
34.56014
12.6363
40.61525
4.68325
6.66114
14.30164
22.30038
34.62876
35.59832
13.97881
32.70221
11.17165
14.03402
22.70685
13.18877
10.50355
13.2844
28.31046
22.7729
28.02523
34.70889
13.74506
33.76916
15.30952
22.01678
16.70496
18.34518
38.20262
17.83289
47.17995
29.88522
9.83523
24.3425
43.44447
20.20509
25.93706
8.24543
16.57433
22.81992
26.17817
24.09016
20.75834
51.16994
17.11931
19.19805
37.32939
28.43334
25.4172
6.69898
27.43251
30.35221
19.4139
21.988
6.51724
19.53207
19.7946
48.05361
35.66419
40.1247
23.54377
28.63459
46.82533
22.84362
9.74471
28.77314
20.44855
24.49203
23.81252
18.03774
44.401
32.42392
14.95384
10.19527
13.09221
8.18594
40.16098
22.85943
23.92042
18.85531
10.09198
37.77314
23.21762
27.34928
32.19582
25.59889
36.67918
20.74877
34.27324
33.42966
27.33563
22.03009
16.64674
13.90418
11.88276
9.24139
19.60623
13.56021
6.93285
17.91424
15.0948
28.05256
31.76618
21.44642
12.36094
10.091
10.55683
14.14311
18.1009
28.34485
26.71575
24.00649
21.76724
32.26091
17.97419
17.45535
18.0047
15.00269
17.7295
7.712
31.26532
23.82058
41.61005
18.13723
22.65724
11.26011
19.97012
24.70112
14.01777
21.77803
18.32583
26.40372
32.98263
28.06997
47.08716
12.92998
28.09003
36.37188
26.6399
23.66132
29.44828
11.49413
11.45238
19.45343
21.4579
22.15489
24.06859
48.35357
30.39875
24.36731
26.13583
20.26805
31.13461
32.00311
23.81421
21.01353
32.50417
16.05672
13.43315
32.21971
33.289
40.11524
22.79086
8.45319
29.8851
26.34005
33.15059
39.26738
15.05424
27.07831
10.42754
21.00686
25.8625
21.74669
38.22666
8.12923
59.55297
41.46298
28.72141
16.07266
27.33236
19.44192
15.30256
23.20773
17.41313
20.02674
29.94373
17.88958
19.32446
11.75115
45.83833
29.49104
20.81964
31.8791
24.49954
10.97778
14.18673
19.91785
26.45385
16.3606
23.52537
15.75025
24.66035
30.19484
14.14872
16.99431
37.63633
22.61664
55.63311
31.82892
23.24151
23.74236
25.19757
15.91834
15.49481
27.64646
23.8775
31.41415
23.18917
35.37283
17.1588
21.87204
9.32433
16.82836
11.54444
13.58276
17.82601
14.10741
26.32443
31.57441
33.31486
21.68327
6.72654
16.7201
19.82562
44.4033
20.88213
24.02619
24.09692
7.31064
6.51963
23.39486
17.15132
18.93221
41.31383
25.7526
22.26477
27.79833
26.13318
10.47652
43.54517
28.40478
8.54404
34.86372
28.71363
24.00051
3.28922
20.44871
19.35847
32.62455
27.7453
43.82844
18.75254
22.52425
38.7657
20.91975
34.42734
30.79701
22.0309
10.55307
13.71252
10.69109
28.23214
57.48649
27.01739
25.99323
28.1064
8.20211
24.64512
32.62817
29.77672
21.77968
15.88394
13.29296
18.5327
13.77281
14.39597
19.11106
24.08641
35.38487
15.57989
26.59508
10.91379
9.17078
40.94227
33.47041
20.64315
9.71402
23.68431
16.25291
24.6651
32.19047
17.99645
29.19757
17.29444
26.89691
32.64974
24.26736
50.91821
13.59868
30.59555
18.91524
18.56189
37.16998
23.63503
34.43471
18.38885
23.02572
23.46484
6.45734
18.36879
21.18283
13.69881
21.80867
10.34202
19.54779
15.47179
20.52407
22.25508
14.97933
27.18712
5.14193
39.81914
23.8638
35.77946
31.5363
15.22805
31.86445
13.57685
52.79326
18.7749
38.65432
47.02672
27.6611
17.11805
14.91064
42.05527
26.4053
14.04469
32.32987
21.95899
21.25363
33.19734
37.40397
15.52479
28.85335
16.91655
28.59498
30.63146
23.06631
16.57538
11.04044
42.01575
20.35482
22.31373
15.4637
22.11323
33.98552
36.78334
22.44218
17.11955
20.85726
25.77411
17.06314
24.1074
22.77813
24.9991
32.9834
36.45456
22.80516
20.28298
40.8427
28.55632
19.6904
24.32108
37.26449
25.55072
16.3101
6.8411
9.3141
19.05075
8.42771
29.22719
35.28457
37.66696
24.69866
41.30651
32.62326
27.81638
23.17655
17.58904
51.2462
19.668
26.04309
35.73149
11.599
26.98103
19.64533
16.53711
24.79894
10.29141
20.83815
53.58564
23.7474
30.41736
24.06687
26.62455
64.8481
43.98251
28.51262
35.75694
23.13463
21.41033
6.27477
29.36117
25.92052
12.3601
13.64495
20.95334
17.08391
10.70406
31.66656
29.74022
15.23163
13.37743
8.43525
25.39159
14.69621
31.85761
7.05303
20.9677
36.24923
28.17878
19.28696
14.22004
12.07523
24.02032
26.55421
21.64697
28.48826
16.45754
15.60179
33.70731
24.60066
20.82628
31.80692
19.11001
12.88292
24.86087
17.03786
34.45217
15.53046
8.55617
24.34955
10.24579
21.59318
19.95213
18.89876
28.11556
20.41914
17.72727
14.55596
43.39932
9.82389
12.2962
18.03574
30.74582
40.56993
13.40378
12.19426
30.19275
12.78342
28.53231
16.32786
8.82038
13.73108
41.76342
33.91065
13.33157
11.60893
46.68933
16.28826
48.33716
13.53707
26.71688
18.61475
21.46202
28.12345
6.44519
16.19085
26.13131
40.2342
26.27948
18.11552
20.69346
20.5581
19.56443
16.01792
26.98208
14.85136
11.98097
17.37048
20.03114
32.83751
4.31674
14.7485
18.00574
11.69634
12.05775
29.02401
25.11682
15.2599
13.53764
31.25198
4.44405
28.25978
27.39378
31.2878
16.51876
16.58859
39.65618
23.88744
29.0995
33.71847
17.63437
13.92977
31.36295
26.5305
11.63364
15.27948
23.18774
42.41426
9.62714
30.27971
10.34954
19.90664
19.64043
36.39997
13.90115
33.45951
32.30619
25.0346
14.96496
27.75347
11.0446
7.63845
20.4827
42.90601
10.31632
34.37257
27.34497
10.43885
18.3567
30.2305
17.30632
12.56935
30.9223
18.70143
23.86488
12.07942
19.25467
15.39932
32.42606
14.4661
28.8786
11.88694
19.38885
27.36955
15.29511
30.70004
27.4918
47.05477
27.12145
29.29018
12.68649
21.66639
8.34535
16.66611
19.68533
17.15503
28.43369
29.83548
22.21302
31.66422
23.69523
38.58118
34.8083
19.75932
15.58917
22.23658
8.79023
31.31884
24.63555
27.6107
22.03257
19.4704
5.02311
19.27016
28.95822
25.60995
31.82881
25.4829
32.59504
13.2679
26.4108
11.20457
17.27833
20.84996
35.99779
31.16935
17.69022
20.82817
27.32171
11.93422
23.3153
39.07112
24.2839
19.00115
19.09336
31.64963
14.98374
15.79529
26.89621
23.8181
26.49208
46.11767
35.17381
34.82342
32.45226
12.38382
13.7706
18.19805
29.88422
16.01036
16.96755
15.09977
12.13349
35.22775
25.11312
24.09014
16.05437
36.37956
11.19493
16.1659
70.25055
31.06292
24.6893
19.64016
8.67988
51.15547
22.82953
14.96397
24.51688
5.73305
20.77241
21.41395
30.35342
27.03164
35.39796
26.65744
27.56622
37.78484
22.28123
17.70467
28.6039
25.43382
30.46098
8.98457
8.36322
50.23758
32.78295
21.26105
25.7853
31.46102
10.64838
14.046
25.0128
11.36237
33.32378
9.97022
22.33014
34.14727
13.33629
29.20348
13.99083
13.38794
16.48712
24.44265
18.89772
25.56623
16.10193
13.84132
14.22264
25.94186
42.03059
34.42881
17.7093
10.44321
11.43466
82.92426
34.22242
48.21067
25.63196
6.57633
23.06826
25.82536
38.28785
11.3286
31.81052
14.23173
28.65016
19.25442
24.28102
31.27079
33.7577
12.34401
16.79112
25.19937
24.50663
14.26705
18.68741
43.31535
49.04349
23.41109
33.42137
18.50694
24.845
28.55155
14.73149
32.03444
17.22682
41.36515
35.15746
26.70447
19.11431
13.3903
23.23666
25.15172
10.54831
27.9898
22.6886
30.38946
14.09477
24.79888
11.63365
4.73876
23.66056
19.19469
10.46575
44.93456
16.4352
16.42504
16.79153
21.13918
6.74611
16.65642
13.28555
17.49511
37.78707
20.02433
24.35045
16.25405
16.49262
30.1216
5.26039
17.18149
24.34827
27.07385
27.84498
29.1562
19.91189
36.22809
22.13286
17.15196
30.18799
33.4954
39.69181
33.54743
13.10161
20.38745
21.97671
23.19126
23.67309
32.03861
20.00079
36.50262
35.29115
25.60265
37.57024
24.25674
42.53123
19.72699
26.50567
28.38028
31.30669
22.03863
28.71395
10.38993
20.20447
19.8733
38.66215
18.68623
25.82436
22.32882
28.52707
16.92897
29.90598
30.78677
9.63871
7.02645
29.69234
15.59796
18.74842
14.94631
33.60443
12.38233
31.20428
20.28642
12.88014
32.83113
13.47939
22.9642
20.15093
6.57682
20.71229
27.99312
15.94311
24.17133
44.68017
25.44063
21.16517
38.81688
25.19937
31.7449
15.82352
31.71054
15.7934
26.63873
38.40725
12.09337
14.77568
34.62756
26.22406
13.59071
25.67964
21.66427
29.19869
26.84015
12.29038
9.5581
28.72504
5.59379
16.04028
20.52515
30.85007
26.99148
17.68676
34.43567
11.11927
7.59759
27.85783
20.0997
49.48533
38.48772
31.42686
16.57569
19.95513
21.31696
15.77412
53.92166
45.95542
33.02211
33.89373
31.34917
9.01172
15.76901
27.69235
23.13009
14.7878
23.6371
26.10862
38.56722
12.05911
18.91763
27.02282
18.73374
32.28103
16.46176
37.77999
34.58654
15.92636
34.43558
20.8342
22.50922
23.00697
14.7785
19.3049
12.17164
19.31918
26.05934
39.51259
19.12492
5.04165
41.10805
21.28543
32.24996
21.38313
16.40286
10.07368
11.11952
18.34929
28.04852
29.08786
23.72185
21.90592
35.91926
14.14882
32.58492
20.5723
31.67088
24.28768
22.84397
31.1861
15.67535
34.10189
38.36234
21.54562
18.30892
34.44959
11.46506
11.30579
15.92798
9.47484
8.3509
18.09071
10.48989
23.12756
29.34484
22.30747
23.81641
35.39933
26.40938
19.50722
47.77093
7.12249
26.38136
21.0175
15.13102
2.48951
36.65585
16.73884
8.61467
21.03896
30.85391
30.58281
24.39602
37.91448
29.00616
38.93075
9.5107
26.31277
21.89532
34.88566
33.75991
11.68155
32.29147
29.46878
17.61999
13.92791
20.09231
21.36374
14.49773
21.38244
17.56634
37.08348
33.0273
48.39059
20.00425
32.51449
12.85576
21.54935
28.59189
35.46541
23.90115
54.09523
35.3735
40.91293
37.94695
9.6496
16.68176
19.1991
55.23526
19.80894
13.11337
21.7612
32.20885
10.60769
42.08337
18.5137
26.15797
22.84463
36.52104
13.49571
7.64286
18.83989
24.58775
26.4616
19.23478
26.83826
30.44706
24.30955
15.95063
3.5683
46.62494
17.27283
24.46685
21.11869
32.98088
22.95963
30.78382
6.16547
15.89782
35.94154
17.20363
27.23165
28.35287
36.48087
47.10768
44.35851
33.49496
27.03902
23.85171
59.23638
26.41736
36.5461
19.20626
4.83528
26.94672
31.93731
20.65398
16.91832
24.36082
46.88698
53.90355
23.47856
28.13031
32.16927
12.89232
20.02296
18.1021
20.52995
30.47366
28.0359
12.13556
24.06435
16.90214
27.54027
15.01638
31.59415
25.44694
15.5798
14.97414
35.51246
12.00164
13.91489
11.18078
27.22098
33.51425
23.62378
30.81524
49.03668
39.4895
21.22708
10.39483
13.56466
14.90078
30.99191
33.89516
13.42188
10.17212
18.53281
40.17176
25.35374
27.82199
14.62639
23.27546
24.60905
16.20488
46.29772
21.07932
14.00623
19.42253
16.59097
42.51161
26.17002
12.03222
18.93559
17.02051
47.68967
24.85606
26.85059
12.28969
16.09101
13.61189
14.06321
5.08308
11.22985
21.63505
33.64526
26.19902
27.70135
22.35753
24.24341
23.21812
13.73588
19.01261
13.39919
18.2416
19.99435
52.05033
23.92251
17.65713
18.16557
19.91756
27.54576
33.77075
27.31609
24.98701
24.16202
15.53884
10.81369
28.28797
23.78639
31.72459
20.81946
26.96482
16.17237
13.35515
15.57532
18.12558
22.98409
43.64296
23.46146
9.31927
17.42813
41.10936
49.44723
14.25618
25.28146
19.61868
14.59467
29.86503
32.23693
19.72442
23.57554
38.72355
29.85386
13.84475
46.75834
15.21029
15.11457
18.08946
19.86287
20.80357
15.071
23.94417
18.36675
36.30232
17.35131
20.1265
29.62002
22.13384
13.43429
16.20396
22.83453
31.45648
26.34765
18.31889
22.4778
28.13529
28.12863
25.32179
25.31181
12.29087
29.05181
34.71075
21.20931
72.81629
13.40272
15.11237
22.9323
16.92128
13.91523
30.49996
14.84118
15.61717
36.73911
12.20308
35.91077
15.24762
19.11015
8.9516
27.27215
21.09866
34.45817
19.65571
34.19896
26.02622
36.59695
9.08478
29.0309
30.98748
18.85518
13.64173
29.20155
25.08585
27.84156
20.45431
31.6106
37.03916
23.63702
20.69354
29.95669
9.03675
16.91703
18.35128
17.03653
32.78048
29.31757
27.8015
10.12421
12.33641
27.90339
23.36695
25.51692
25.38426
36.40865
20.63959
23.62035
35.86311
24.16833
11.81386
29.18228
29.2926
19.6089
11.20495
17.7723
39.21296
37.25874
34.34862
32.69576
27.91098
9.56177
42.57332
43.9093
14.44391
43.21713
24.67892
27.04068
16.86573
16.70959
9.67124
23.45491
22.16366
10.80285
19.265
12.29775
34.14616
17.79429
19.9818
22.69335
24.55227
10.00759
19.40709
44.3253
28.38779
38.9946
38.29905
22.03353
36.57962
22.98269
12.60278
21.19865
17.0491
3.28086
28.62812
19.52882
56.03327
23.25175
26.43937
36.24097
14.03397
9.40752
22.84356
25.57457
15.1259
27.31601
20.82375
21.02873
30.0778
42.97418
15.00246
14.11618
11.41773
16.03685
11.98318
26.14797
20.42247
29.33238
52.68227
32.02178
16.87475
11.42844
34.63996
21.49011
24.60067
30.28015
23.45795
20.97818
33.15198
12.86029
35.39533
46.82408
49.39642
26.9126
29.19786
8.90521
12.29253
18.14979
26.76992
6.27256
19.69693
18.38175
17.6421
8.59262
15.97193
11.03125
37.13846
55.81854
40.0427
25.71681
25.32979
44.03572
17.71254
40.57495
14.83382
22.67991
20.70641
21.09753
33.15973
34.17459
22.21618
12.46911
10.00255
24.6561
28.10294
10.82552
29.05159
16.64556
18.80011
38.96021
41.07473
19.10385
29.20989
15.35237
22.18036
11.42673
37.1366
24.93615
43.02413
35.72051
25.50625
14.57802
45.86291
13.63081
12.24328
33.49716
35.70615
13.88326
14.55114
30.80378
24.46223
7.49912
32.88093
13.15228
17.27928
42.76941
29.85174
25.87858
21.40283
21.74925
17.72316
5.00833
37.04779
30.2576
28.14242
17.4907
29.79173
29.7889
27.89258
15.82566
38.48024
20.919
33.78052
36.12832
24.60582
10.49215
37.32277
12.59826
11.95792
43.8305
40.51045
39.86844
20.98429
21.4264
29.55867
49.71019
18.75026
29.86141
23.35026
22.28166
27.14494
8.79619
34.32082
16.8148
23.75262
31.21043
15.4555
20.66963
22.56393
40.33315
20.74699
28.49458
11.96239
15.60392
9.82294
17.13404
59.46294
13.44115
17.18198
21.60415
18.24875
15.69807
31.80664
26.14438
21.21725
20.04864
16.90703
25.29422
13.11233
31.5976
16.20478
19.01337
28.13458
26.90704
27.51008
27.28794
36.0913
39.0739
16.03152
12.04425
24.1031
37.4598
16.64397
32.00484
28.75595
23.83464
17.11488
7.1189
10.87598
26.7683
26.88621
49.37215
53.94609
29.742
19.55885
20.90284
14.58481
34.03743
31.00747
20.22533
28.3017
14.9181
35.2082
7.96852
22.53209
25.87376
12.32172
30.99153
56.16012
21.5534
17.42877
9.58455
14.9511
20.99504
20.50611
16.7374
22.43173
21.19981
28.66604
26.16489
24.72381
37.54261
30.94135
23.17341
34.50893
26.1349
28.49415
16.41369
32.09703
17.47333
7.30822
9.00312
18.61293
27.38707
22.90618
21.78913
17.02607
10.1725
43.44268
20.3501
47.03195
18.77286
12.2814
30.66244
28.40299
20.31211
23.10726
6.46948
8.01894
16.77849
32.80903
19.67593
14.5299
31.05495
25.02855
32.98169
22.81082
23.73628
27.9856
19.7905
15.68843
11.44047
52.79215
28.90638
11.31363
28.98856
32.96581
19.80879
42.94005
26.30315
8.25953
25.49513
35.56838
7.90353
10.75401
24.18607
15.92655
24.53734
35.61415
20.42865
23.88937
18.65041
23.11164
10.82998
25.46694
32.24473
12.71752
13.69724
26.54497
8.18985
20.78095
7.56791
9.98541
21.40425
33.61234
39.01183
18.33538
23.76801
39.83429
17.50442
32.19623
38.70669
45.59501
30.74687
18.63957
20.14866
25.74404
14.5593
11.881
16.47709
32.86285
29.32428
26.04842
38.99998
19.69555
6.6396
29.26281
22.38882
12.15765
10.51663
25.97777
18.40854
33.18462
21.4941
20.92
18.74217
18.67671
35.82621
37.27005
10.75935
27.80213
34.45862
7.20824
38.76202
21.79614
29.33004
43.89943
25.41202
19.37411
18.60426
14.39212
12.04861
30.37846
39.11423
19.31103
19.83805
32.07364
14.02469
18.40022
30.7156
16.32485
16.93605
43.63075
44.00377
26.98924
9.34519
21.42046
26.20277
34.65353
33.38131
21.43968
11.96494
22.62684
11.46218
14.82113
36.67068
24.92322
17.68873
32.60147
31.59622
31.631
5.21607
18.06876
13.2084
24.12686
48.61815
24.9299
12.22494
37.16091
21.0228
15.68515
22.72683
33.46343
38.76507
19.7303
31.17184
13.39083
14.97326
35.50134
25.73458
15.78561
28.64361
22.09199
31.75383
9.53882
15.34449
14.53706
16.49579
26.43673
20.83153
20.86599
11.58687
9.01272
23.4266
18.29768
25.27859
28.02961
28.10479
18.47381
26.14056
19.27862
39.51497
20.98588
43.31129
29.20288
20.66237
16.13627
30.68432
15.72871
10.69635
15.30425
28.686
13.84875
33.24496
13.51268
31.21301
31.78741
44.99601
40.42373
32.81382
39.93182
16.13639
38.58464
16.06431
23.34998
30.72831
17.62695
49.75473
18.03995
42.70353
46.87406
21.60289
25.24818
33.3393
16.79552
13.19425
12.42476
25.50293
18.70812
21.01226
37.71413
41.03196
31.47953
16.44123
23.40447
17.31732
21.07931
32.98814
11.20768
24.45258
20.4835
21.88477
9.27581
10.69764
4.40939
14.35522
21.16304
26.98425
23.52031
24.10376
11.68722
22.96644
17.04715
18.31299
49.75113
29.33187
24.59519
27.90751
26.84816
28.88264
51.36581
27.1436
13.614
8.0395
17.53071
20.05565
34.13196
52.93416
26.76257
23.72282
18.52316
17.08435
28.47825
15.82107
29.37261
38.15197
22.65784
12.98676
10.56477
23.07292
25.69767
36.33513
8.62797
22.90698
50.55531
31.98143
13.8957
32.045
31.61041
19.07719
28.24878
16.79691
16.20743
17.84738
33.92458
41.63641
44.48314
29.97868
31.17212
24.47854
21.33508
35.55836
9.78593
8.85913
31.98913
17.54333
24.02762
17.65691
44.56844
5.22767
27.87945
14.13216
34.25831
25.94949
32.79733
34.48562
22.03315
72.80756
16.28982
31.27395
50.76598
44.98255
16.29376
17.28377
43.26943
24.77809
27.17056
37.85947
20.05117
13.88881
16.39573
18.99379
31.14396
12.43607
32.01831
26.66665
17.5526
24.80119
20.08154
18.19767
12.98781
17.26594
11.75546
26.84239
20.33705
29.29387
46.89645
28.65035
37.69448
18.08117
26.86389
28.99458
16.59754
27.17298
50.76821
20.7058
9.84477
33.06043
43.84116
40.07777
16.11138
28.6607
6.64682
30.72389
39.6284
16.66888
22.38041
12.94974
22.32321
29.85062
26.79557
39.97815
30.55877
31.87019
15.76335
17.96981
27.61827
49.58046
20.46328
14.5521
20.11265
28.68753
25.15036
34.29103
26.32445
16.88677
14.6002
24.2445
21.83086
32.58118
11.1384
41.12508
12.13058
43.85466
11.99808
20.08743
7.53664
22.10477
17.35885
28.53729
19.43259
35.28172
30.88826
26.54187
17.53704
25.54278
14.57272
40.36611
27.65861
27.82285
16.03098
27.97194
24.28528
14.25473
27.04827
32.60706
27.73288
19.93494
10.26904
31.05484
24.07609
37.15871
28.03582
23.47066
22.70651
22.63273
9.50447
41.7498
31.907
21.56771
19.35001
35.1347
9.30753
49.7432
34.7143
31.40571
33.67051
33.73173
16.39875
18.18389
18.32839
18.47472
17.37382
24.0898
36.22375
36.94795
37.77104
18.18733
25.87683
35.3621
13.54405
30.27362
9.43664
27.41382
30.34443
30.9133
16.49251
15.26603
54.21041
18.60798
17.35339
43.15675
21.41888
31.80103
18.66469
21.29099
17.23412
22.46996
23.97114
18.42102
36.20355
18.35327
16.06193
35.48575
43.25626
16.71534
28.35673
18.70835
23.59498
14.57877
21.07653
11.15276
16.18979
37.3548
13.64344
23.86394
8.82847
18.69345
17.09983
8.20138
21.0767
63.27478
23.6818
37.47399
7.95282
29.97043
15.63914
36.27074
22.94561
15.48692
16.85513
22.5426
11.43014
35.9115
17.30616
20.95731
28.2651
21.37489
13.91191
24.26488
27.02754
42.13803
15.50286
47.83616
24.18412
9.59485
35.1383
26.39492
17.50925
18.12131
6.52868
25.7242
33.91709
32.3635
17.36403
9.70564
9.82446
39.3398
19.1094
40.54977
27.76207
25.6853
10.51448
24.83508
11.10619
28.4775
18.99055
30.97509
13.22926
22.89785
55.19489
16.52401
21.56881
19.05892
42.03776
12.26135
15.48052
21.07586
17.87593
33.84562
19.69604
9.03529
38.00322
11.01537
43.16209
26.04513
25.98422
20.68912
18.5147
15.82805
28.676
18.14443
34.05839
5.3992
20.32152
31.36468
14.53229
28.66569
7.87867
37.3472
21.86178
33.94378
19.622
17.82378
46.89533
13.79613
26.82808
27.61422
23.96411
27.42095
15.08096
30.59806
37.60798
19.72282
23.97848
33.28352
10.47215
12.63361
20.98188
23.59498
36.48801
9.93461
24.08539
29.95754
24.80084
13.77217
20.77553
46.84416
8.79471
19.3741
40.54645
13.93513
23.00105
14.65982
23.08095
12.76075
21.966
12.63587
34.26254
36.94156
10.79096
8.33086
36.71102
34.40706
25.01398
23.31209
26.19649
15.60547
21.97662
19.07397
17.3169
13.65722
21.48506
10.40904
24.84913
18.71462
37.12423
25.63055
30.83259
32.78245
23.27783
22.82451
33.16536
42.27927
11.68436
15.54481
45.76157
32.93751
12.10221
37.0734
32.56006
9.93052
35.86977
24.47761
14.03719
17.084
22.15449
15.40343
29.25489
19.62442
33.64845
34.22095
22.81575
32.46216
27.74542
31.52359
28.55892
49.89158
14.29219
30.90084
26.64526
26.00855
11.24798
11.81865
30.60981
20.54288
31.11701
24.01482
29.6192
33.20505
20.62386
18.32994
26.16346
38.15288
18.32794
28.2482
26.07949
29.18082
16.05836
26.75106
22.80233
23.33595
12.16038
11.38621
16.62016
23.54794
23.97718
21.75693
18.07576
24.09462
46.8207
26.60548
30.03945
30.84652
20.06322
14.39075
31.21703
22.41543
10.40304
18.26442
22.5492
30.96207
16.56809
30.93502
17.70013
15.85312
10.95314
14.88936
24.30532
23.46101
19.31881
28.86893
18.47732
17.4974
31.47616
45.62058
21.74311
40.40099
16.49936
34.81206
21.27809
12.55325
13.11241
39.79152
35.59857
28.85363
8.97922
12.52382
28.32826
11.40707
35.53796
15.67145
30.41159
24.98877
13.67105
14.60552
32.42478
15.37674
22.49218
31.72722
24.27312
46.18277
18.44135
32.70656
37.13455
26.94291
13.17952
19.07711
6.21341
27.28644
14.86002
28.00529
26.52008
10.84273
31.10996
29.67197
11.80459
20.40759
18.87423
12.36359
20.23612
20.80287
26.38264
15.3252
24.8975
31.65157
25.16853
14.42703
7.79746
14.13599
17.28841
21.35962
40.18604
29.68195
8.39125
19.49541
18.13597
36.80714
30.64903
32.62263
17.9118
17.92147
38.73652
25.06354
19.09441
37.04072
28.23888
20.14644
7.72573
44.0511
22.49074
50.17724
15.83791
20.28041
11.95581
35.57062
29.54248
24.08901
33.6293
21.95317
32.4795
9.06505
35.36756
18.95567
27.09205
29.75735
18.06223
28.84806
19.32143
30.31747
55.38176
15.75821
35.9203
33.65988
18.78715
19.16721
8.78179
15.62565
23.63897
14.10896
21.17844
12.22232
10.91203
25.14299
29.46642
9.31921
35.64464
20.45097
24.83451
23.10064
29.14381
14.31092
3.63831
47.30995
12.79719
13.3055
20.98433
46.09572
19.66913
17.25666
18.7384
39.43206
10.40942
23.27097
14.75642
24.01582
29.74875
9.71408
10.87512
11.5445
25.57241
23.34034
25.00831
14.80947
44.26411
57.12569
20.23111
10.00124
22.65236
14.55579
25.58461
19.56001
22.15283
22.59035
14.26419
18.19436
31.70273
22.8166
32.81491
51.02405
15.28441
49.23418
13.06428
44.83176
12.14402
9.60683
60.9476
12.8231
33.60473
19.59751
35.18424
19.31616
23.49658
26.55592
16.56315
38.06175
15.49993
24.66708
16.38551
12.53824
10.3695
19.0073
20.77921
32.18971
30.12628
38.51822
24.99688
14.66207
20.44467
41.40843
23.98851
28.1355
17.87427
27.10549
33.18258
26.92826
20.37771
33.19854
21.56625
30.31889
26.63916
20.54746
15.50888
16.36635
6.50383
36.63773
30.97504
20.43912
11.13236
28.9082
19.97547
33.20381
11.52779
36.12641
24.62357
25.6468
20.85948
26.32339
35.17208
13.23403
26.02751
14.64332
30.70006
11.42191
32.54119
17.74303
36.7551
25.04959
17.30717
14.1786
8.05549
39.86253
25.18359
25.3389
37.74541
20.34123
38.20276
20.08672
20.39885
27.01696
43.30918
21.58805
39.81886
24.02784
30.61221
26.29203
43.16371
12.51912
24.16401
28.60203
36.61914
41.74612
18.4411
30.69409
23.46266
9.44608
44.19898
30.27571
25.39912
23.32005
20.60465
38.09602
11.59234
12.76589
26.29563
13.55673
24.58455
15.46097
38.3247
24.86574
12.45541
44.02714
16.96481
10.14836
38.81958
40.87649
21.47471
21.63643
16.53576
21.63822
15.65172
28.19179
29.10978
41.46967
29.2148
16.57985
40.92324
18.76457
19.73202
32.98539
18.64509
18.8991
32.01911
46.42571
17.96705
18.8048
15.06875
30.58469
22.94518
24.91499
38.36552
27.56847
4.67579
34.02908
20.67437
29.58259
29.43178
37.97308
28.73449
36.89273
11.24498
22.62676
22.65925
29.61897
17.71933
15.58508
11.0823
23.15853
27.31666
19.58637
16.69659
31.93252
27.08587
24.72966
38.84689
38.58227
17.84615
35.45346
13.63491
24.85333
18.27872
22.80406
34.40673
21.52412
31.63649
48.58142
36.12864
28.92779
6.78856
24.20435
28.57449
16.80569
21.93543
28.99993
22.53265
15.69486
45.42019
16.18419
27.33124
14.37601
29.82588
19.43102
16.32475
12.97297
16.13782
10.73736
25.79876
30.0305
21.95449
20.06511
19.06912
5.80306
29.95236
18.56583
18.97229
22.71475
14.87022
20.60652
8.38007
52.87338
16.94835
36.67319
20.24042
20.68014
54.54768
10.83651
26.20408
38.54469
15.07824
25.02455
41.17487
15.74067
26.48577
25.63736
43.54923
22.23722
34.81651
31.19242
30.48289
19.21131
25.2181
47.33427
28.15882
19.85457
9.14376
8.1693
37.54458
29.80009
21.90908
27.69517
32.71288
25.81498
9.98714
22.47368
25.93103
18.91915
13.83355
4.68345
32.54637
31.38814
18.32652
23.2549
28.92945
45.98519
16.62677
34.25451
25.24649
19.44002
20.59396
34.95302
14.22336
24.4615
19.92766
26.7963
18.93237
26.96496
21.20361
26.59924
14.67001
18.70634
43.5829
21.22424
22.32811
20.67706
33.20821
25.8388
19.70796
45.04012
22.90546
22.09482
47.27853
22.57256
25.19277
22.17992
17.28552
30.78541
40.77832
15.2917
16.54401
50.64883
24.80871
11.90232
26.97582
20.24967
39.62145
40.18919
32.01799
13.53991
45.40491
34.01974
30.54844
23.72244
17.62942
28.39057
28.81148
37.06466
15.43446
14.41322
20.96421
17.41433
19.84018
12.7944
17.15572
26.16229
32.14999
50.2804
22.12672
31.70153
8.93398
23.44787
13.44401
29.87793
18.9899
31.779
22.23087
32.53439
16.25667
39.40487
20.10467
24.80656
22.35323
14.97791
17.12916
13.10714
17.61258
36.87936
16.21962
39.44563
32.71205
14.70285
22.13149
22.42637
31.82014
18.11962
19.41817
27.05051
36.93499
23.47397
24.15202
41.80485
17.64854
23.49194
9.56621
25.36244
12.96376
26.61873
34.76308
21.40298
22.05678
41.90099
38.43091
26.79963
11.50349
28.22769
14.72804
21.43842
27.64356
15.47358
21.22348
15.98794
13.94205
14.3539
32.0775
17.93398
27.25694
25.62129
34.82314
14.30223
19.33874
30.32736
16.25442
15.53994
30.06505
18.57822
28.56635
8.69044
20.26115
43.41783
8.99936
19.24091
48.27209
19.72506
30.15156
24.31949
26.99374
22.81592
27.05333
15.63938
26.7221
25.12212
25.53141
21.1525
33.19916
24.7662
23.17359
14.41929
26.34015
19.27718
11.80319
39.87933
30.63929
25.25483
18.40859
30.84827
18.70515
28.22998
23.7325
24.7013
17.80641
21.08586
34.79441
16.48798
20.70988
17.63889
15.63616
21.21707
43.58462
16.19208
23.73829
22.91262
29.88337
23.37666
29.35257
7.6215
33.04689
46.1753
24.06693
18.66001
18.77356
24.11026
23.33023
19.1334
31.80288
14.96546
34.90571
20.61545
36.58269
27.49477
16.98741
46.92935
36.61412
15.59129
46.19266
22.61971
18.55688
28.15879
6.42904
30.90606
7.85727
41.79887
20.56053
19.78263
15.01862
21.05352
29.63185
25.21693
21.80906
35.93026
12.37362
17.53446
24.39568
18.99498
34.31364
38.71439
13.4144
21.06939
23.51874
34.86877
17.39688
10.86595
19.10874
23.98009
11.70799
7.6159
28.96321
31.82189
39.53535
31.66183
10.68979
21.95488
50.85357
8.22192
16.98493
27.11715
42.65196
48.25593
20.77625
31.86514
22.24188
11.92111
21.13805
30.51788
28.93081
23.5669
3.58684
13.43412
32.46938
19.6799
33.77208
16.78077
24.92676
12.43567
16.53997
41.87089
14.88928
32.14533
43.74975
22.53989
29.33435
41.38849
21.93083
16.80643
59.87373
10.55662
18.73567
17.35933
17.55447
20.15254
26.04759
33.59949
55.53803
30.21784
49.16289
17.91301
36.4106
49.28619
23.98213
10.92472
19.11618
49.75453
20.55211
38.91724
9.14628
34.24265
22.56935
31.30064
25.16268
26.33291
15.63044
15.33876
16.17221
33.69996
7.90662
25.14116
18.46834
34.52087
37.74259
20.17066
27.68616
47.63915
23.43283
16.57561
19.00341
17.78074
20.0149
21.29303
38.53989
23.3312
15.08045
11.64789
16.34155
26.2886
15.97253
17.39077
24.90743
27.71542
24.80976
32.95321
23.68177
11.31025
13.43635
5.22753
33.43946
21.39403
16.53071
28.41904
42.89608
46.12614
39.65951
24.4439
14.72707
33.07795
49.66369
21.22471
15.44383
24.00771
30.40698
26.7776
30.42393
9.46109
17.67864
22.15235
38.50431
27.37722
16.62363
31.21743
12.20376
41.5545
21.5863
28.381
30.89324
34.52258
26.18961
27.69302
21.1198
12.66731
17.80915
18.13423
41.3458
41.31559
14.83814
22.67197
14.24399
29.26715
17.68519
21.95934
10.05443
26.39799
64.35801
22.00939
18.22269
9.92636
56.58666
43.99937
22.97523
21.82719
15.95681
26.39682
23.91827
27.74537
16.27166
19.35247
13.02753
14.21643
32.68848
40.34888
35.35179
40.47044
19.67538
10.86643
31.92593
27.58578
12.79955
22.91949
27.59496
23.5222
36.10462
17.73511
22.28719
23.37157
10.22684
13.0808
19.90813
9.63888
25.7722
25.25835
35.92779
53.97127
27.59561
28.03448
16.1236
14.89146
26.62546
30.19181
14.92543
19.61162
8.75356
10.23974
26.7267
29.02462
26.54789
20.43833
13.32402
21.67404
17.05063
13.24224
14.50456
33.05988
17.18612
39.01562
27.85912
34.89992
4.08972
35.27642
49.48946
26.21902
27.97767
21.01122
21.63149
31.98921
27.10038
12.69111
14.70212
25.54367
19.52957
11.43443
18.76431
8.93329
20.78237
19.78875
28.38874
49.59595
24.46797
41.73775
17.24361
10.062
52.60948
12.62311
18.51054
46.99042
39.68352
17.12152
24.35116
35.41311
29.09612
15.31209
18.02525
38.25702
25.26594
28.50002
22.04479
34.74198
16.98557
22.46075
41.82822
21.57195
20.88916
31.54918
25.86674
24.61479
7.26278
26.81031
18.67103
26.86121
24.33971
37.59723
39.24182
11.12326
20.25512
30.75476
36.06182
17.71643
34.95304
44.35189
17.90577
43.63587
30.60088
32.8739
13.67853
17.9832
36.30211
16.15194
30.39796
11.9916
19.38887
8.84169
21.31566
14.89195
21.13177
24.70993
20.80558
29.88211
24.19714
27.83496
32.90371
24.19536
32.88575
15.17984
15.51794
63.34047
12.15653
52.60098
27.15583
19.70913
14.637
33.60015
15.12658
14.37969
8.70001
32.91551
19.29
13.66447
15.61164
38.06142
17.08626
29.23207
26.94851
13.30145
37.36595
23.60053
17.4124
17.12908
15.93193
11.5399
47.3133
29.48863
20.12495
28.80495
15.79137
17.53529
25.80999
23.29381
25.53716
17.3245
11.90288
23.31376
27.28517
22.42021
18.7187
15.30986
42.10854
15.68462
23.35166
22.95215
13.90611
21.00057
15.89082
15.42018
33.99457
20.93739
25.24223
19.31621
27.02845
23.73548
26.14372
26.20614
12.43744
30.87384
22.98268
40.68028
9.48189
23.33007
38.4181
13.33869
12.05227
27.26887
29.24252
25.31662
20.28799
32.31482
23.73858
21.0903
6.53121
7.26314
23.03094
39.90381
21.01849
16.45977
23.01779
11.28817
24.38698
25.43211
22.77616
18.69469
22.36005
36.12793
24.06229
41.356
26.84035
47.37401
20.42141
33.06636
51.57464
32.96517
12.39278
29.36035
30.25197
30.36378
25.93143
29.4618
37.24839
21.254
28.2739
31.70252
15.48408
25.99162
15.20989
25.64711
19.34027
28.93238
18.91258
28.46267
19.58763
24.59648
10.04221
24.19466
23.27708
25.96518
19.7423
35.14164
17.43237
24.40201
18.99106
38.7926
37.54283
56.02098
34.5426
14.67183
19.74766
18.05029
51.91653
12.36248
29.42715
21.63069
25.02005
24.88591
22.93231
26.44994
36.30872
39.78255
14.76689
30.38473
29.71966
34.4477
40.11992
15.64879
25.05982
20.99927
18.72967
16.43157
35.37258
18.69227
32.62551
45.2441
12.55979
15.66096
27.52604
15.02277
29.62625
25.33401
20.48871
35.09405
22.2446
26.0195
21.64146
27.81828
17.96974
16.97689
14.15479
25.53267
30.29119
22.75293
41.51703
22.43946
36.59344
11.08818
23.4621
29.50809
20.21968
29.72716
36.86321
11.78769
16.94797
14.05899
27.40642
29.05959
14.79301
26.79781
20.67256
26.03069
28.75418
31.7353
38.64958
26.62139
13.1166
14.89633
17.52759
33.58327
25.06319
34.49982
27.291
41.19992
12.03082
19.43258
16.24261
49.39213
28.47843
30.95208
44.43034
26.96019
42.76442
10.44338
20.71721
18.9951
15.98444
16.15646
21.16064
17.89228
30.09818
21.82966
19.59841
21.31156
24.00738
16.02053
14.724
41.55382
11.63503
20.69962
14.83727
14.55492
16.19049
7.92645
29.78508
36.22197
52.68723
17.08908
50.6227
23.42474
18.83816
27.09099
46.39005
20.38013
11.68652
40.80057
26.30633
19.42883
33.7355
11.3276
36.33354
11.26623
35.13959
22.10316
31.56026
15.65549
27.35686
34.62918
15.08921
22.5386
22.72369
31.98732
26.85765
26.18256
28.31468
10.84872
43.28967
30.74912
23.03458
23.85585
18.9753
41.32028
9.66582
9.9462
35.39226
14.06437
16.42265
30.03458
33.17897
29.25872
8.11919
13.54486
25.50473
16.0768
39.66094
14.31367
14.94004
36.6179
9.18909
42.78009
26.99641
41.32632
51.88658
17.97532
28.77962
30.02143
15.74395
10.34144
32.357
6.02925
37.62576
19.39373
38.31693
18.91603
27.11752
43.3585
21.00161
29.40764
35.97332
40.05074
36.01844
18.01965
30.91063
22.17316
21.40806
7.28395
30.02275
31.10363
33.54244
36.94387
18.15595
13.39182
36.52371
13.09428
24.01497
15.56334
15.43597
7.63113
11.35002
45.08644
54.40695
29.24394
30.55859
26.59989
15.79714
27.86619
10.01615
18.06961
14.79334
26.07381
21.79768
17.71948
15.55
53.38401
53.01977
15.84491
31.38077
31.89476
15.10271
20.23397
13.2403
48.71553
32.15334
28.58819
22.47259
39.79318
18.68662
8.00394
30.29517
11.0189
5.28914
6.7144
40.74326
12.13343
23.87505
7.0994
20.91818
21.85509
31.18776
20.18095
8.22258
19.45463
9.28657
11.9466
48.79648
35.72648
30.51566
69.65735
17.071
27.04937
38.19692
18.26209
31.77547
18.80961
28.18605
24.79735
40.6045
52.52634
9.87509
18.37475
57.97063
43.72069
40.42938
20.8635
51.18635
5.60367
32.06614
89.35185
27.50963
11.91269
32.20298
24.3621
25.93877
13.35651
27.66673
13.97255
14.55808
13.82376
57.97363
21.80677
8.89192
36.34919
36.4686
39.93618
41.29458
28.3201
24.50754
32.10207
27.70525
77.35228
17.39286
20.63938
19.44766
26.1949
23.60427
17.52971
61.38887
23.15061
24.99141
11.39328
30.46132
31.06761
13.47265
32.99896
19.17252
39.4336
17.65238
10.76115
44.39361
17.92563
22.98919
40.4142
14.93726
34.28976
32.84071
34.50892
18.34684
5.09568
52.59093
12.73395
20.70383
27.35643
17.3689
16.00651
41.0054
34.02247
22.07475
28.82699
19.16369
40.07169
26.12686
35.34692
14.31935
8.71022
28.95382
16.56183
41.11595
10.13104
21.77434
22.09329
24.30516
19.52615
10.90256
32.72178
25.29167
16.39088
38.85223
25.93991
16.37413
34.3499
38.87265
25.8546
20.95424
6.18204
9.50408
24.14144
28.50657
16.88017
50.61326
32.82138
43.21882
27.99341
20.74017
22.61097
21.97617
19.1072
17.23733
40.89039
51.57346
10.74665
34.39284
21.77734
24.35202
19.60819
49.70981
19.25958
20.44797
14.74154
19.89356
39.8044
10.16953
30.05521
38.32703
35.54356
36.1532
21.99248
31.75528
29.21043
22.00902
40.67563
8.53639
18.5839
27.78785
14.40062
19.08613
24.82012
19.68818
16.60459
14.66936
29.98868
12.45629
30.08634
13.81506
22.03255
23.28864
12.65901
15.2513
28.89339
14.89086
30.02085
18.23821
42.82127
44.49836
17.85427
17.73003
48.32373
43.67474
28.93171
24.87857
40.99346
29.62762
31.75486
25.22936
27.55533
33.72667
28.25224
19.70986
24.54583
23.1285
29.66376
27.5999
25.02417
26.12499
8.07807
22.78421
35.53687
18.27307
36.94652
14.65713
16.37529
19.35037
38.50643
20.07147
40.0818
55.99462
19.16001
20.69181
42.20286
49.66114
30.29158
41.14762
23.69982
39.57022
16.8262
10.08963
27.10457
14.29596
20.5997
16.74303
29.2196
28.89754
6.3895
31.58275
18.04985
22.80097
14.28713
47.50806
16.6109
30.85394
12.46216
22.90112
29.37092
21.15326
54.2175
17.48519
11.9855
35.17052
18.7496
33.577
36.59167
27.9908
13.76974
26.68461
12.28877
20.93943
27.66131
11.83567
23.76737
8.21589
27.89426
26.56901
16.98523
16.81099
19.28835
32.71771
20.49385
55.41736
21.11671
31.08431
18.86395
15.44201
31.05056
24.068
16.35779
30.45311
30.65744
40.6948
33.7855
56.00099
20.27103
17.71586
34.3317
15.49226
31.43307
67.31573
20.19623
24.32071
27.89351
17.61688
32.31746
30.83978
16.55813
19.83595
28.24657
22.00361
14.29673
26.23612
31.20642
11.91689
23.29466
25.2395
11.24661
37.52469
12.7309
11.70749
24.71096
28.98064
32.61264
7.36456
21.65257
13.50313
29.02781
30.1888
29.18117
27.964
33.23298
16.09604
23.98268
37.70505
12.14729
20.79673
14.80884
56.28573
34.77029
23.74608
23.22504
51.36023
22.66843
4.21577
33.44194
28.92478
50.25892
29.26833
34.88864
19.63928
28.22164
16.92085
33.88181
17.95928
32.41392
25.78948
22.4826
21.13626
21.66077
31.30993
53.17565
34.80074
18.78278
16.64817
19.46617
33.81539
16.32624
12.27559
24.33025
45.76284
20.44711
11.223
22.56178
33.68319
43.13659
30.6139
39.85549
26.68727
30.21545
16.89515
30.3823
30.74356
36.22562
24.21489
24.33508
43.76389
18.51176
28.60003
14.45308
11.71812
14.00121
14.83413
36.48545
34.88462
12.30745
26.40661
12.02722
31.66015
36.01388
11.15102
16.90426
22.04477
12.93893
16.53643
30.7158
43.16399
16.25216
31.1822
25.65833
31.36235
23.22509
23.05688
9.21869
10.57818
49.01571
42.08173
24.47007
26.52933
24.55623
13.41566
6.34296
32.43548
31.8008
36.555
39.26763
28.07067
16.20949
32.21718
20.35654
19.5893
24.82329
11.72301
23.94829
34.71747
27.72
44.17061
16.89809
9.65381
36.57728
44.56019
19.02665
19.33378
20.92526
15.89868
26.05696
9.99569
17.11233
26.58586
10.59567
28.29767
19.35317
20.03762
65.48488
12.93906
23.00083
25.26091
33.96419
14.76254
20.82977
31.84294
17.57905
22.79489
24.67401
58.21128
23.29713
22.8559
38.70233
27.61041
13.33498
21.72397
17.62451
21.78309
31.76729
48.56701
14.8769
16.13922
34.84698
41.56171
26.45022
24.5444
20.24276
19.7106
18.91452
9.43218
25.16493
35.41239
28.09498
17.13982
19.72717
16.40082
40.24688
15.04031
15.9513
30.29132
15.1685
31.92734
16.04175
58.97812
18.82837
30.6572
36.15415
50.09936
26.0026
26.68754
30.16079
35.82549
13.20175
29.05309
55.00271
17.74332
29.11889
15.59932
22.24579
42.42805
22.89295
4.84493
24.29535
9.97477
42.11179
42.02771
15.87581
48.9165
18.5246
51.13312
23.81132
12.26562
48.96985
37.05048
22.15013
12.82385
22.0662
33.84144
55.01781
33.13623
17.06177
27.21978
18.40449
32.76043
18.4023
20.8093
10.76962
17.99618
22.19291
20.35921
32.34431
45.20197
18.00166
34.43143
16.90813
22.43975
19.19725
13.87021
23.42368
23.51874
19.08815
32.71426
22.06974
24.24327
47.15427
26.02411
32.03624
21.28168
28.56266
5.44621
28.3837
10.09685
28.17787
22.90175
21.78804
12.79806
16.11649
24.12309
25.55772
18.01436
7.13867
4.66672
46.54212
33.67001
37.31884
32.38321
26.17243
13.60225
32.62373
13.30046
52.78131
24.96994
19.7898
37.98396
26.08102
19.92916
10.38918
25.25645
32.32702
13.02324
18.12036
31.28673
38.39122
44.35875
15.26615
10.33112
19.08328
44.49838
25.32456
25.42951
18.33393
32.70631
11.19356
26.4371
16.33041
12.34351
22.60543
54.77919
23.59091
32.8149
50.43882
21.8501
39.2112
20.33993
19.59574
41.74924
17.80484
8.59031
32.53174
24.76335
21.61763
28.30393
44.32031
22.38199
10.66462
28.51867
31.45558
37.08412
44.18361
35.73096
24.24897
33.41355
35.49083
37.24423
20.39725
31.1832
44.66802
17.25681
21.75284
29.09251
25.07573
23.48659
24.05249
26.98172
23.8651
15.21904
22.71496
18.68464
21.53135
28.44022
54.12305
67.4271
13.61198
23.85229
34.21206
12.22482
45.89796
15.56099
10.76203
34.53321
17.9253
25.71813
23.06803
23.827
27.79048
32.53469
10.43439
12.1356
38.75553
31.90246
32.05381
38.15553
25.63156
13.07443
14.70719
35.86072
21.83092
23.02745
24.12714
31.66075
13.88111
16.57703
51.97883
17.26531
30.98438
10.78567
23.64726
24.59715
51.4963
21.69052
16.04942
40.93186
51.73807
27.93935
40.61123
20.02641
9.37025
26.03801
27.57819
27.24797
14.3648
18.78077
30.43749
42.46004
26.36998
29.4683
67.72848
58.30177
24.23097
25.33316
32.62213
37.86467
38.50665
52.13983
23.89778
33.29946
46.38794
55.94314
16.54063
12.84583
32.29684
28.90385
21.9726
10.7636
29.31866
16.43906
38.35147
18.3915
30.08984
19.16232
29.32377
15.58365
43.17871
11.50332
27.70333
39.86164
27.90827
5.64084
16.27853
21.74455
56.68568
28.31133
30.09015
27.62027
27.15521
52.37297
20.20801
43.24323
42.41403
29.85062
25.65667
7.36811
24.18506
36.80337
13.27749
35.23743
19.16163
20.47572
29.71183
25.23972
63.58629
38.81474
10.14446
22.01883
55.71283
39.12498
44.24134
47.20292
15.1757
11.60362
33.44601
28.7465
43.84696
42.14256
17.82713
21.11683
42.72472
34.52784
14.54167
48.2453
14.72139
11.97906
32.52821
22.46712
23.3081
20.50899
24.46919
43.63107
18.97834
46.91169
20.42119
30.38198
47.28153
21.01609
34.98215
35.19931
25.94891
37.5317
19.61067
25.46418
35.29032
18.34568
25.37483
16.41176
25.2248
19.34787
41.53671
28.10087
32.69504
10.11194
21.72738
28.61928
13.11457
13.39664
36.89808
10.63765
18.2557
25.77227
11.65696
35.64277
40.32234
32.14548
30.02094
25.98052
31.04912
18.1606
40.72882
14.9702
29.32049
19.67354
16.74172
13.96629
36.80205
14.33085
23.54586
21.0803
17.34718
36.09648
19.25286
7.30583
22.90106
18.56866
18.86237
7.04837
13.63076
36.43258
22.83885
18.1231
20.03431
37.46822
26.31768
19.96972
27.36319
9.70261
21.97033
19.04477
29.45643
17.83981
35.0567
32.06059
32.03704
32.70822
13.27632
15.4817
27.87326
38.89381
13.59927
15.05423
23.66413
22.88758
18.06811
44.44909
11.45751
33.83504
39.4721
24.35858
18.53233
36.37331
11.62419
33.1864
18.58327
12.47699
23.93677
28.80325
21.40433
14.28468
29.31712
19.98817
17.25935
34.756
10.05183
37.8121
38.84141
13.81151
34.9211
37.91081
19.37304
23.64431
43.06536
21.74914
18.9984
23.64054
40.61234
38.68268
22.86307
29.78429
31.74727
31.91347
12.77522
24.43443
31.08082
23.13285
15.34845
22.64008
26.10425
54.95265
15.02183
46.25067
29.68677
38.76449
20.71844
43.30321
26.49795
21.45632
26.34351
28.29152
38.11748
35.1078
20.87854
42.37239
32.57729
23.21847
26.85831
14.65414
16.724
17.75262
36.45387
14.72199
30.8854
51.27692
15.62027
22.38985
18.18415
25.31342
28.02064
7.55851
17.50298
21.16082
38.0715
21.22019
11.9074
28.14714
10.40082
19.36042
13.31986
33.23886
17.44408
29.42809
30.62748
21.06917
20.75812
29.11663
24.81999
42.58586
63.37162
29.32025
17.38618
32.03378
9.83114
22.51404
18.91462
8.55684
28.3857
17.17221
10.97006
12.66844
23.33538
30.90523
20.02785
19.95761
27.87902
31.89472
25.37028
30.77071
21.81904
11.1786
24.04282
36.4176
55.40019
19.90663
31.58647
27.88845
12.38
27.94128
39.02636
24.25709
22.80949
21.89334
14.49856
30.78361
29.16364
28.45173
13.28703
12.20232
14.34534
25.96783
12.1056
35.47525
38.0379
19.29719
28.43579
28.15553
49.2688
33.35102
28.19385
32.52424
10.5416
38.41487
26.29072
18.42659
14.28369
19.90539
19.52569
20.65427
28.13982
25.9087
16.8871
28.29009
11.90655
26.02418
68.81776
41.16127
18.56746
16.55229
18.20707
32.85627
58.74482
47.55091
26.15604
21.28522
26.4093
24.21212
13.50415
9.39525
36.0153
24.87491
30.26109
51.83469
30.75128
39.04774
25.58279
60.79291
35.74124
21.98849
13.82057
64.60571
28.76276
28.88689
35.25677
31.06407
41.83995
41.79042
30.9786
9.93146
20.07938
33.70246
14.38115
52.81841
11.69898
14.19674
23.88877
18.22355
22.42044
23.61493
16.32423
16.22196
10.97893
37.73259
50.01909
48.28009
17.84646
35.17551
28.22823
20.69593
19.4945
19.87201
37.36482
18.94983
12.36661
10.82048
27.30984
25.8765
15.33203
32.43121
49.81879
29.03544
37.88712
32.35188
13.54701
14.2891
40.46097
17.9987
23.13266
29.13654
28.14926
17.68515
35.53202
12.90473
14.05108
18.22847
23.65415
11.28465
8.65951
33.09196
35.14106
10.69789
29.36385
21.75919
54.90686
43.79692
37.35563
14.3565
32.47502
18.29093
28.89283
45.24407
14.72044
17.5207
26.42984
24.30088
39.04042
27.66957
21.70293
22.72385
17.84686
29.67945
36.3689
26.52818
36.25043
21.20276
24.7748
14.24111
32.79853
30.12033
15.42653
17.17883
18.83518
37.88285
27.18716
31.06471
23.12582
20.02983
17.98652
36.8474
42.66387
29.02843
25.25005
13.00812
21.18475
21.99146
23.51623
28.78376
25.08976
15.77715
9.99253
14.33871
23.57837
18.52578
24.74868
30.87548
15.56397
20.2418
16.5874
54.06654
20.79145
12.79163
21.3902
11.57468
19.63275
30.36466
29.51398
29.65192
19.28979
26.52444
16.97307
10.90343
30.59571
31.75569
17.07501
13.87841
4.63821
15.3772
29.37639
14.37518
44.77787
14.03167
39.13158
12.65123
9.5918
18.92894
25.57032
15.93846
26.2508
14.61143
29.89766
33.6393
29.45684
43.99597
23.06778
51.3106
23.84203
44.79361
20.28851
43.76061
52.60407
47.99493
37.66565
24.20235
26.62566
18.12718
30.22613
35.00349
14.56549
72.33949
30.84396
20.01189
9.97772
47.3175
22.05479
9.43438
41.05716
32.64417
32.2914
13.88359
20.08594
21.988
37.85391
30.33699
14.39505
28.79618
28.70719
37.85498
44.03132
14.73631
12.71765
14.00302
41.4698
37.80438
19.09802
24.67098
36.53871
25.77972
29.64917
22.11591
19.43545
23.1262
35.41985
32.29749
59.53273
29.3807
31.81004
24.39137
27.34615
38.36517
42.77553
24.07297
13.54952
40.21556
22.92698
39.70728
27.23349
27.28624
17.4365
42.32457
35.78964
43.02494
20.63657
14.04427
19.54074
25.66132
8.14101
24.11873
30.03163
10.39399
27.95779
40.1909
27.16457
20.10186
15.02711
9.59808
19.99947
25.46412
38.51491
22.72925
22.13881
32.99673
7.6005
21.68861
20.91085
49.82376
34.64473
19.46384
22.65338
32.22024
19.64988
35.15454
19.03756
24.52414
45.61895
30.30286
26.7867
26.91127
10.021
34.96393
13.89895
23.36999
38.86793
43.6517
24.78322
41.69778
41.78036
36.68821
17.03925
18.54595
32.40662
17.41599
9.9527
43.06195
16.75741
18.03298
18.33251
21.01576
12.66976
28.63033
29.79594
25.00076
29.71582
70.56167
48.57527
24.53924
10.1627
34.91458
39.82835
48.20569
18.53246
19.31284
36.36348
20.59499
19.729
38.37118
18.13702
2.54045
15.03263
45.26571
24.03866
11.71135
37.36934
14.49294
34.1197
26.86695
28.6848
16.71983
14.23533
17.41828
25.80814
29.43786
31.47592
30.48024
15.20024
15.9511
16.30449
23.56526
11.1407
27.44427
11.90391
23.19153
16.12221
56.16529
30.54391
23.84856
22.86845
14.49299
32.19459
21.78061
11.50739
18.27303
38.87027
16.98241
46.84676
20.42206
23.95071
10.65355
26.66414
18.08131
20.12451
39.2896
26.91592
27.5811
38.47834
40.72304
20.55446
33.93839
22.32681
13.08915
18.94874
21.43807
57.21406
25.04854
33.84835
16.18423
19.72092
30.17811
16.39639
27.37633
35.78822
28.24539
7.93078
18.38778
20.86534
39.63385
34.65569
25.32125
36.42793
21.7021
29.39024
8.84378
14.94309
28.52723
41.46145
14.38477
28.26708
15.79557
19.81403
50.86741
26.98695
17.6903
14.89492
31.81292
26.92271
27.23028
36.07395
26.14247
38.39303
13.37105
45.41268
48.79946
26.54256
28.8593
20.53383
30.02009
32.47929
16.64053
25.14493
16.95097
26.18119
39.97819
30.05353
28.43104
32.30401
18.40506
23.21293
25.26395
16.17758
23.55152
21.84921
8.98483
25.6444
5.7261
21.56995
14.37877
42.04505
32.02278
27.48129
16.28893
42.17179
15.26658
17.81359
23.45758
45.78173
14.60479
36.73223
17.23834
29.63084
27.11753
10.06169
35.252
11.28272
30.33105
22.91797
22.15224
11.72632
23.84317
24.4358
18.95599
32.17793
48.6497
36.56507
46.22762
13.14869
38.78636
29.68061
25.61814
33.20656
36.04739
39.32252
36.44845
18.16948
24.98587
22.67074
56.83756
15.15867
31.53478
19.99423
42.33093
30.68813
27.3816
16.66075
8.91524
20.12818
28.41432
23.93504
25.35426
18.0884
24.50811
22.23127
25.68117
14.07835
51.85849
32.41826
12.6291
26.76461
9.37786
19.39843
31.69489
44.01793
48.81086
28.07266
33.12555
10.47797
37.55964
27.36551
11.34434
19.76225
21.95925
11.1477
12.84414
40.40148
36.10975
38.42683
11.79312
55.31094
30.74348
12.47934
11.68747
52.08395
17.09465
24.92939
37.29935
38.26349
23.52655
30.36346
15.2485
49.20588
23.54592
23.68843
24.43362
23.74356
45.61103
32.98925
23.83907
22.64392
33.41543
25.9484
33.60656
28.93898
17.22367
14.91298
19.46465
24.97742
44.41153
46.82451
6.74394
16.52323
19.92579
43.81243
34.012
34.80055
20.93524
26.10667
32.5693
39.25275
22.78962
23.3734
18.3948
20.98983
20.53729
29.65674
23.8125
15.38134
40.66601
46.12903
6.50624
9.18108
30.53401
45.71483
33.38246
23.18799
30.77435
7.46067
17.30633
19.87825
18.79341
38.76248
43.49039
30.02647
15.24484
22.61088
17.9625
50.12261
30.94538
48.47408
26.00307
16.66265
19.10679
28.37873
18.34328
9.54629
20.95025
27.30168
21.13637
22.41116
19.30005
37.93752
12.30828
26.37288
10.59029
18.56677
21.62117
36.54089
45.90804
34.00231
10.12268
24.09229
7.19693
34.52833
15.8776
42.45995
19.39443
22.65472
27.33994
21.82397
25.35399
32.02583
17.6951
19.66656
33.94673
14.69515
17.0959
34.20005
32.52977
20.49337
16.95378
31.77294
10.13004
17.40006
30.8401
44.92094
18.4475
24.47099
18.97771
20.26577
32.09466
18.55504
40.26927
13.63951
43.26307
27.51673
34.04951
25.14341
32.33252
12.55873
23.19861
27.80946
19.1764
38.24029
59.66178
15.20042
20.59756
29.80168
17.27036
21.49858
11.92315
15.72232
44.33375
31.50379
21.74154
8.57441
25.9837
42.50062
15.08937
11.47179
45.38585
30.44033
27.43757
20.56809
29.78113
22.46725
26.01488
22.77976
31.8974
28.63142
26.79187
18.91588
33.63483
39.75095
24.94423
22.91676
18.29716
25.27231
29.52445
13.66381
21.2843
16.07136
13.49992
25.32186
29.9811
18.37525
22.04086
25.45137
22.41216
33.82555
21.1975
17.33308
22.46702
73.64341
31.6523
48.97451
27.37682
35.45306
25.2918
19.26516
31.82435
73.36875
15.37808
17.34589
14.04057
12.8939
27.87291
17.96419
27.14025
25.93258
21.5259
25.61329
18.9373
14.22089
51.08485
19.97028
30.43424
17.85493
16.07253
39.48759
14.25765
51.06076
22.98402
22.65619
14.85499
28.82848
24.80314
46.24277
10.51377
16.70476
32.64991
29.7647
38.80306
41.30594
15.65517
46.695
32.25305
17.52886
17.56255
20.1147
17.58401
16.6956
24.45487
14.15009
22.36497
36.52929
26.16021
51.08177
36.64616
27.83185
49.93334
11.40132
6.87618
11.55411
32.79506
16.37432
45.84981
25.98518
42.43782
26.55289
32.94693
36.13321
23.00657
27.82351
58.62076
25.83136
11.55584
15.41174
25.05489
25.38441
27.77637
22.79297
15.95258
24.6504
28.77677
23.95914
13.85345
19.49406
25.7915
41.05853
30.3335
47.11502
18.8417
51.33752
29.83989
38.79428
16.88798
22.5536
37.14798
18.97506
29.1073
21.47659
28.00509
14.53635
7.62249
26.75891
35.65297
20.51681
44.10013
21.98063
13.77822
9.5678
33.81893
24.61022
21.3736
28.74431
27.73234
47.12665
26.46048
18.88184
37.62913
36.30715
29.18863
29.54204
43.76389
34.62224
35.14295
11.12163
28.69709
41.43633
19.9073
28.12257
58.40644
27.14796
20.37252
21.33938
36.19763
10.48944
19.30061
31.48102
33.28683
44.0302
23.65451
15.72903
34.57133
25.13954
31.70534
28.51014
28.23756
25.83446
24.18864
14.35319
28.60604
9.00381
11.90194
13.58908
35.31827
13.55499
42.18889
23.98856
33.19748
44.65763
39.90164
30.50189
36.59995
22.56077
13.13764
32.15047
60.94461
12.12294
24.81989
21.27489
24.90386
32.79622
36.93928
46.66694
27.6974
18.76155
18.41677
32.84421
23.76857
30.41236
35.85218
19.76257
32.03842
52.05915
28.09014
19.99675
14.42506
17.03932
30.1319
25.57375
15.09704
20.83504
21.06074
34.29699
30.59261
18.70713
17.58674
34.29012
21.69247
11.59809
14.23163
48.12787
38.53094
16.66104
26.19745
25.98745
13.99186
38.81496
43.31558
20.95384
31.56494
26.21891
32.35083
37.37574
30.78503
15.96739
21.35014
21.28833
42.934
31.03024
16.79831
30.10049
34.26256
26.60904
31.47798
12.06861
19.82976
34.99696
29.53948
7.11563
20.63949
39.30929
16.90661
28.99487
24.75973
24.7326
29.07468
41.55937
19.30008
20.4416
18.74701
20.15626
30.5285
40.7097
32.75009
15.18733
29.12168
14.93857
56.31542
28.97101
26.62679
41.36183
17.80557
49.82479
26.54381
40.40903
9.87188
24.02578
29.34396
40.5014
23.57033
12.09866
15.91416
39.97635
35.54655
27.66267
23.10395
32.56363
46.36842
58.29384
25.70359
22.79849
32.8506
60.35788
32.88594
26.87791
43.2034
15.55527
44.79588
25.35009
20.19799
50.62626
27.2506
35.25074
26.56247
15.08957
14.93567
29.51427
32.03412
37.88431
36.13903
23.37444
14.83637
16.52604
30.66254
22.71147
25.96315
24.99827
47.44589
16.32774
36.93454
19.82705
22.12315
39.12323
8.17656
30.34373
45.9093
17.30013
25.61111
37.91252
27.36524
33.60168
31.99404
28.8119
23.62716
9.29688
26.97357
25.59923
24.38393
19.57959
23.83083
27.68564
15.17002
67.30615
14.42347
46.48193
40.90842
14.91243
44.91499
12.16331
33.33433
36.92144
40.17286
30.5334
22.83708
11.53438
26.75321
16.72908
17.78777
28.18722
18.72729
27.8403
23.11271
31.51109
72.22791
42.33241
10.80422
19.40557
34.01196
12.34894
35.11367
30.78409
27.92939
39.10822
30.72964
19.56043
17.22322
29.10989
29.00632
56.5111
28.24221
24.4716
25.22149
46.79347
30.91814
26.72313
45.17182
35.42569
31.77883
34.91214
26.16945
18.68459
22.01092
31.99732
17.8982
25.27317
22.81853
27.32802
19.1499
10.67431
17.99098
35.97818
28.83312
27.54999
42.08424
49.74963
31.40605
35.21536
19.01763
20.51484
45.99234
24.40829
8.35372
30.27003
23.04632
24.13312
33.95435
32.65434
33.84603
40.83167
30.82656
24.3753
24.60632
21.23143
28.87156
32.24392
38.41503
49.2142
34.2526
64.61853
27.16521
13.84953
38.63939
28.95297
21.59937
33.56264
15.17858
15.15862
25.47685
34.45953
44.73626
39.1425
33.35663
32.37293
25.82446
23.56189
13.69011
29.96015
15.89006
36.44617
14.22215
23.78455
29.77294
19.26408
49.0568
50.00113
37.56003
61.61159
32.0698
14.64323
33.00438
32.3532
31.06298
34.29556
9.19124
47.7576
31.35347
31.41557
21.14326
26.95072
28.30945
14.70331
22.51874
32.92124
30.92238
47.50635
16.97465
22.83123
30.49791
18.23159
16.95303
37.84207
46.10298
21.44467
17.28492
11.68495
37.76564
48.44505
35.93854
15.88795
18.79464
18.26018
24.51108
46.20282
43.99071
54.34836
42.27981
40.40281
21.97566
25.2269
14.76571
35.1485
5.41344
22.84878
20.35935
38.32024
33.20026
44.66529
29.92002
13.88955
24.62883
18.32299
16.62746
19.10487
12.43304
15.84832
29.25589
57.2743
19.02032
61.20093
30.40492
39.06152
43.85487
13.51876
36.91716
17.96966
22.77987
32.19839
13.15548
28.84105
13.31867
48.72108
28.3231
14.71471
17.58773
15.52267
28.09315
36.76711
11.9946
45.60701
24.68527
40.57145
35.9718
10.46837
25.45746
18.20325
38.21559
28.94396
17.33879
29.55893
16.21127
14.04235
11.89954
29.1224
28.41021
31.16814
31.78681
28.85555
25.96621
11.40593
37.66069
24.92565
29.56291
26.79536
21.94114
21.55862
20.98593
46.61073
41.91093
37.14307
18.63597
17.9729
9.83575
38.47732
47.82727
20.0173
17.90203
41.61943
24.00054
11.16849
38.78441
25.14353
20.90883
17.02707
27.07943
26.01334
16.69515
20.25196
14.45471
21.5027
44.13534
27.61003
25.64455
24.33261
29.24639
27.66745
7.20819
30.82847
45.60302
33.95172
16.01421
21.1641
24.76089
16.10541
6.08407
20.29131
58.4217
28.63983
47.08092
32.08992
6.80907
28.62773
29.23344
24.15619
30.94199
13.70124
13.09124
34.22814
30.3978
25.36389
36.81621
15.40768
40.71533
19.23433
39.37324
15.27644
57.56397
43.36142
40.51503
41.36397
24.55701
26.1052
7.08915
39.8203
35.9115
11.39556
20.48263
24.78709
27.71811
30.18267
32.73433
36.65771
25.93996
8.54717
34.31582
14.45703
13.37204
33.82208
25.91185
28.06056
29.60084
25.23539
27.46738
23.03045
23.1953
26.86399
37.65844
19.79531
38.27599
35.50238
37.28847
38.55765
21.1657
19.98019
36.18507
54.82426
36.2253
4.84292
43.66287
42.95509
4.83007
12.39666
35.65589
30.47966
17.64189
40.26759
20.9499
16.83572
35.50748
14.40203
24.13138
22.32258
24.78432
24.80429
37.06155
51.54364
34.22391
18.34565
17.84269
31.96141
48.19623
44.01877
26.93392
28.2502
35.27769
26.59251
24.81548
35.97467
31.23372
57.98223
37.16386
23.7149
49.76968
21.31738
18.21963
21.25669
23.99827
32.02954
15.947
37.4155
21.20182
43.77389
49.76313
20.2986
29.82241
23.54854
32.89911
43.78458
21.02717
29.02573
43.31874
53.22355
41.97704
37.40925
13.75834
28.49272
37.87115
25.12712
25.67487
25.67964
7.60371
8.5653
29.72709
53.77033
20.95312
25.16065
22.95403
26.72194
20.14801
16.16782
34.68212
14.31352
30.32284
22.89362
33.81932
35.72402
38.23693
3.33128
37.863
27.60994
46.36864
11.96347
19.39796
30.29983
24.70106
32.64853
26.20037
21.45926
45.50634
56.24975
12.043
28.91168
48.92568
8.10903
20.80414
22.60288
58.04792
76.93238
22.14092
34.11942
32.86054
61.11643
22.89084
9.84495
27.92017
60.06932
11.94111
31.23213
22.83575
37.97678
32.11891
33.84486
14.70118
42.83973
30.88623
23.09529
12.26558
19.5324
31.21731
44.5963
31.51545
13.79512
30.83215
35.03792
36.71245
22.68934
27.34829
46.71406
27.838
17.11091
41.62037
38.24918
17.06655
12.58064
16.4023
33.22729
36.60962
17.64088
37.66835
15.75616
18.57433
16.30992
24.8348
15.51169
19.15026
12.59151
24.26686
21.85561
49.07713
29.08928
36.80757
48.48426
20.47159
36.04999
26.40499
25.32573
38.34339
21.00534
33.42826
34.18398
47.67337
22.64492
37.1107
28.26904
18.66165
30.495
15.03001
21.4518
75.39816
12.22808
26.22743
44.51865
12.59048
20.66137
17.5408
30.14026
35.66863
14.90746
35.06785
30.24876
19.05771
10.52469
63.51022
30.79508
23.66023
24.72255
43.89948
31.68595
26.12778
28.93621
50.95442
37.26797
23.42471
19.40722
39.22401
39.62898
14.2305
21.09953
14.84857
14.1754
40.2448
34.92817
35.49532
51.966
19.56714
26.29526
20.44735
16.02413
29.52684
12.81382
17.97318
30.04306
26.53463
10.46085
33.71865
32.71037
72.60506
6.17653
10.08163
14.1711
16.04133
12.82651
43.52765
52.07201
49.29429
16.824
41.47583
27.21417
30.34314
17.16015
10.76452
27.91498
27.50917
38.65356
34.28222
19.9481
20.02143
27.33272
38.70546
33.73398
23.34279
25.31357
25.08242
37.76441
11.72813
35.53535
23.93539
12.21986
26.01003
15.01084
50.29202
34.06437
5.5618
44.56752
34.18945
50.92758
45.00455
26.67612
36.57252
51.62017
38.56453
67.45727
32.99426
14.66335
22.69951
19.33982
19.85977
14.06979
18.55036
46.51976
17.60826
8.11195
25.88721
44.25307
4.74147
33.81739
42.39572
37.36935
31.79856
47.36815
19.94902
23.58166
22.57028
28.68771
15.39029
30.21726
32.54834
25.20695
30.1365
51.03308
22.94928
36.35029
28.27851
24.93373
24.20157
41.91947
33.48118
41.09565
48.7311
17.48082
57.98186
45.24261
39.04924
35.37776
54.62955
34.4894
30.64762
18.08589
24.42021
33.56789
35.32342
28.84883
22.3652
25.46827
10.17345
23.76802
29.87958
36.82489
25.53507
35.2289
18.19499
21.62978
16.3
13.72853
34.75487
43.43068
15.52699
45.0145
16.96618
39.43902
41.63533
15.44508
25.81453
17.43042
33.03436
32.05462
43.91186
18.69828
30.78965
19.92616
36.89118
27.93848
43.77378
12.99882
31.22632
18.06112
12.05716
32.82072
37.20773
11.63879
40.08473
49.2312
39.40591
14.35204
48.16881
19.04092
32.73315
19.65182
34.97405
19.85085
24.29016
32.39284
25.75808
14.93525
17.34009
35.96012
20.67511
33.07137
46.75676
24.78218
14.26282
34.9889
26.28269
11.09946
38.11731
17.41138
30.91635
24.79428
32.65831
24.62948
11.9823
25.43893
23.68992
32.45903
34.13524
30.88187
35.78887
16.78027
10.82853
11.83316
30.16567
21.61557
14.56756
44.54252
19.72304
56.0944
16.83288
43.2481
12.7454
61.56283
29.32824
40.58281
12.90855
29.75474
41.56863
26.71968
18.16097
55.33494
31.53162
18.42238
37.03561
24.39535
34.45615
35.81037
23.97715
23.77313
28.78293
27.27233
24.61802
24.28903
16.1348
21.75039
23.67917
42.13588
35.99902
17.35998
40.10759
27.33897
39.52262
32.64097
20.03385
50.27749
46.01466
28.20548
12.50997
27.84726
56.59389
26.83117
47.19867
27.6271
37.97699
41.76952
49.81367
8.55461
15.65501
37.31272
27.81302
50.46192
39.48611
36.33515
36.55882
25.96972
17.47171
10.83971
18.0325
21.64147
35.78109
40.65099
33.93441
31.76865
28.6528
14.32868
26.45755
6.72639
40.27446
20.18265
19.76553
35.84901
34.6447
35.07824
13.42401
24.02615
25.81842
18.10663
29.42897
57.79746
24.9228
18.59474
23.29946
31.90862
56.9333
60.80644
12.9674
28.5163
24.54899
26.98021
36.73037
49.46704
41.11653
35.66555
33.08402
19.64848
19.40904
19.13306
19.23029
32.38674
36.50296
25.06019
27.00499
33.63399
30.73263
57.46462
21.01224
47.45151
32.58329
19.06788
52.82014
38.16602
32.9959
24.16696
27.38456
10.16259
18.06548
24.4576
65.18405
38.38551
15.79666
34.75741
25.57836
16.21795
40.00274
24.87979
29.07651
32.61767
32.08892
29.49165
25.08963
35.68417
23.45017
28.87428
32.91828
45.21857
26.19254
34.52018
33.33821
23.59367
22.16512
22.78542
24.0755
12.14233
25.32474
46.48672
47.9731
32.79549
8.86528
44.7948
33.59979
42.9038
57.96503
10.38759
17.55552
17.7249
54.54291
43.61163
31.22992
30.87391
31.73416
20.49365
31.55066
8.74882
22.48266
50.10835
18.40623
13.43429
38.81469
26.02051
39.16634
20.93637
25.13248
43.04464
20.76178
19.84554
14.98814
41.20187
41.91685
19.08126
16.82435
16.88164
21.12961
19.41961
21.6928
45.0422
10.45383
23.12945
52.94011
48.58641
53.77142
27.40674
28.73569
20.72375
64.07973
17.46671
18.07144
64.41377
18.07295
43.85985
30.97341
30.9244
16.64638
25.74425
27.17391
31.15678
53.00907
36.81706
20.52681
16.90061
20.26176
23.75463
28.80653
18.76324
22.46852
35.75259
25.29302
28.51283
24.42901
22.88695
41.48784
13.07036
16.61455
26.20891
44.42736
24.57448
34.83085
31.24328
28.58378
29.86461
37.00232
18.21885
33.25857
23.69833
31.8643
29.98804
19.03549
26.74983
30.85097
34.03809
26.82415
17.1227
29.08551
37.63238
42.79107
18.93979
17.55765
14.36736
25.48539
23.33529
55.57152
18.04109
15.47877
28.86211
28.27188
28.14325
27.57181
17.74239
14.52851
25.04515
18.93711
35.99955
18.48953
26.18572
37.43309
36.10749
12.58982
53.81819
51.48505
23.51446
16.04575
12.78708
43.11608
15.33959
17.20569
43.24251
49.82246
47.14996
29.97591
55.74645
41.28018
8.75277
35.96728
52.69734
24.05896
20.30867
33.93254
29.43898
26.34696
24.13717
26.70603
16.11391
19.40224
22.39949
33.96524
26.28213
13.97443
21.05989
24.13629
18.96917
30.61261
15.15214
35.68602
27.0405
35.06878
35.48432
42.01398
19.41099
16.86952
24.95445
39.55329
17.5385
3.14521
12.529
16.68911
19.97928
23.72342
21.24224
35.67029
30.9674
22.89993
32.71645
17.46488
44.26304
35.52568
26.90861
28.65074
