-0.13486
-0.71845
0.90555
-0.83516
-0.47454
0.34316
-0.01315
0.48784
0.43802
-0.40515
-0.44148
-0.20143
-0.79516
-0.80822
-0.59788
-0.23064
-0.13478
-0.33072
-0.37898
0.24896
-0.49892
0.15278
-0.76966
0.08494
-0.66058
0.3248
0.43688
-0.42046
0.5088
-0.38646
0.72557
-0.01663
-0.79658
0.76062
0.30955
-0.38207
-0.71237
0.55714
0.58677
0.21833
-0.10254
-0.36657
-0.14711
-0.71996
-0.85112
-0.15917
-0.35653
0.07058
0.89758
0.07452
-0.34842
-0.08153
0.12415
0.74421
-0.94398
-0.38021
0.5776
-0.24321
-0.35507
-0.6064
0.37337
-0.9572
0.62801
0.84273
-0.654
-0.61125
0.78858
-0.34856
0.80793
0.23172
0.06337
-0.00383
-0.09712
0.63751
0.51359
0.97503
-0.94797
0.46048
-0.04776
0.05262
-0.44267
0.4931
-0.50993
-0.24138
-0.07648
-0.6785
0.643
0.12277
0.08117
0.94322
-0.76089
-0.70267
0.1665
0.2589
0.86158
0.73846
-0.37327
0.41099
0.35351
0.24112
-0.02021
0.93909
-0.81739
0.31268
-0.64677
-0.53545
0.84078
-0.74127
-0.28563
-0.72135
0.18282
-0.313
-0.73123
0.04391
0.36717
0.15117
0.35086
-0.66858
0.03616
0.99795
0.08458
0.58329
0.61636
-0.78933
0.64746
0.21796
0.42393
-0.04858
0.65433
-0.08626
0.86237
-0.97243
0.50107
-0.29985
-0.54237
0.52121
0.10977
0.18375
-0.29975
0.83824
0.17613
-0.1643
-0.42895
-0.55664
0.76977
0.23385
0.26807
-0.76395
-0.22939
0.78737
0.08778
0.73693
0.75523
0.48378
-0.47649
0.23653
0.11797
-0.26567
-0.54888
0.901
0.18023
-0.94893
-0.24264
-0.81032
-0.02377
0.73476
-0.72959
-0.50047
-0.17583
-0.01316
0.52432
0.08301
0.17918
-0.03584
-0.92588
-0.2077
-0.1343
0.99656
-0.71407
0.09559
-0.01051
0.03121
-0.78628
-0.71678
-0.9511
0.12865
-0.21592
0.49425
0.99103
-0.00011
0.82099
0.17487
0.7148
-0.95439
-0.31589
0.11723
-0.8114
0.39815
-0.07224
-0.7815
-0.54773
0.20048
0.95268
0.726
-0.50329
0.19542
-0.57119
0.16164
-0.8175
0.30739
0.33153
-0.07325
0.65533
0.71921
0.60581
-0.74145
0.50766
0.5802
0.54453
-0.74838
0.6521
0.79149
0.09367
-0.29692
-0.82193
-0.59225
0.47207
-0.83359
-0.66351
0.73216
-0.63575
0.01222
-0.19919
-0.92596
0.80781
0.16515
0.64919
-0.71801
0.1152
0.05571
-0.02331
-0.19549
-0.13504
0.15337
-0.91823
-0.48003
-0.07308
0.94351
0.34354
0.68971
0.06037
0.87713
-0.55603
0.97984
-0.46505
-0.6636
-0.18992
-0.56544
0.70692
0.46039
0.31296
0.19081
-0.24988
-0.61593
-0.68664
-0.75893
-0.19061
0.86587
0.52588
-0.91543
0.31642
-0.36423
-0.95739
-0.09626
-0.60364
0.81938
0.40386
0.98113
0.84439
0.33548
0.7359
-0.13907
-0.75414
-0.38468
0.08527
0.30798
-0.3997
0.16989
0.62354
-0.43451
0.60908
0.54953
-0.83574
-0.23089
-0.78042
0.59179
-0.52238
-0.7875
0.62866
0.16519
0.82761
0.93883
-0.69865
0.48311
-0.91215
0.4586
-0.9097
0.70057
-0.29644
-0.94175
-0.80006
0.24177
0.62112
-0.7366
0.2588
-0.54727
-0.97773
-0.69384
-0.62007
0.48271
-0.70432
0.93992
0.65478
0.23536
0.94914
0.55326
0.05445
0.76985
-0.18
0.84719
-0.50383
-0.33885
-0.07359
-0.54049
0.65712
-0.0945
-0.87703
0.63848
0.47601
0.89694
0.46937
-0.68415
0.02541
0.28276
0.3878
0.68371
-0.80934
0.54133
0.7234
-0.1168
0.94573
-0.7801
-0.18032
-0.48772
0.08789
-0.68231
0.28604
-0.64895
0.3986
-0.257
-0.40949
0.03196
0.44282
-0.19753
0.58472
0.24058
-0.19965
0.97953
0.12424
-0.47183
0.67697
-0.54593
0.2776
0.12897
0.15083
0.14303
0.37135
0.15851
-0.03651
-0.94824
0.09883
-0.27717
0.38148
0.11451
-0.34269
-0.12625
-0.42866
-0.88401
-0.35688
-0.93109
0.75903
0.61291
0.07101
0.67849
0.87433
-0.22879
0.66622
0.96121
-0.77944
-0.32561
0.09612
-0.38386
-0.38442
-0.54325
0.78574
-0.05004
-0.39632
-0.40743
-0.79855
0.54422
0.92277
0.54564
0.01039
-0.05458
-0.11106
-0.69887
-0.87171
-0.70119
-0.1393
-0.09296
-0.38149
-0.70204
0.53417
-0.2832
-0.8138
-0.71787
0.6426
-0.63828
0.54106
0.15993
-0.03432
0.33097
0.98619
0.80515
-0.42542
-0.02907
-0.96866
-0.38311
0.6275
-0.99823
0.67344
-0.45932
0.37812
0.97529
0.67084
0.82274
0.2029
0.00012
-0.74221
0.19475
0.35007
0.49894
-0.95133
-0.10771
0.1404
-0.13208
0.83947
-0.23638
0.78729
-0.1938
0.02572
0.94389
-0.34217
-0.53719
0.80888
-0.48509
0.00461
-0.87504
0.10677
0.61847
0.43358
0.71297
-0.35411
0.62889
-0.39043
0.28157
0.56017
0.53695
-0.47034
-0.30207
-0.37656
-0.13191
0.94126
0.21861
-0.98189
0.2162
-0.3364
0.8431
-0.57402
-0.52508
0.41839
-0.13118
0.40245
-0.39301
-0.75596
0.34843
-0.57683
-0.98246
0.14906
-0.40694
0.05079
0.54155
0.34198
-0.5978
-0.408
0.04807
-0.40025
-0.57535
-0.84813
0.17048
-0.04243
-0.47899
0.21141
-0.3942
-0.71148
0.55372
0.18078
0.73299
-0.84952
0.83215
-0.03238
-0.1213
0.09839
-0.66559
0.59683
-0.53013
0.14939
0.16355
0.09523
-0.11038
-0.59869
-0.92592
-0.65056
-0.48421
0.23234
0.2513
-0.45998
0.31751
-0.09356
-0.35912
-0.85327
0.28552
-0.28732
-0.6635
0.3055
0.71287
0.28094
-0.18735
-0.48063
-0.7538
0.22815
0.85696
0.82509
0.20767
0.27224
-0.60172
0.44932
-0.4285
-0.8129
0.71634
-0.12271
-0.01328
-0.10271
-0.75515
-0.98372
-0.57262
0.31037
-0.43059
-0.55711
0.20604
0.57329
0.12926
-0.30617
0.31839
0.07648
0.29387
-0.44765
-0.3947
0.06279
-0.68643
0.49775
0.92259
-0.22732
-0.0432
-0.80306
0.55379
-0.23743
-0.73094
0.33263
0.59736
0.69922
0.63706
0.93017
0.27016
0.17967
0.7877
-0.9439
-0.56997
0.12556
0.83844
-0.73812
-0.54794
0.85341
0.36283
0.11018
-0.44395
-0.97578
-0.59091
0.13604
0.69129
0.24586
0.44399
0.38617
-0.88816
0.95181
-0.23358
-0.39696
0.54684
-0.08249
0.82505
0.89496
-0.95248
0.72313
0.48377
-0.62119
-0.00899
-0.69894
0.23139
-0.84627
-0.85456
0.58151
0.37488
-0.54055
-0.79659
0.63753
-0.51823
0.19583
0.68788
-0.24668
0.99355
-0.37359
-0.77372
-0.91613
0.07011
-0.64037
0.71273
0.81917
-0.07957
0.83172
-0.43907
-0.53002
0.34584
0.55038
-0.55468
-0.11258
0.27505
0.05352
0.96695
0.44246
-0.81241
-0.38026
0.92388
-0.26513
-0.41887
0.53357
0.47735
0.71869
0.29896
-0.39843
-0.89331
0.52161
0.60786
0.87042
-0.55345
0.45245
-0.51651
0.20842
0.87248
-0.59047
0.93979
-0.18702
-0.95802
0.79081
0.20489
-0.35692
-0.17962
-0.70089
0.53193
0.75756
0.03813
0.8501
0.05088
-0.35885
-0.47053
-0.30938
-0.7864
-0.95158
-0.05347
-0.52346
0.85749
-0.73517
-0.2903
0.51835
0.30622
-0.094
-0.96323
-0.77155
0.08098
-0.85597
0.83455
0.78028
-0.22627
0.47727
-0.43079
0.6511
0.75365
0.70877
0.26439
0.37224
-0.79781
0.41548
0.18822
-0.33818
-0.45512
-0.77471
0.39871
0.10742
0.26079
-0.36852
-0.48298
0.26677
0.43435
0.36832
-0.15364
-0.41241
0.80604
-0.30576
-0.09043
-0.60841
0.40367
-0.71464
0.36141
-0.06967
-0.87222
0.47524
-0.534
-0.06182
-0.35936
0.56881
0.16889
0.99377
-0.73493
-0.3169
-0.26015
-0.33477
-0.05702
0.70017
-0.83453
-0.11187
-0.46671
-0.47578
0.04142
0.33816
0.62128
0.07976
-0.23106
0.02986
-0.29301
0.91847
-0.82584
0.76457
-0.9729
-0.99433
0.9543
-0.34796
-0.59672
-0.84874
-0.18268
0.12711
-0.04532
0.06066
-0.61394
-0.24696
-0.45794
-0.15011
0.31943
0.66406
0.05393
-0.35982
-0.79972
0.02779
0.19951
-0.18934
-0.90311
0.20523
0.34925
0.97505
-0.68078
-0.053
-0.07313
-0.04159
0.30403
0.72407
0.95453
-0.61829
-0.21068
-0.20562
-0.84042
0.9777
-0.91489
0.79684
-0.95321
-0.33942
0.69706
-0.35236
-0.07949
0.88093
0.31904
-0.97369
0.04017
-0.96586
0.6737
0.84556
-0.67353
0.09348
-0.14469
-0.96951
0.78269
-0.99798
-0.73391
-0.55926
-0.73366
0.13573
0.09977
0.68439
0.73277
-0.08225
0.56899
0.08339
-0.76288
-0.24597
-0.74636
0.11518
-0.04786
0.96118
-0.0962
-0.61123
0.42656
0.50218
-0.5256
-0.69281
-0.06702
0.92086
0.92493
0.09871
-0.12539
-0.55074
0.70186
0.4338
0.37523
-0.8212
-0.07834
-0.88006
-0.29739
-0.40325
0.27536
0.11871
0.77382
0.91881
-0.27524
0.7542
0.20443
-0.05633
-0.73734
0.1085
-0.91272
0.46315
0.57563
-0.44732
0.78627
-0.33728
0.66432
-0.0164
0.82629
0.67668
0.60367
0.92823
-0.18505
0.56283
-0.5758
-0.75119
-0.44012
-0.7601
-0.74942
-0.73171
0.18585
-0.32813
-0.17126
0.94023
0.22798
-0.85807
-0.53452
0.6079
-0.02612
-0.27717
0.25342
0.07006
-0.0295
0.96274
-0.69625
-0.12184
-0.83799
-0.68708
0.90875
-0.24948
0.95356
0.68311
-0.341
0.22767
0.648
-0.22659
-0.66469
-0.8391
0.23674
-0.71878
0.34294
0.22684
0.89175
0.05559
0.92525
-0.5176
0.22185
0.45387
0.99925
-0.15968
0.429
-0.84563
-0.54076
0.38031
0.55315
-0.07115
0.4829
-0.05565
-0.5179
-0.30797
0.9866
0.27588
0.28102
0.9717
-0.65674
-0.69162
0.66577
-0.76117
-0.49971
-0.28097
0.68761
-0.94683
-0.32378
-0.21843
-0.07712
0.00454
-0.12543
-0.68404
0.86259
-0.22798
0.33161
0.01014
-0.06875
0.06485
0.27955
0.64596
-0.02957
0.59641
-0.41372
0.97066
-0.36883
-0.66191
0.63842
-0.89655
0.44734
-0.94027
0.5383
0.05073
0.18991
-0.57039
0.6667
0.5652
-0.72853
0.19144
0.90002
0.80255
0.82955
-0.36918
0.40801
0.48133
-0.33864
-0.31862
0.3657
-0.39129
-0.26533
-0.05119
-0.35112
-0.52432
0.36666
-0.06423
0.42828
-0.09416
-0.77219
-0.8753
-0.69143
0.70881
0.9956
-0.82309
-0.49283
0.08237
-0.03824
-0.99098
0.71498
-0.15501
-0.86436
-0.69362
-0.67189
0.02266
-0.6563
-0.58006
0.00023
-0.74687
-0.85932
-0.09528
-0.21059
0.25619
-0.21061
-0.95665
-0.90645
0.10974
0.68086
0.54837
0.67703
-0.69402
-0.63931
-0.68395
-0.31788
-0.27792
0.44798
0.67684
0.68089
-0.98517
0.91377
0.16922
-0.73739
-0.73196
0.25216
-0.07543
0.93659
0.00558
-0.82729
0.37789
-0.51146
0.84473
-0.15394
0.10347
0.22191
-0.42896
0.67958
0.08473
-0.92962
-0.13701
0.70569
0.64547
-0.20523
0.13173
0.40764
0.12889
0.92445
0.24741
-0.55466
0.6899
-0.37052
-0.33023
0.19686
-0.96791
0.76492
-0.65453
-0.05447
0.15655
-0.28888
-0.48776
0.7822
-0.74533
0.87072
0.94723
-0.47217
-0.73063
0.92067
0.74442
0.33739
0.45694
0.19964
-0.43078
-0.6856
0.10262
-0.97227
-0.47044
0.39614
-0.52374
-0.21455
0.92331
-0.33099
-0.44924
-0.95221
-0.81131
-0.79705
-0.66712
0.21406
0.39219
-0.74788
0.81769
0.31063
0.98985
0.92548
-0.59262
0.06824
0.88808
0.3734
-0.76195
0.89358
0.1223
-0.63188
-0.46685
-0.19686
-0.47063
0.10128
0.02745
-0.75694
-0.68953
-0.26129
0.96493
0.7398
-0.98684
0.35932
0.26828
0.2948
-0.23972
-0.9739
-0.78013
-0.83729
0.09461
-0.71914
0.58549
0.11652
-0.06427
0.63864
-0.96946
-0.46271
0.46781
0.39855
-0.48957
-0.16904
-0.60753
0.31061
0.56638
-0.21916
-0.8348
0.39555
0.68029
0.33059
-0.05466
0.3929
0.51625
0.11377
-0.02181
0.65444
0.47565
-0.32734
0.63305
0.32544
-0.02621
0.10998
0.93312
-0.5726
-0.11374
-0.60897
-0.24588
-0.52028
-0.29829
0.58261
-0.91057
-0.09277
0.00727
0.35386
0.9447
0.26494
-0.61265
0.58612
0.1179
0.41255
-0.96756
-0.87548
-0.49974
0.09585
-0.75946
-0.93508
-0.4134
0.73201
-0.2084
-0.23062
-0.16546
0.78204
0.21582
-0.09235
0.83172
0.20305
-0.2038
-0.03216
-0.73988
-0.95458
0.49701
-0.99926
-0.80259
0.72731
0.12872
-0.02758
-0.26445
-0.78506
0.28968
-0.62677
-0.04188
0.97959
-0.36133
-0.08933
0.90186
0.60142
-0.99817
-0.7361
0.4187
0.06453
0.51226
0.02519
-0.86033
-0.28684
-0.59049
-0.6483
-0.48801
-0.5666
0.93086
-0.91316
-0.06739
-0.19478
0.42066
0.67292
-0.76612
-0.70679
0.57709
-0.86665
-0.58801
-0.75562
-0.31254
-0.85511
0.11805
0.67695
-0.70696
0.05197
-0.82637
-0.28308
0.23926
0.30628
-0.32419
0.72735
-0.45719
0.14227
-0.09283
-0.71884
-0.22558
-0.23774
0.42049
-0.95916
-0.38721
-0.33202
0.6453
0.83489
0.52948
0.52301
-0.10879
-0.02355
0.99606
0.63893
-0.0882
0.50893
-0.47427
0.76223
-0.81804
-0.17949
0.08351
-0.03512
-0.6831
0.02826
-0.10505
-0.53923
-0.19639
0.86407
-0.70471
-0.23916
0.47194
-0.14784
-0.4879
0.85004
0.94779
0.93602
0.4426
0.7302
0.79058
0.66659
0.5389
-0.13615
-0.97712
0.42602
0.74568
0.81017
0.44993
-0.75212
0.08179
-0.1176
-0.16576
0.20994
0.5845
0.5941
-0.49
-0.4822
-0.56873
0.46463
-0.15005
0.92817
-0.82226
0.14298
0.63446
-0.44419
-0.63277
0.14564
0.77212
0.19123
0.62005
-0.50982
-0.60906
0.21055
-0.16235
-0.70306
0.19437
0.86294
0.63332
-0.4321
0.67752
0.47486
-0.85676
-0.24359
0.17483
0.28859
-0.14018
0.94019
0.24658
-0.68287
0.03446
-0.68426
0.21819
-0.44446
0.83716
0.2477
-0.53942
-0.77479
0.99761
-0.19127
0.94439
-0.73688
-0.61061
0.17675
0.99226
0.78449
0.93516
0.99961
-0.5096
0.63777
0.9047
0.59052
-0.49842
-0.80075
0.79172
0.10173
-0.54391
0.07109
0.26563
0.63827
-0.94799
0.20931
-0.34924
0.89753
0.9564
0.53082
0.35217
0.54462
0.94129
-0.30338
-0.40725
-0.95914
-0.20247
0.93951
-0.38683
-0.96991
0.86285
-0.99917
0.96062
0.12468
-0.71841
-0.54126
0.25829
0.90406
-0.62158
-0.58342
0.17951
0.24345
0.87
0.84734
-0.22286
-0.0751
-0.87939
0.25704
-0.84354
-0.57749
0.44613
0.685
0.74706
-0.40444
-0.25249
0.87467
-0.21688
-0.31105
-0.33534
-0.59002
0.01665
-0.02052
0.06867
0.05643
0.37816
0.04867
-0.41148
0.28668
0.21986
0.18044
0.67879
-0.51886
0.59101
0.58733
0.21782
0.91268
0.94173
0.64132
0.31411
0.14949
-0.12109
0.55395
-0.37365
-0.11649
0.72632
0.71261
0.28589
-0.18192
-0.68027
-0.86857
0.1237
0.3833
-0.35817
-0.39348
0.61061
-0.57974
-0.20882
-0.68223
-0.92834
-0.89338
0.63962
-0.27465
0.23656
0.40424
-0.17815
0.37325
0.97861
0.62559
-0.27194
-0.40097
-0.74314
-0.62831
0.05628
-0.25291
0.1018
0.09774
-0.9047
-0.77249
0.95015
0.55467
0.07425
-0.34753
-0.85888
-0.06327
0.30482
0.74742
0.75399
-0.77851
0.95549
0.68999
-0.7116
-0.22292
0.78464
0.67981
0.98113
-0.892
0.53846
-0.18056
0.25528
0.07797
-0.29951
0.52385
0.13044
-0.27149
0.84949
-0.50313
-0.57328
-0.54292
0.20855
-0.12294
-0.67693
0.14616
0.08586
-0.98152
-0.46238
0.19167
-0.8381
0.32658
-0.04303
-0.34067
0.45197
0.96571
0.34932
0.0809
0.02669
0.44595
-0.65585
0.98575
-0.91002
0.71163
0.71473
0.03767
-0.58348
0.29151
-0.02983
0.54256
-0.59575
0.96155
0.39646
-0.1518
0.60373
-0.34753
-0.98443
0.77414
-0.9506
-0.97132
-0.79733
0.38807
0.60563
-0.23254
-0.61365
-0.67009
0.28477
-0.23265
-0.63008
0.51019
0.78755
0.82994
0.25066
-0.62546
-0.37111
0.58095
0.07883
-0.18973
0.88871
-0.02099
0.05207
-0.70794
0.63012
-0.61964
-0.90281
0.24689
0.84497
-0.09759
-0.53462
-0.10879
-0.66787
0.82324
-0.86769
0.63592
-0.27712
-0.73624
-0.91428
-0.52708
-0.96642
-0.2528
0.37823
0.34769
-0.52514
0.70178
0.35134
-0.48189
0.66396
-0.92216
0.60499
0.67013
0.52132
-0.97666
-0.6204
-0.41343
0.27478
-0.84224
0.85572
-0.78418
-0.76004
0.57476
-0.09235
-0.62909
-0.6978
0.68113
-0.86168
0.85029
-0.03611
0.82659
0.20186
0.16309
0.84983
0.37343
0.37788
0.37567
0.38718
-0.15414
-0.30798
-0.82848
0.12009
-0.70927
0.2394
-0.50997
-0.95534
-0.81071
0.1531
-0.552
-0.00374
-0.95872
0.3684
-0.49321
0.90959
-0.95097
-0.02635
0.07745
-0.68662
0.61896
0.76939
0.99558
-0.75926
-0.06565
0.01822
-0.73925
0.40291
0.59789
-0.31158
0.99344
0.84174
-0.1487
0.90804
-0.52673
0.08431
0.41836
-0.8237
0.23905
-0.82374
0.03404
-0.07531
0.29319
0.05912
0.09111
-0.84821
-0.97487
-0.80363
-0.36416
-0.9153
-0.82961
0.41472
0.27564
0.34945
-0.18755
-0.30109
0.40608
-0.21938
-0.71113
0.88934
0.34885
-0.63599
0.23593
-0.05489
-0.64112
-0.67704
0.3832
-0.56676
-0.15205
0.18959
0.51323
0.86303
-0.50047
0.26698
-0.75677
0.10376
0.78156
-0.99083
-0.14801
0.03285
-0.67625
-0.26569
-0.64116
-0.70833
0.7264
-0.20928
-0.26932
-0.69757
-0.3131
0.38145
-0.47017
-0.83458
0.67152
0.54997
-0.73816
-0.29373
0.82392
-0.66402
-0.16503
-0.21463
0.25467
0.06849
0.3167
0.56234
-0.27863
0.61618
-0.66244
0.82983
-0.323
-0.43496
-0.2883
0.2993
0.66321
-0.88022
0.99504
-0.45562
0.12434
0.10679
-0.51209
-0.9864
0.93727
0.01092
-0.20426
-0.14817
0.20057
0.92218
0.69343
-0.21172
-0.65913
0.77453
0.3058
0.19052
-0.73469
-0.50777
-0.52444
0.78913
-0.00054
0.48805
-0.66139
0.28872
-0.94948
-0.08616
0.17039
-0.05537
0.95382
-0.73738
-0.08645
0.5287
-0.87285
0.8537
-0.05724
-0.67248
-0.19479
-0.78407
-0.12299
-0.87952
0.84308
0.53027
-0.27854
0.76116
0.87363
-0.57223
-0.28518
-0.51787
-0.20725
0.12544
0.47781
0.83659
0.18551
0.86231
-0.32972
-0.16024
0.49844
0.28317
-0.08721
-0.88773
-0.0595
0.08155
0.42527
0.4075
-0.66981
-0.7119
-0.37487
0.91863
0.37216
0.89009
-0.60257
0.19809
-0.88676
0.7032
-0.03031
-0.39409
-0.69898
-0.74472
0.41823
0.0563
0.36451
0.62822
-0.66023
-0.22587
0.67101
-0.54055
0.03237
0.31321
0.35335
0.49205
-0.25666
-0.51275
-0.05989
-0.45956
0.37105
-0.60993
0.4547
0.89683
-0.24909
0.44267
0.41062
0.76165
-0.65681
0.42288
0.02616
-0.74443
-0.43255
0.21701
-0.63705
-0.25212
-0.79245
-0.1277
0.91649
0.82354
-0.41666
0.98097
0.23865
0.22044
0.11654
0.68641
0.31094
-0.20226
-0.98011
0.36732
-0.06111
-0.16192
-0.0427
0.69241
0.05993
0.24862
0.62565
0.3443
-0.56058
0.57971
-0.66274
0.27407
0.31485
0.66398
0.06948
-0.32606
0.16913
0.79355
0.71286
0.05255
-0.74519
0.80388
0.72261
0.83936
-0.21845
-0.48235
-0.92199
0.32898
0.43754
0.4072
-0.73742
-0.39783
-0.5318
-0.68345
-0.4364
-0.67984
0.59883
-0.95108
0.3464
-0.30327
-0.10297
-0.93898
0.14365
0.37784
0.62147
0.07255
0.98025
0.52637
-0.41348
0.4877
0.11827
-0.75336
0.96513
0.56837
-0.07604
-0.94257
-0.21981
0.1144
-0.87991
0.46519
0.99789
0.23717
0.92561
0.0051
-0.45498
0.27401
-0.35398
-0.98283
-0.45758
0.49465
-0.55259
-0.16954
0.52339
-0.27562
-0.20916
-0.58939
0.02283
0.84226
0.20517
-0.83607
0.92971
0.08346
-0.56489
-0.49844
-0.63292
-0.097
0.2869
0.69764
0.35129
0.59157
0.12701
0.48926
-0.65392
0.0501
-0.99899
0.56194
0.92441
-0.39386
0.6724
-0.77625
0.99783
-0.0889
-0.95684
0.01478
-0.90869
0.84173
-0.29846
0.12776
-0.07987
0.13978
0.3225
0.25819
0.09905
-0.2591
0.83218
-0.55697
-0.06169
-0.08634
-0.92063
-0.06999
0.30598
0.52632
0.29841
0.45391
0.19669
0.36606
0.00859
0.67574
-0.46564
-0.66614
0.69919
-0.97581
-0.03582
0.47574
0.11248
0.75984
0.71445
0.69302
0.95719
0.23704
-0.03002
0.0548
-0.426
0.39339
-0.53259
-0.60731
-0.73606
-0.63434
-0.26634
-0.32902
-0.26717
-0.9003
0.63097
-0.35179
0.71388
0.41768
-0.39306
0.09301
-0.23708
-0.1574
0.23427
0.15647
0.41293
-0.42756
0.02509
0.21997
-0.11856
0.93737
0.21683
-0.68354
-0.24158
0.02465
-0.57907
-0.3219
-0.84476
0.7757
0.00964
-0.2664
-0.09648
-0.06784
0.98338
0.3981
-0.19542
0.02884
-0.631
0.92661
0.30944
0.82044
0.54709
0.84033
0.84193
0.85715
0.7873
0.15991
-0.52059
0.90902
0.74625
-0.53111
-0.21267
-0.38105
0.01457
0.65746
-0.65995
-0.20935
0.84176
0.3795
-0.27224
0.54596
-0.85618
0.2812
0.61424
0.5281
0.99859
-0.69175
-0.03141
0.96286
0.52692
0.77172
0.19702
0.41005
-0.55983
-0.05512
0.64388
0.15857
0.93036
0.21611
-0.01905
0.28189
0.46054
-0.12058
0.52922
0.14408
-0.57159
-0.75542
0.1211
-0.59463
-0.89019
-0.2514
-0.30285
0.93256
-0.95715
0.73814
0.41735
-0.34818
-0.37008
0.33986
-0.45632
-0.65375
0.72129
0.03617
-0.75
-0.86429
-0.80695
0.84708
-0.65669
0.75634
0.88737
-0.43236
-0.50051
0.88453
-0.32022
-0.53793
-0.47752
0.30067
-0.92459
0.8703
0.55545
0.42135
-0.38867
-0.62078
0.84983
-0.0984
-0.01571
0.62537
-0.90293
0.10253
-0.07711
-0.04984
0.7906
0.38939
0.29762
0.66121
0.15707
-0.99317
-0.36743
0.52184
0.04726
0.29549
0.5701
-0.31045
0.47996
-0.53388
-0.49025
-0.87309
-0.90847
0.24849
0.53433
0.00873
0.52329
-0.60676
0.76426
0.91747
0.01428
0.11641
0.28642
-0.39277
0.82267
0.85461
0.94976
-0.56476
0.80333
-0.3418
0.55148
0.5015
-0.74892
-0.22434
0.25715
-0.98988
0.74769
0.7562
0.28587
0.48997
0.00412
0.81798
-0.49552
0.49812
0.36192
0.80342
0.84714
-0.47894
-0.40664
-0.63007
0.61957
-0.01083
-0.52283
-0.55574
-0.81341
-0.25368
-0.60189
0.2327
-0.13073
-0.86993
0.70913
-0.78139
0.76767
-0.21408
-0.94785
-0.78323
0.72313
0.99319
0.02333
0.59203
0.60878
-0.20282
-0.91783
0.49428
0.89365
0.75677
0.37993
0.48545
-0.51478
0.29141
-0.90387
0.14405
-0.71293
-0.39694
0.31578
0.57304
0.75615
0.03841
-0.8034
-0.03876
0.08123
-0.45889
-0.10391
0.85569
0.41615
0.6186
0.16261
0.4366
0.82326
0.72399
0.85051
0.3686
-0.68021
-0.12257
0.66651
0.61479
0.97023
0.58818
0.54774
0.28083
-0.5856
-0.7456
-0.67545
-0.64166
-0.74201
0.24735
0.42664
-0.68889
-0.99914
0.37767
0.41821
-0.64668
0.85299
0.5232
-0.68488
-0.73416
0.17531
0.008
0.71356
0.60171
-0.21884
0.14394
-0.91218
-0.11418
0.29161
-0.69483
0.62723
-0.68739
-0.12591
-0.53901
0.07434
0.17898
-0.70997
0.0379
0.50099
0.83785
0.08679
-0.55932
-0.85062
0.98426
0.1318
0.9284
0.21871
-0.13592
0.96258
0.04941
0.83091
-0.70863
-0.59561
0.43854
0.11801
-0.77685
0.25494
-0.74606
-0.74628
-0.39819
-0.64057
-0.07267
0.04224
-0.618
0.43972
0.40475
0.54098
0.83288
-0.40921
-0.25399
0.47057
-0.41718
-0.38107
0.47928
0.20398
0.40006
0.64849
-0.10877
-0.78726
-0.04776
0.17427
0.446
-0.55587
0.84454
-0.84594
-0.6163
-0.1476
0.20814
-0.33056
-0.02477
0.31959
-0.92348
0.03877
0.62638
0.23033
-0.32135
0.02416
-0.11789
-0.89617
0.79828
0.206
-0.52684
0.88812
-0.76917
-0.19066
0.03394
-0.96118
0.23689
-0.31276
0.16261
-0.22935
0.3942
0.03011
-0.16244
-0.02643
0.3376
0.31727
0.17481
0.84446
-0.43193
-0.03229
0.94854
0.78748
0.43232
0.37922
-0.66237
-0.05691
0.39458
0.14703
-0.52007
-0.61528
0.81689
-0.52779
0.13034
0.97975
-0.46236
0.29089
0.00655
-0.34016
0.07121
-0.17442
-0.51435
0.62006
0.84893
0.67972
0.65629
0.351
0.22029
0.50235
-0.38387
0.93788
0.3401
0.7215
0.74346
0.1169
0.1861
0.60252
-0.0783
-0.99686
0.65376
-0.59263
-0.03538
0.35891
0.27608
-0.06642
-0.89034
0.96662
0.35446
-0.07843
0.35429
-0.56082
0.50492
0.82739
0.44421
-0.08525
-0.47137
-0.05574
0.5493
-0.76407
0.35415
0.78421
-0.01363
-0.85121
0.78978
-0.08745
-0.91008
0.51447
0.26705
0.06789
0.51386
0.23931
0.52914
0.38047
-0.56029
-0.13814
0.76302
0.0311
-0.64396
-0.37992
0.23514
-0.26999
-0.86941
-0.10234
0.59393
-0.93174
0.02615
0.46351
0.97077
-0.38485
0.81511
-0.00018
-0.73711
-0.49141
0.22081
-0.43748
-0.93462
0.01399
0.48225
0.50004
0.83643
0.41529
-0.81911
0.86914
0.07609
-0.75186
0.3858
0.83529
0.39944
-0.06363
0.61187
-0.67581
-0.58527
-0.32274
-0.85517
-0.26239
-0.45872
-0.79879
0.75643
-0.69877
-0.63573
0.44954
-0.99543
0.84259
-0.37967
0.15708
0.468
0.69287
-0.53999
0.13498
0.27131
0.84348
0.57546
-0.29783
0.26347
0.76837
0.44955
-0.34808
0.05663
-0.45007
0.72698
-0.11503
0.14482
-0.61814
-0.57304
0.66288
0.36422
0.84655
-0.23481
-0.33988
-0.67981
0.06915
0.31729
-0.61119
0.08114
-0.75359
-0.78876
0.36107
-0.64015
0.4587
0.61136
0.02164
-0.369
0.74869
0.38521
-0.46001
-0.20461
-0.80857
-0.7757
-0.55835
0.40571
-0.87192
-0.53407
0.5181
-0.34194
-0.5658
0.00308
-0.85726
-0.26096
0.93132
0.60996
-0.467
-0.72153
-0.75528
-0.15746
0.49619
0.59778
0.97613
-0.50233
0.96849
-0.62874
0.81327
-0.15604
-0.33508
0.38443
-0.43859
0.18752
-0.81449
-0.03622
0.01722
-0.33985
-0.70762
-0.45675
-0.74636
-0.22869
-0.22644
0.23191
0.72713
-0.65697
0.61959
0.56075
-0.9825
0.59022
-0.181
-0.4245
-0.65009
0.4155
0.11153
-0.45238
-0.70936
-0.035
-0.86299
0.24425
0.10613
-0.48504
0.84806
-0.18002
0.33327
-0.71135
-0.58644
-0.17355
-0.46027
0.67486
-0.44774
-0.34112
0.85763
0.09835
0.24537
-0.52551
-0.76804
-0.0455
-0.15599
-0.63571
0.78545
0.7778
0.6947
-0.46564
0.50663
0.08949
0.94386
0.90611
-0.98628
-0.52655
0.57973
-0.14713
0.21
0.51819
-0.23854
-0.14602
-0.79505
0.90562
0.1847
-0.29328
0.06572
0.32867
0.11749
-0.81276
0.89458
-0.13722
0.2616
0.06685
-0.8103
0.72898
0.2718
0.05126
-0.97247
-0.27398
0.57778
0.96832
-0.33125
0.76683
0.51129
-0.32297
0.29993
0.25992
0.2372
-0.59389
0.25048
-0.55834
-0.60002
0.88729
0.99417
-0.05524
0.44737
0.17848
-0.01257
-0.94517
-0.36489
0.8092
-0.31815
0.67147
-0.80576
-0.22916
-0.80662
-0.55391
-0.17103
-0.57116
0.34421
0.24139
0.68336
0.63611
0.5351
-0.56112
0.78144
-0.92648
0.66406
-0.69327
-0.0109
-0.89454
-0.54836
-0.76226
0.48998
0.6165
-0.7832
0.07883
0.37371
0.32277
-0.5676
0.37107
-0.50951
0.84431
-0.95926
-0.24179
0.7645
0.0736
0.58288
0.58828
0.00668
0.08715
0.14335
-0.02308
0.72167
0.30181
-0.08194
-0.14122
-0.93796
0.72362
0.91531
0.84115
-0.94959
0.52281
-0.05857
0.54516
-0.57285
-0.06852
-0.82692
-0.17943
0.72182
-0.45708
0.91512
-0.59537
-0.60076
-0.9013
-0.43193
0.20873
-0.82894
0.81085
-0.22383
-0.64563
0.96967
0.42663
-0.18771
0.67608
0.82323
-0.58679
0.65565
0.37691
-0.43168
-0.71919
0.16049
-0.72242
-0.0463
0.19502
-0.56543
-0.22905
-0.28345
-0.89092
-0.53871
0.41232
-0.74182
0.23883
0.36267
-0.57896
-0.69357
-0.85993
-0.42109
-0.35074
0.30561
-0.8412
0.68665
-0.69834
-0.01401
-0.34845
-0.08497
0.30532
-0.45754
-0.79606
-0.86822
0.08012
-0.80063
-0.74844
-0.97707
0.81511
-0.18841
0.61237
-0.78418
-0.51804
-0.68168
-0.1032
0.66033
-0.22147
0.37208
-0.75963
-0.65991
0.11045
0.4695
0.71918
-0.72572
-0.51802
0.92506
0.17627
0.1884
-0.15572
-0.93949
-0.96068
-0.21934
0.67293
-0.35291
0.04038
0.0992
-0.19424
-0.81084
-0.35112
0.60449
0.21475
-0.35162
-0.0423
0.21814
-0.31839
-0.3174
-0.27449
0.1086
0.01953
0.50172
-0.46572
0.92581
0.71849
0.92932
0.96945
-0.92413
-0.73986
0.41941
-0.15577
0.59641
0.0677
-0.35238
0.72796
0.66569
0.69964
-0.66411
-0.91623
0.33334
0.87625
0.72733
0.07813
-0.28473
0.02392
0.04627
0.20724
0.45676
0.23425
-0.74571
-0.54188
-0.41593
-0.62294
-0.27348
0.79807
-0.74877
0.63062
0.33593
-0.13619
-0.72802
-0.84696
0.13833
0.16039
-0.18175
-0.9534
-0.56442
0.51983
-0.81557
0.34411
0.73712
0.45613
-0.56637
0.49907
0.9996
-0.20357
0.44992
0.87114
0.22567
-0.44072
-0.95525
0.87474
-0.54973
-0.03896
0.22575
0.87258
-0.34999
-0.89808
-0.80923
-0.3241
0.39281
-0.82929
-0.2422
-0.57416
0.15973
0.70042
0.80798
-0.36436
-0.03242
-0.18823
0.04479
-0.9609
-0.01625
-0.38273
-0.81563
0.01671
0.45602
-0.40775
0.42039
-0.65737
-0.52123
-0.50825
0.26754
-0.08381
0.74066
-0.90524
0.71997
-0.01958
0.28367
0.31204
0.12763
-0.79336
0.46247
-0.61845
0.49786
0.08633
0.40073
-0.263
0.6047
-0.79882
0.97285
-0.05017
0.19638
0.38428
0.96918
-0.77919
-0.1511
0.63452
0.52784
-0.06186
-0.457
-0.35693
0.46201
0.01802
0.51237
-0.95403
-0.08181
-0.88635
-0.94762
-0.50389
-0.83686
-0.38478
-0.18003
-0.91948
-0.17482
0.64603
-0.9251
0.60873
0.88963
0.84916
-0.43836
-0.24485
-0.2994
-0.85483
0.64477
0.14661
-0.13246
-0.38219
0.28501
0.589
0.34422
-0.26649
-0.79405
0.75026
0.58536
-0.05168
-0.01889
0.95255
0.91427
-0.34155
-0.77002
0.66326
0.51105
-0.60531
0.71196
0.50145
0.63628
-0.78374
-0.83533
0.3175
0.07182
0.4167
-0.11804
-0.7143
-0.57007
-0.14713
-0.59875
0.36535
0.89869
-0.61726
-0.08361
-0.8849
0.31588
0.21116
-0.3361
0.25542
-0.82766
-0.73492
0.58251
-0.99746
0.21836
-0.77599
-0.8494
0.12945
-0.95404
-0.0453
0.23187
-0.30451
-0.85699
0.98648
-0.58414
0.07502
0.12403
-0.22459
0.24041
0.79635
-0.86071
0.21215
0.05838
-0.11486
-0.09143
-0.88147
0.3497
0.82095
-0.36783
-0.69106
0.14529
-0.18761
-0.33657
0.29694
-0.28548
-0.30742
-0.2022
0.35702
-0.9611
-0.60678
-0.24659
0.17079
-0.02625
-0.51423
0.6258
0.77642
-0.56745
-0.59482
0.21696
-0.56185
-0.14205
-0.78723
-0.12966
0.07327
0.92193
-0.23613
0.78879
-0.73557
0.21194
-0.37667
-0.50766
0.51669
-0.25051
0.44902
-0.90924
-0.10791
-0.09717
-0.2998
0.02275
-0.69341
0.1195
-0.54177
-0.66669
0.1122
-0.04855
0.48149
0.79796
0.51104
-0.62601
0.41451
-0.17171
-0.62383
0.16398
-0.24788
-0.4657
-0.93785
0.35748
0.18257
0.19185
-0.71786
0.00133
0.75505
0.53638
0.58297
-0.98873
0.92404
0.62059
0.14441
0.3813
0.62073
-0.32068
-0.2876
-0.58613
-0.63127
-0.09156
0.75746
-0.40453
-0.39805
-0.18088
-0.73976
-0.07041
-0.69918
0.59725
-0.87053
-0.40025
0.8143
0.49659
-0.47461
-0.58927
-0.12861
-0.16521
-0.05433
0.45481
-0.8144
-0.45106
0.26023
-0.10003
-0.48796
-0.76858
0.91549
0.7262
-0.28416
0.59799
-0.50499
0.86391
0.56876
0.19236
0.87776
0.9481
0.56749
-0.50114
0.87132
-0.63639
-0.29593
0.51644
-0.98556
0.49659
-0.79714
-0.04954
-0.94517
-0.50413
-0.57045
-0.78064
-0.65492
-0.39695
0.68605
-0.29065
0.67312
-0.84126
0.81459
0.50015
0.28248
0.58295
0.11533
-0.64603
-0.50477
-0.50764
-0.61927
-0.95546
0.15538
-0.08817
0.46906
0.91506
-0.83945
-0.92071
-0.10977
-0.70301
0.82605
0.9346
0.5784
-0.79257
0.2313
-0.72048
-0.15846
0.45811
0.05135
-0.91378
-0.08543
0.11525
-0.22487
-0.21417
-0.29595
0.86256
0.55597
0.79859
0.44574
-0.55945
0.94646
-0.96008
-0.33875
0.24567
0.60633
0.11045
-0.78618
0.42028
-0.34746
-0.52224
0.58132
-0.19348
-0.2651
-0.48467
0.52207
0.45193
0.0691
-0.74627
-0.49295
0.04476
-0.37995
0.47377
0.01468
-0.72734
-0.49795
-0.15068
0.52584
-0.20101
-0.28115
0.49376
0.29497
-0.04905
0.50029
-0.18514
-0.91121
0.12128
0.69821
-0.96007
0.20583
-0.64135
-0.2678
-0.17634
0.77346
0.7874
-0.54409
0.82172
-0.17218
0.69394
-0.77131
0.54043
-0.0678
-0.69444
-0.69776
0.7637
-0.80018
0.19277
0.84707
-0.86787
-0.44451
-0.55056
-0.51796
-0.01979
0.90439
0.30668
0.68406
0.34526
-0.49301
0.16714
0.05492
-0.66283
-0.64569
-0.57983
-0.83808
0.9598
0.98894
0.81994
-0.3817
0.19798
-0.44134
0.38223
-0.78008
-0.27227
0.99215
-0.65156
0.75157
-0.77554
-0.27844
0.60891
0.07387
-0.13009
-0.62392
0.72133
0.29608
-0.10628
-0.81642
-0.98064
-0.0493
-0.59236
0.87663
0.42543
-0.75414
0.99119
0.82937
0.95127
0.61371
0.7787
0.3675
-0.12613
-0.59551
0.7334
0.62543
0.51582
0.58605
-0.4863
-0.24301
-0.90391
0.35372
-0.68852
-0.41963
0.38127
0.49365
0.70358
0.95137
-0.59027
-0.9431
-0.27683
-0.04695
0.88687
0.88963
0.31274
-0.05016
0.96097
-0.65603
0.57682
-0.45185
-0.12646
-0.42336
0.58189
0.58802
-0.77961
0.53434
-0.25809
-0.83772
0.22184
-0.03104
0.1664
0.695
-0.33822
0.80628
0.77155
0.94567
0.59984
-0.41391
0.15491
-0.8232
0.0225
-0.10676
-0.17569
0.59295
0.89674
-0.37876
-0.49232
0.15492
-0.78161
-0.8399
-0.70652
-0.21071
0.75222
0.76916
-0.9773
0.0493
-0.99491
-0.28676
-0.89344
0.59415
-0.85013
0.14095
-0.71298
0.41505
-0.48353
0.40893
0.45212
0.9039
0.87211
0.70438
-0.64283
0.78906
0.0176
-0.56349
-0.40572
0.00807
-0.86403
-0.83603
-0.03759
-0.14501
0.02004
-0.35177
-0.97672
-0.60716
-0.47346
0.36239
0.76605
-0.6784
-0.30535
-0.90374
0.14462
-0.0276
0.80292
-0.64507
-0.95498
-0.93269
-0.77024
0.38416
0.83132
0.62605
0.55175
-0.87197
-0.01805
0.01043
-0.96314
0.68675
0.42228
0.79619
0.02794
-0.89514
0.39251
-0.1028
-0.01727
-0.47606
0.02281
-0.08742
0.51334
-0.37782
-0.48045
-0.81015
0.83841
-0.94349
-0.13084
-0.03126
-0.21577
-0.10304
0.37692
0.68263
-0.11979
-0.48897
0.86221
0.01319
-0.5362
0.67896
-0.21867
-0.43898
-0.29216
-0.29085
0.52472
-0.71526
0.64211
0.70996
-0.8084
0.63088
-0.5213
-0.53043
-0.91509
-0.91457
0.60563
-0.51249
0.9103
0.0017
-0.12971
-0.33358
-0.41214
0.18171
0.69358
0.73528
0.67455
0.87539
-0.65365
-0.96743
-0.02955
0.37641
0.79029
-0.91515
-0.53057
-0.12414
0.02173
0.40046
-0.80659
-0.64016
-0.34376
0.1165
0.06758
-0.35581
-0.03233
0.54465
-0.80659
0.90857
-0.48238
0.96063
0.25237
-0.43354
-0.33019
0.47543
-0.97458
-0.81192
-0.88601
-0.34669
-0.74852
-0.59561
0.74223
-0.35143
0.20258
0.72788
0.72365
0.62798
0.20667
-0.9945
-0.16284
-0.53141
0.68227
0.0577
0.25191
-0.77736
0.28243
0.24907
0.10501
-0.04167
-0.51784
-0.75941
0.72264
0.11925
-0.1348
-0.11748
0.75179
-0.27851
0.79157
-0.24706
-0.33609
0.15035
0.26021
0.96003
-0.37299
-0.90399
-0.24207
0.25566
-0.85018
0.90912
-0.50704
0.64147
-0.22425
-0.62177
-0.75043
-0.62392
-0.82027
0.70424
-0.47762
0.47588
0.97609
-0.66946
-0.09046
-0.11408
0.5118
-0.71055
0.85813
-0.95754
-0.46687
0.00975
-0.9688
-0.19621
-0.46524
-0.38479
-0.12815
-0.39166
-0.11613
0.76661
0.88439
0.37356
-0.06934
-0.50224
-0.97246
-0.9474
0.45628
-0.35285
0.27493
-0.88844
-0.26158
0.11513
-0.58849
-0.5165
0.49127
0.15755
0.67809
-0.06452
-0.75835
0.23397
0.17284
-0.55799
-0.27028
-0.50514
-0.58477
-0.17107
-0.71463
0.90028
0.2653
-0.60399
0.95395
-0.03505
-0.56791
-0.7017
0.22648
0.41516
0.33819
0.42295
-0.51414
-0.28226
0.4899
0.36554
-0.12309
0.02053
-0.87217
0.8091
0.87145
-0.34577
0.60474
0.93117
0.1529
-0.59212
-0.65819
-0.57783
-0.18573
-0.69297
0.29585
-0.73472
0.2524
-0.72506
-0.35791
0.54774
-0.43523
0.90216
0.05027
-0.23535
-0.09167
0.57746
-0.42605
0.44529
0.31805
-0.21407
-0.85517
0.84295
-0.74993
-0.46473
0.80002
0.62018
0.17183
-0.10653
0.16143
0.88589
-0.84416
-0.03565
0.5073
-0.28747
0.81814
-0.13212
-0.65789
-0.67219
0.97291
-0.99105
-0.51644
-0.17452
0.8163
0.2874
-0.37217
-0.36634
0.67645
0.5526
0.84624
-0.00274
0.07057
0.97513
0.13246
0.68664
0.03398
-0.68944
-0.69398
-0.03446
-0.11596
0.34087
0.31682
0.96784
-0.6617
0.1944
0.1567
0.49987
-0.93828
0.2181
-0.93417
-0.44185
-0.19376
-0.95213
0.77905
0.83675
0.1635
0.62062
0.50023
-0.99748
-0.52885
0.34777
0.37164
-0.95809
-0.57882
-0.11979
0.36222
0.40803
0.34017
-0.40162
0.65065
-0.17761
0.70537
-0.20533
-0.94066
0.49639
-0.24027
-0.76791
0.91957
-0.7809
0.78744
0.38247
0.66552
-0.30365
-0.28844
0.53372
-0.37203
0.2184
-0.13586
-0.85206
-0.82928
0.57916
-0.35513
0.92656
0.98805
-0.33859
0.21797
-0.25719
-0.55741
-0.57387
-0.7464
-0.2678
0.78622
0.82545
0.74195
-0.91356
-0.47484
0.43448
0.00622
-0.96345
-0.22574
0.80735
-0.71488
0.82262
-0.04543
-0.44136
-0.05264
-0.37905
0.6588
-0.02481
0.9454
-0.0433
0.74981
-0.7519
-0.75646
0.12847
-0.08526
-0.58485
-0.96494
0.8434
0.38028
0.63597
0.1217
-0.35502
-0.94149
-0.48507
0.10011
-0.84405
-0.66964
-0.6343
0.35054
-0.31216
-0.68907
0.37385
-0.40573
0.80908
-0.91982
0.19233
0.66124
-0.44461
0.56481
0.40308
0.29548
-0.68886
-0.77071
0.22757
0.60009
0.23265
0.96595
0.72912
-0.33652
0.73178
0.14115
0.99492
-0.92266
-0.0934
0.41223
-0.28848
0.31774
-0.10043
0.32614
-0.26428
0.79827
0.37203
-0.86151
-0.00463
0.85082
0.96005
-0.16346
0.75577
-0.70989
-0.26595
0.63117
0.12739
0.37737
0.87527
0.73867
-0.46343
-0.49486
-0.83003
0.68007
-0.72875
-0.68586
-0.62996
-0.58206
0.82421
-0.89968
-0.12354
0.29963
-0.18702
0.45091
0.56019
0.53198
0.40443
-0.03721
-0.25231
0.51748
-0.91901
-0.88606
-0.65299
0.15756
0.82107
0.05211
0.56476
0.0515
0.12255
0.71871
-0.22348
0.25035
-0.08952
-0.07282
0.02424
-0.20034
0.71465
0.6896
-0.65338
-0.2223
0.53299
0.57965
-0.19449
0.42781
-0.59574
0.40178
0.24519
0.8927
-0.20969
-0.08911
-0.22872
0.17395
0.56073
-0.79186
-0.13221
0.71724
0.29901
0.41069
-0.74846
0.46886
-0.93323
-0.1361
-0.19889
0.5053
-0.82907
-0.44779
-0.2988
0.92582
0.0698
-0.4644
-0.73443
0.14142
-0.04291
0.71076
0.82988
0.41358
-0.2039
-0.30442
0.95278
0.77338
-0.01625
0.35559
-0.67726
0.01814
-0.62418
-0.31895
-0.66655
-0.58862
0.02976
-0.65962
0.69365
0.15108
-0.02372
0.0037
0.53112
-0.92808
0.42042
0.44953
0.96133
0.03041
-0.97235
0.03362
-0.00499
0.69436
-0.39112
0.13943
0.3558
0.85245
0.09403
-0.36371
-0.99933
-0.61393
0.48138
0.03986
-0.99402
0.12198
0.53956
0.31538
-0.14502
-0.22612
0.41646
-0.96796
-0.16955
-0.64455
0.19662
-0.21947
-0.44456
0.99061
-0.64888
0.52314
0.36017
0.86289
0.28578
-0.09468
0.6701
0.77035
-0.68035
0.09266
-0.07634
0.97863
-0.59405
0.91864
0.36683
0.11895
-0.80381
0.34919
0.64376
0.7133
-0.06593
-0.23548
0.29964
0.61192
-0.54146
-0.34123
-0.70007
0.46886
0.29381
0.82169
0.67678
-0.3486
-0.43381
-0.17298
0.78507
-0.68795
-0.92
0.12395
-0.18965
-0.62047
-0.28022
0.15425
0.92473
-0.79994
-0.72177
-0.096
-0.28772
0.69485
-0.7754
0.30939
0.64612
0.29164
-0.00163
0.08766
-0.64935
-0.45849
-0.64298
0.08279
0.89608
0.27567
-0.73571
0.72899
0.9674
-0.11412
0.73293
0.7728
0.99712
-0.86567
-0.64013
-0.50384
-0.03794
-0.70024
0.56043
0.38699
0.02122
0.42074
0.08298
-0.19375
0.72406
-0.76062
0.15314
0.70831
-0.17645
0.99354
-0.24016
-0.82705
0.79615
-0.91133
0.34581
0.22129
0.26409
0.51875
-0.32141
0.52926
-0.10631
0.50216
0.14108
-0.83168
0.08512
0.68734
-0.19962
0.91662
-0.68655
-0.71454
0.69187
0.91842
0.54413
-0.31323
0.42971
-0.21753
0.62206
0.18505
0.67267
0.47624
-0.31196
-0.01121
0.16928
-0.22654
0.10162
-0.0715
-0.97343
-0.95862
0.98466
-0.38834
-0.01716
0.35925
-0.38966
0.36803
0.66656
0.26056
0.47827
0.42257
0.88354
0.12476
-0.49257
0.13191
0.12927
-0.83253
-0.27632
-0.35788
0.28271
-0.47557
-0.08872
-0.09007
-0.44922
-0.93751
-0.45105
-0.7109
-0.9483
0.87936
-0.88872
-0.24324
0.38257
-0.06277
-0.98284
-0.74445
-0.39722
-0.90633
0.91956
0.1602
-0.28458
0.50848
-0.47558
-0.61528
0.2146
-0.54662
-0.31712
-0.76745
-0.54134
0.19137
-0.94662
-0.92185
0.18025
0.81742
-0.67408
0.36314
-0.61064
0.41216
0.15789
-0.07294
-0.84643
-0.31369
0.83018
-0.55116
-0.17324
0.43921
0.90758
0.57985
-0.12022
-0.94676
0.20501
-0.30914
0.46272
0.53874
-0.49131
-0.78913
-0.20793
-0.25064
0.48433
0.18444
0.54694
0.37708
-0.13887
0.74549
0.63992
0.87854
-0.91351
0.01209
-0.62451
0.97954
-0.20223
-0.95299
0.92903
0.29857
-0.22635
-0.67586
-0.93245
-0.10857
0.78127
-0.52374
0.76298
-0.53392
-0.68122
-0.35323
-0.59842
-0.55809
-0.96137
-0.93809
-0.81395
0.57243
-0.8374
0.99549
-0.63033
-0.02136
-0.37692
0.12027
0.28816
0.05676
-0.16979
0.10449
0.08005
-0.90298
-0.05699
-0.879
-0.57764
0.67294
0.60833
-0.30418
0.83255
-0.31875
0.95691
0.74741
0.39894
0.81632
-0.01923
-0.45948
0.30846
0.74995
0.22372
-0.51575
0.65205
0.99931
-0.02728
-0.21128
-0.17954
-0.71077
0.72984
-0.4159
0.89496
-0.78425
-0.52544
0.93192
0.24391
0.52313
-0.01115
-0.51919
-0.28154
-0.16043
0.82962
0.74509
-0.541
-0.52219
-0.50253
0.3889
0.78237
0.30566
-0.75377
-0.78253
0.23396
0.2689
-0.17663
0.13336
0.20252
-0.54255
-0.41858
-0.96972
0.89603
0.82542
-0.39914
0.08021
0.25595
-0.64609
0.80017
-0.59291
0.23614
-0.7931
-0.46534
0.96527
-0.94672
-0.00986
0.15342
0.5205
0.05489
0.02068
0.42439
0.73393
-0.92784
-0.23355
-0.93783
-0.53207
0.7786
0.65506
0.7368
0.31126
0.30894
0.38019
-0.75855
-0.25312
0.6891
0.81729
-0.83902
0.22158
0.07161
0.20091
-0.68631
0.15537
-0.72043
-0.52574
0.31531
0.04847
0.27463
-0.08973
-0.3588
-0.93339
-0.04935
-0.78895
0.04252
0.24587
-0.71966
-0.25346
-0.49656
-0.62476
0.69977
0.22883
0.25317
0.50257
-0.58197
-0.67767
0.47567
0.38449
0.61243
0.23627
-0.09935
0.65938
-0.66929
-0.90954
-0.84591
0.61926
0.21611
0.62706
0.16764
0.80373
-0.02672
-0.64316
-0.43284
0.79559
0.91256
-0.33386
-0.70315
0.07324
-0.09445
0.65248
0.83472
0.78609
-0.78849
-0.00656
-0.60511
-0.66353
-0.58691
0.05987
0.93459
0.24461
-0.41872
-0.30991
-0.94239
-0.92277
0.31088
-0.87167
0.99724
-0.38785
-0.50692
-0.06752
-0.84258
-0.1108
-0.12526
0.18691
0.63656
-0.06386
-0.89104
0.86432
0.39277
-0.44828
-0.33783
-0.51237
0.36429
-0.7207
-0.41758
0.66083
0.47728
0.02785
-0.45284
0.74852
0.21308
-0.53622
0.22938
0.58069
-0.16043
0.59801
-0.12804
0.47212
0.48378
0.18582
0.53797
0.82319
0.04813
-0.45562
0.95995
-0.41558
-0.30194
-0.24009
0.65216
0.7545
-0.60585
-0.70369
-0.19463
0.82467
-0.31221
0.98269
0.88429
0.92013
-0.41806
0.39789
0.63759
0.61241
0.2063
0.17928
0.88911
-0.03153
-0.03005
0.2275
-0.60659
0.08206
-0.56888
0.51069
-0.85195
0.86607
-0.11744
-0.30118
0.87309
0.11385
0.1909
0.80899
0.17063
-0.58465
-0.07616
0.27868
0.63347
0.65296
0.84146
-0.4748
0.49237
-0.05029
-0.15452
-0.3572
-0.00164
0.06875
-0.25073
-0.57523
0.76352
0.67643
-0.4821
-0.70352
0.9794
-0.16482
-0.27604
-0.38032
0.17609
-0.40042
-0.99816
-0.20197
-0.95837
0.65182
-0.4804
-0.08311
-0.90176
-0.18111
-0.93008
0.9388
-0.72739
-0.30762
-0.39317
0.55918
0.41498
0.05562
-0.32966
0.02456
0.21113
-0.36288
-0.53911
0.81227
0.42813
0.74876
-0.66922
0.62089
0.01086
0.47131
-0.20882
0.13424
0.8475
-0.20163
0.15734
-0.76392
0.6153
-0.11946
-0.64843
-0.15096
0.76369
0.88465
0.08808
0.61553
-0.00033
0.7954
-0.96248
0.33124
0.11639
0.46614
0.07185
0.22863
-0.97467
0.96733
-0.2005
-0.66631
0.61185
0.16007
0.25898
-0.41672
-0.05186
0.06557
-0.36494
0.61582
0.19891
-0.42784
0.25813
0.42219
0.27371
0.83485
0.82259
0.45521
-0.32917
0.63288
-0.08865
0.66468
0.84038
0.11694
0.64213
0.40108
0.89817
0.23544
-0.76776
-0.36218
-0.08786
-0.63584
-0.53218
0.99729
-0.46455
-0.95983
0.22346
-0.04429
0.51192
-0.50797
0.21216
-0.46287
0.03761
-0.07523
-0.52336
0.05509
0.50564
0.79256
-0.34481
0.62288
0.25622
-0.65461
0.61726
-0.24301
-0.36191
-0.64266
-0.79031
0.4509
-0.68389
0.6342
0.51291
-0.61521
-0.90388
0.68578
-0.29244
-0.7313
-0.68882
-0.91017
0.96819
-0.92769
0.46377
-0.20796
-0.11429
0.98506
-0.97031
-0.637
0.74155
0.40299
-0.67559
-0.35923
0.00101
-0.7592
-0.60164
0.99356
0.13188
-0.61542
-0.22074
-0.08618
-0.10268
-0.78935
0.47212
0.07844
0.37053
-0.87521
0.47458
-0.66878
0.76346
-0.25142
0.04848
-0.6021
-0.22851
-0.11316
-0.80812
0.50242
-0.20221
0.87887
0.64271
0.70036
0.94488
0.75327
-0.1341
0.99641
-0.39865
0.95192
0.46552
-0.61947
0.52173
-0.99107
0.9788
-0.86837
0.8287
0.0998
-0.26926
-0.77529
-0.88338
0.96547
0.12949
-0.91299
0.05799
0.80312
-0.85081
0.01529
-0.3939
-0.44436
-0.05642
0.38339
0.33637
0.24756
0.01935
-0.68709
-0.97637
0.92271
0.90973
0.71481
-0.12202
-0.10006
-0.58404
0.41699
0.04178
0.48644
-0.69531
-0.34968
0.12894
0.31226
0.10848
0.2885
-0.69213
0.66991
0.33502
0.77132
-0.33145
0.1482
0.21244
-0.26538
0.77991
-0.73684
-0.90842
-0.4503
-0.85713
0.52619
-0.57416
0.95962
-0.22251
0.89501
-0.62792
0.71879
0.65577
-0.97985
-0.16279
-0.19761
-0.71985
-0.79834
0.30581
0.13893
-0.63135
-0.06006
-0.64715
0.96716
0.99
-0.93586
-0.09158
0.90449
0.06564
-0.3747
-0.3115
0.49899
-0.0558
0.29964
0.00906
-0.61497
-0.21415
0.18301
-0.61873
0.00679
-0.86327
0.61944
0.65746
-0.196
-0.17763
0.95852
-0.59772
-0.61176
-0.4002
0.95692
0.9393
0.97135
-0.43544
0.35344
0.57591
0.51628
-0.55808
0.90368
0.37674
-0.92812
-0.06346
0.7815
-0.60204
0.21553
0.09906
-0.57927
-0.16724
0.53615
-0.09441
0.27397
-0.0983
0.13421
-0.3445
0.97178
-0.9978
0.63425
0.38204
-0.14439
-0.56667
-0.13226
-0.30623
0.36875
-0.57912
0.9372
0.92528
0.72714
0.26963
0.99472
-0.04286
0.12743
-0.196
-0.86774
0.25535
0.6258
-0.80004
-0.67971
0.03946
0.18935
-0.57422
-0.14504
0.67323
0.01437
0.72476
0.3167
-0.86826
-0.37828
-0.76006
-0.65756
-0.98969
0.01259
-0.51628
0.63938
0.3082
0.26459
-0.13046
0.6399
0.78663
0.11955
-0.79797
-0.56359
0.36354
-0.90838
-0.81019
-0.34939
-0.1087
0.37638
-0.51488
0.6206
0.46169
-0.81972
0.51205
0.01263
-0.30534
-0.02581
-0.81966
0.74213
-0.12582
-0.65703
-0.83087
0.48266
-0.4317
-0.2514
-0.06809
0.86014
0.7111
-0.52338
-0.47361
-0.50484
-0.89128
-0.54309
0.59462
0.62408
-0.20981
-0.91114
-0.33674
0.08286
0.05415
0.5831
0.27661
0.77604
0.72231
0.06666
-0.2847
-0.75587
0.12564
0.40107
-0.14477
-0.61667
-0.3138
-0.09696
-0.00373
-0.0717
0.54682
0.97085
0.80652
0.24482
0.06779
0.31393
0.07033
0.97152
-0.51221
0.45628
0.00508
0.59545
-0.87566
0.09954
0.3084
-0.62407
-0.88038
0.62035
-0.81373
-0.48243
0.81162
-0.58433
-0.10718
0.28753
-0.72069
0.01709
0.7384
-0.29269
-0.02343
-0.18629
-0.83566
0.45634
0.15881
0.32494
0.9329
-0.55778
-0.15143
-0.47519
-0.87979
0.2376
-0.71991
-0.53613
-0.21567
0.85245
0.85381
-0.13018
-0.73224
0.51676
-0.21014
-0.07121
0.82495
-0.23143
0.17558
0.91712
-0.33678
-0.22073
0.77265
-0.45662
0.54469
0.25713
-0.91016
0.49866
0.0666
0.6736
-0.42822
-0.94223
-0.48553
-0.74486
-0.78292
0.66012
-0.0933
0.22981
0.82296
0.34465
0.25788
0.93619
-0.83031
-0.32059
0.98757
-0.18391
-0.26485
0.34253
0.64641
-0.15173
0.91191
0.53748
0.13944
0.93258
0.94877
-0.12957
-0.30864
-0.28481
-0.81177
-0.04057
0.17219
-0.04185
-0.67796
-0.1786
-0.87649
0.18674
0.1278
0.73219
0.06378
-0.83172
0.94181
-0.94345
-0.0522
0.16199
0.61308
0.04402
0.29362
-0.99881
-0.16011
0.44064
-0.80351
-0.94763
-0.95001
-0.05217
0.88296
-0.261
-0.239
-0.74512
-0.82501
-0.26387
-0.81827
0.27251
0.36758
0.12266
0.10479
-0.07103
-0.72716
-0.87222
0.04392
0.6637
0.22671
0.74033
0.17816
0.88717
-0.06627
0.50005
-0.6957
-0.87427
0.84111
-0.26067
0.66711
-0.21091
0.63432
-0.60402
-0.40065
-0.13241
0.51885
0.34544
-0.61753
-0.43512
-0.68685
-0.91871
-0.35388
-0.12417
0.05745
0.35747
0.24961
0.85835
0.22676
0.58777
-0.85001
-0.49877
0.30928
0.39827
-0.40784
-0.50513
-0.30836
-0.33566
0.93198
-0.52183
0.67943
-0.6936
-0.62433
0.15046
0.89324
0.31269
0.62954
0.07297
-0.2975
-0.53256
-0.47483
-0.96462
0.82458
0.34085
-0.55879
0.19692
0.04599
0.75685
-0.27201
0.46021
0.58312
0.43416
0.16148
0.59052
0.54118
0.47641
0.94979
-0.99155
-0.95096
0.5834
-0.13216
-0.28196
-0.07999
-0.99407
0.82007
0.15637
-0.28011
-0.37067
-0.2423
0.36217
-0.66584
0.05494
0.15039
0.97402
0.21412
-0.17558
-0.36252
0.65283
-0.79598
-0.87231
0.63688
-0.1454
0.25742
0.62024
-0.794
0.38182
0.20171
0.67155
0.60507
-0.8523
0.28167
-0.03728
0.92057
-0.11563
-0.28988
-0.73324
-0.37755
-0.91552
-0.07798
-0.17477
-0.77967
0.79668
-0.92589
0.67219
0.13049
0.6928
0.26359
0.90419
0.59433
-0.18986
-0.74167
0.56899
-0.98677
0.20015
-0.2158
0.08513
0.72882
0.81206
0.91652
0.46527
-0.07492
0.54096
-0.05772
0.03401
-0.15739
0.64655
-0.08488
0.11256
0.8494
-0.27786
-0.2223
-0.79512
0.84956
-0.78403
0.12122
-0.04793
-0.68172
-0.78022
-0.61964
0.41284
-0.45637
-0.34996
-0.22308
-0.56321
-0.88072
-0.0651
-0.43893
-0.44087
-0.67312
-0.4901
-0.65824
-0.29793
-0.89613
0.286
0.01499
0.30171
-0.42539
0.65111
0.4494
0.20122
0.99107
-0.14196
0.05743
-0.42106
-0.79505
-0.98315
-0.02492
-0.49922
-0.3998
-0.61875
-0.02133
0.34285
-0.33794
0.16168
-0.58383
0.45087
0.16113
-0.23581
-0.19017
-0.78462
-0.57706
-0.73249
0.08881
0.31373
-0.57011
-0.40502
0.89111
-0.38341
-0.54446
-0.85072
0.95526
0.9341
-0.38626
0.99587
0.13986
-0.10446
-0.17777
-0.3742
-0.26213
0.13358
-0.74461
-0.58384
-0.60226
0.29744
0.47215
-0.93032
0.42602
-0.54585
-0.10439
0.75036
0.70523
-0.72178
-0.63939
-0.64879
-0.84042
0.32984
0.33751
0.52332
0.16263
0.50667
-0.43836
0.17553
0.77433
-0.07504
-0.58247
-0.90995
-0.43018
-0.18854
0.99128
0.17938
-0.35434
-0.3638
-0.20219
-0.89211
-0.07464
-0.3306
-0.03591
-0.82133
0.6972
0.18046
-0.08554
0.65455
-0.51899
0.49873
0.71446
-0.18638
-0.91716
-0.17162
0.29187
0.60232
-0.31031
0.79668
-0.10201
0.47402
-0.62289
0.98763
-0.65612
-0.84445
-0.54113
-0.027
-0.49647
0.3636
-0.93219
0.21918
0.27674
-0.22546
-0.68296
-0.46534
0.50932
0.85518
-0.14715
0.71536
0.15371
0.54943
-0.49479
-0.23572
0.15226
-0.82221
-0.66363
0.34074
0.25479
-0.22786
0.94895
0.36989
0.1972
-0.20536
-0.47146
0.91002
-0.47308
-0.95981
0.41834
-0.61046
-0.3695
0.29814
-0.74001
-0.95312
-0.88954
-0.83059
0.5895
0.6613
0.85112
0.46278
0.0032
0.02294
0.88196
0.34476
0.13966
0.47969
-0.39981
-0.00386
0.67333
0.59693
0.76621
-0.044
0.74765
-0.17464
0.82338
0.42985
-0.41741
-0.6848
0.67456
0.99331
-0.71334
-0.56888
0.70078
0.53268
0.20951
-0.5295
0.51364
-0.12577
-0.33858
0.15127
0.59725
-0.88339
-0.47492
-0.37842
-0.82344
-0.22068
-0.81427
0.59578
-0.98454
-0.45976
-0.88029
-0.81966
0.77151
0.29907
-0.0486
0.69631
0.77038
-0.42817
0.36265
0.42632
-0.77479
-0.57615
-0.70251
0.25327
0.37316
-0.381
-0.44256
-0.81729
0.36716
0.11355
0.40401
0.60904
0.50707
0.65159
0.59484
0.52015
0.06683
-0.37037
0.18241
0.65795
-0.04863
0.47437
0.30483
-0.39633
-0.51282
-0.00363
0.07697
-0.24811
0.90361
0.6081
0.37254
-0.04839
0.2128
0.86816
-0.6222
-0.72709
0.71654
-0.37862
-0.83555
-0.6642
-0.11959
0.39312
-0.3132
0.31846
0.09276
-0.0278
0.76427
-0.1802
-0.36035
-0.95321
-0.40761
-0.73426
0.09507
-0.97828
0.46986
-0.03303
-0.61907
-0.82596
-0.2695
0.13958
0.17439
-0.14539
0.25104
-0.0737
-0.55867
-0.92613
-0.99498
0.65502
0.45389
0.17559
0.73125
0.24615
-0.39183
0.54192
0.48797
0.88104
0.27442
0.32744
-0.24023
-0.70764
0.78181
-0.29201
0.27541
-0.48025
0.00595
0.76829
-0.82287
0.89651
-0.29993
-0.3044
-0.80531
-0.77821
0.12397
0.65891
-0.63291
-0.04829
-0.22632
0.89742
0.20194
0.52467
-0.56216
-0.37729
-0.42475
0.36918
0.30297
0.9181
0.33414
0.05958
0.94753
-0.05997
-0.67705
0.3652
0.98362
0.3748
0.13034
0.09074
-0.79146
0.88675
-0.64637
-0.55012
-0.44252
0.38831
-0.49178
-0.43479
0.5623
0.87707
-0.516
0.0989
0.19911
-0.88911
0.98227
-0.66298
0.68481
-0.84974
-0.6903
-0.3661
0.93569
-0.85635
0.80699
0.2161
-0.45697
-0.6926
-0.49199
-0.91948
0.4739
-0.38081
0.30692
0.02496
0.9493
0.28416
0.491
0.75004
0.24738
0.83241
0.9643
-0.65679
0.41437
0.67806
0.69266
0.66748
0.97673
-0.41172
-0.91956
-0.76629
0.45397
0.39748
0.29743
-0.607
0.95406
0.29186
0.18189
0.91808
-0.13074
0.4598
-0.37243
0.72322
-0.83452
0.89511
0.96646
0.93266
0.66732
0.9068
-0.26279
-0.97211
-0.58785
-0.96525
0.63007
-0.58771
0.47731
0.49195
-0.12484
-0.04154
0.78767
0.10308
-0.67428
0.22522
0.45607
0.30691
0.04786
0.03864
-0.14105
-0.41171
0.6972
-0.03295
0.94548
0.72645
-0.70068
0.39808
-0.61731
0.73993
0.8636
-0.03952
-0.19259
-0.18943
-0.09056
0.30154
-0.77139
0.05031
-0.15461
0.39643
0.89033
-0.97784
0.39079
0.05023
0.93155
-0.24769
0.10742
0.02816
0.6587
-0.33139
0.49371
-0.12591
0.75667
-0.20169
0.31701
-0.68822
-0.01635
0.9952
0.85762
0.72339
-0.13199
0.18853
0.29596
-0.82977
0.20033
-0.84945
-0.24508
-0.35226
-0.90715
0.85007
-0.779
-0.36929
-0.55121
0.02534
0.45349
-0.22432
0.41183
-0.89039
0.28697
-0.98326
0.22433
0.16606
0.29845
-0.74277
-0.4155
-0.75111
0.63689
0.4513
0.14598
-0.74348
0.42915
-0.88416
-0.00656
-0.33069
-0.24172
0.35551
0.48987
0.47222
-0.93543
-0.12788
-0.62376
-0.9612
0.09033
-0.67456
0.57147
0.69111
0.09839
0.37505
0.05639
-0.88473
-0.74929
0.40032
0.42096
0.93685
-0.67662
0.03431
-0.4663
-0.51223
-0.47373
0.17793
0.27732
0.37977
-0.84902
0.1612
0.29583
0.06076
0.81971
0.53356
0.03669
-0.53584
-0.94598
-0.12265
-0.42168
-0.49294
-0.52212
0.14052
-0.52169
0.09891
-0.98063
-0.49043
-0.3868
0.61796
0.25858
0.2361
0.66261
0.12305
-0.45789
0.54206
0.17418
-0.92698
-0.51699
0.94171
-0.89385
0.81797
0.2376
0.22931
-0.10644
0.88468
0.862
0.3059
0.91446
-0.13446
-0.8019
-0.97565
-0.43842
-0.68747
0.76653
-0.38037
0.53605
0.69185
0.01413
-0.03774
-0.06016
-0.14959
0.33446
-0.18817
0.05645
0.70166
0.17397
-0.8672
-0.46476
-0.29506
0.64419
-0.86902
-0.74817
0.28682
-0.41856
0.1394
-0.1567
0.45433
0.27291
0.9453
0.31171
0.51001
-0.78069
-0.7542
0.66103
-0.76986
-0.24952
-0.37807
0.39656
0.34559
0.61341
0.4267
0.08131
-0.62037
0.60586
0.48427
0.85906
0.20528
-0.93663
0.07151
0.52807
-0.9405
-0.59999
0.2824
-0.48587
-0.87599
-0.86306
-0.09289
-0.94866
0.88756
-0.91548
-0.95917
-0.75233
0.8271
-0.43114
0.12788
-0.70079
0.10803
0.64068
-0.09018
-0.32653
-0.11471
0.32312
-0.38713
0.12051
0.73826
0.23447
0.41144
-0.19468
0.2915
0.27479
-0.07879
0.34163
-0.41311
-0.02429
0.12181
0.65821
0.84511
0.9822
0.09102
-0.9906
0.5514
-0.93423
-0.02772
-0.05027
-0.98966
0.88469
-0.23486
-0.33309
-0.0647
0.67165
-0.58231
-0.98316
0.62163
-0.284
-0.8677
0.99017
-0.46186
0.79178
0.36615
0.33991
0.77331
-0.13795
0.17915
0.4886
0.87778
0.95659
0.18348
-0.53097
-0.72812
0.97765
0.9941
0.94319
-0.39177
0.56946
-0.82836
0.14749
-0.79144
0.39542
0.94504
-0.27604
0.29628
-0.41812
0.57121
-0.82374
0.66731
-0.36907
-0.02411
-0.40232
-0.04538
-0.39172
0.20782
-0.53851
0.09101
-0.33372
-0.29704
-0.45947
0.07631
-0.45727
-0.00266
0.60702
-0.61641
-0.9645
-0.19473
-0.35302
-0.68963
-0.48614
0.19166
-0.81911
0.07335
-0.16659
0.49203
-0.11421
-0.78763
0.28093
-0.00572
-0.87115
0.59631
0.36647
0.21221
0.39905
0.44126
-0.28194
-0.61154
-0.2686
0.16734
-0.04216
-0.32247
0.00137
-0.82512
0.55744
-0.11115
0.4768
-0.80245
0.68249
0.65581
0.16305
-0.87908
0.19774
0.30161
-0.31934
0.68963
0.75372
-0.78299
-0.89732
0.33867
-0.23929
-0.74226
-0.6889
-0.37642
0.71254
0.74721
0.37159
0.44888
-0.85446
0.55583
0.42357
-0.29412
0.55133
0.18995
-0.39709
-0.46234
-0.67564
-0.93797
0.54162
-0.90001
-0.42267
-0.78797
-0.04104
0.62656
-0.55752
0.60325
0.84313
0.48513
-0.82356
-0.8857
0.98625
-0.1995
-0.41856
0.93476
0.10709
-0.42252
0.91153
0.82053
0.28649
-0.96351
0.59657
-0.26935
-0.81492
0.82613
-0.90216
0.03449
0.43827
0.31576
0.2582
-0.93105
0.95853
-0.44201
0.08381
0.51195
0.02616
-0.99772
-0.37862
-0.43155
-0.37466
-0.58048
0.9434
0.00369
0.44648
0.0927
0.76584
0.2392
0.52799
-0.46994
-0.84946
-0.83052
0.37748
0.48966
0.13067
-0.14162
-0.15272
0.38485
0.9942
-0.29547
-0.18731
-0.78646
0.39729
0.89212
0.69874
-0.44507
0.05617
0.24358
-0.67812
0.69623
0.92459
0.09745
-0.7306
0.43946
0.75607
0.94198
0.16882
-0.83595
-0.2513
-0.50175
-0.84275
-0.13781
-0.05649
0.96819
0.63779
-0.02728
-0.58916
-0.10803
-0.17577
-0.3726
0.79355
-0.34443
0.23656
-0.79821
-0.34467
0.7341
-0.82639
0.06758
0.69114
-0.02332
-0.65432
0.26373
0.56274
0.15292
-0.10344
-0.42497
-0.79908
0.75354
-0.21648
-0.24505
-0.56516
-0.34704
-0.61139
-0.39646
0.62971
0.15475
0.26226
-0.61454
-0.39044
0.00496
0.66846
-0.52699
0.66978
0.44761
-0.54729
-0.5628
0.85303
-0.33513
0.58748
0.95507
-0.46629
0.29165
-0.50112
0.34445
-0.03389
-0.36795
0.34484
0.76781
0.28952
-0.9254
-0.77832
-0.48573
0.96291
-0.70364
-0.6235
-0.43641
0.81352
0.75565
0.77828
-0.76161
0.67685
-0.46516
0.42314
0.65226
-0.48764
-0.79747
0.35858
0.43114
0.79713
0.30601
0.14289
-0.4926
0.29078
-0.34349
-0.83911
-0.98254
0.30554
-0.58074
-0.32101
0.88523
0.57447
-0.78276
-0.29591
0.26841
0.13717
0.0314
-0.52514
0.22346
-0.31978
-0.47233
-0.23164
-0.65335
-0.39816
-0.65036
0.31135
0.09111
-0.18491
0.58911
-0.67068
0.09028
0.88816
0.79561
-0.80099
-0.62384
0.94385
0.10852
0.66126
0.8814
-0.99972
-0.71652
0.54024
-0.31094
-0.06889
0.88969
0.54936
-0.97425
-0.8947
0.59364
-0.77052
0.07071
-0.77801
0.87734
-0.84175
-0.18644
-0.06227
0.53743
0.44574
0.00542
-0.3282
0.04339
-0.94739
-0.30715
-0.77503
0.88664
0.31821
-0.13472
0.90911
0.77402
0.90188
-0.50079
0.28675
-0.66639
-0.35474
0.84048
0.35129
0.14992
-0.32424
-0.95169
-0.22426
-0.30341
0.54406
-0.51656
0.50387
0.54017
-0.59896
-0.83301
-0.1251
-0.20626
0.87799
-0.83527
-0.43923
0.55829
0.39587
-0.90235
-0.12231
0.61138
-0.91042
0.5011
-0.41284
0.54985
-0.91809
0.58823
0.3199
-0.8467
0.64304
0.06163
-0.43789
0.85368
0.37851
0.16732
0.46298
0.54385
-0.82145
-0.43256
0.87814
-0.7777
-0.85588
-0.74301
0.7447
0.17663
-0.0538
-0.39553
-0.3386
-0.83702
0.42491
0.84748
-0.43698
-0.35402
-0.58083
0.91333
0.21467
-0.63617
0.25765
0.85168
-0.13521
0.64543
0.97477
0.58455
-0.80519
0.95792
-0.61282
0.12369
0.5495
-0.85822
-0.39181
0.14193
-0.70368
-0.83262
-0.06174
-0.80643
-0.09012
-0.49311
-0.13884
-0.36286
0.26099
0.25443
-0.37323
0.65371
-0.41261
-0.79694
0.65004
-0.54318
0.60771
-0.2966
-0.96271
-0.7165
0.7948
-0.3784
0.71596
-0.61824
0.78987
-0.71323
-0.36677
-0.87337
-0.98628
-0.58915
0.4795
0.43606
0.87484
-0.96605
0.60533
-0.52897
0.18667
0.72071
0.43575
-0.64598
-0.82615
0.05711
-0.62481
0.92114
0.02057
-0.74071
-0.30627
0.22568
0.39798
-0.14591
-0.96252
0.01356
0.60821
-0.95912
0.77861
-0.8055
0.75782
-0.24151
0.76586
-0.80933
-0.78508
-0.02729
0.85955
0.82467
0.99213
0.6938
0.11881
0.5243
0.02542
-0.57495
0.44683
-0.59359
0.22893
0.84635
-0.43153
-0.01019
-0.96611
-0.47172
-0.01823
0.23304
0.29302
-0.19408
-0.58748
-0.67753
0.05553
-0.42767
0.16375
0.00302
0.97185
-0.64905
0.8798
-0.55493
0.25169
-0.41835
-0.63137
-0.76666
0.44459
-0.1561
-0.58378
0.30202
-0.19823
0.68721
-0.73442
-0.05771
0.45602
-0.78271
-0.07551
0.07753
-0.85837
-0.48638
-0.06428
-0.79081
0.54894
0.41203
-0.46928
0.54334
0.38718
0.5002
0.37685
0.73787
-0.81824
-0.35174
0.59536
0.09329
-0.65529
-0.8976
0.54083
-0.35576
0.64386
0.56339
0.19488
-0.68359
0.67681
-0.64309
0.46467
0.15391
0.84982
-0.54989
-0.53622
0.87142
0.69723
0.1369
-0.11678
0.21335
-0.95271
0.2202
0.12712
0.71614
-0.83419
0.71031
0.899
-0.2975
0.29348
0.25962
-0.0681
-0.75275
-0.76574
0.05332
-0.79217
-0.75696
-0.80681
0.19164
-0.97347
0.52172
-0.30137
-0.29289
-0.03235
-0.96781
0.61519
0.59129
-0.83103
-0.62116
0.61959
-0.06923
-0.89606
-0.78487
0.23854
-0.40561
-0.60163
-0.85367
0.37262
-0.86704
0.33267
-0.90469
-0.9019
0.73072
-0.78662
-0.59559
-0.71189
0.94743
-0.8382
-0.45011
-0.07449
-0.39194
0.38135
0.73409
-0.23328
-0.8906
-0.75476
-0.33391
0.62308
-0.44768
0.06925
0.65496
0.07578
-0.41742
-0.75895
0.5637
0.27465
0.46126
0.20053
0.08984
0.69009
-0.09441
0.02718
-0.51008
0.82396
0.10095
-0.80485
0.96089
0.857
0.18859
-0.5356
-0.84347
-0.70798
0.83488
0.53214
0.01752
0.13271
-0.82741
0.18755
0.44227
-0.40945
0.13533
0.79837
0.43518
0.74131
-0.61249
-0.93232
-0.62025
0.48666
-0.55458
0.74841
0.45104
-0.41169
-0.63981
0.31556
0.73323
0.40927
-0.63113
0.70752
0.04618
0.5103
-0.98596
0.16801
0.04154
0.77154
0.61643
-0.29817
-0.64
0.89318
0.46757
-0.56515
-0.65388
-0.24809
0.63447
-0.86011
-0.10331
0.58101
-0.78053
0.55012
-0.0943
-0.41122
0.7587
-0.42862
-0.45074
0.05426
0.59942
0.73198
-0.543
-0.25583
-0.9489
0.8456
0.69974
-0.28919
-0.81549
0.05286
-0.91781
-0.27031
0.62142
-0.09754
-0.73934
0.63195
-0.16268
-0.3867
-0.92209
0.96623
0.48369
-0.72671
-0.6883
0.16242
0.59235
0.38984
-0.50571
0.18858
-0.81844
-0.06358
0.20482
-0.92359
0.3988
-0.14894
-0.06439
0.21612
-0.57947
0.42898
0.18269
0.77754
-0.46475
0.91502
-0.14132
-0.26176
0.98212
-0.01531
-0.10125
0.59319
-0.80028
0.94403
0.5788
0.42
0.21648
-0.90578
-0.82077
-0.73969
0.91109
-0.64369
-0.155
-0.39229
-0.78422
-0.67068
-0.47357
0.43129
0.7761
-0.40307
-0.97749
0.709
-0.35046
0.1288
0.02052
-0.55593
-0.17523
0.35092
-0.38263
-0.98988
0.7385
-0.02585
0.55172
-0.27459
0.14275
0.20863
0.41511
0.42903
0.94232
0.1125
-0.26861
-0.2774
0.52087
0.67037
0.49729
-0.47161
-0.73653
0.23837
0.50829
0.22984
-0.581
0.77673
-0.61957
0.55193
-0.04121
-0.01797
-0.10348
0.98746
-0.69441
0.94576
0.34486
0.19802
-0.68322
0.60715
0.54927
0.44961
0.56873
-0.64891
0.999
0.62379
0.97439
0.52172
-0.84742
-0.00162
0.04296
-0.4402
0.65078
-0.38017
0.37835
-0.05518
-0.82022
0.18248
0.78502
0.38554
0.44868
-0.32703
0.17291
0.1985
-0.37387
0.39334
-0.31955
0.16639
0.39714
0.58959
0.81067
0.62592
0.18348
0.91575
-0.45675
-0.06734
-0.00408
0.35383
-0.48202
0.63469
0.43347
0.37904
-0.49909
0.41524
0.37531
-0.17941
-0.2746
-0.35521
-0.78938
-0.48847
-0.4258
0.03701
0.35348
-0.91066
0.31834
-0.29437
0.7622
0.55506
-0.61254
-0.20667
-0.44837
0.51216
0.80277
-0.64793
-0.79738
-0.58344
-0.40839
-0.29432
-0.05091
-0.94226
0.82407
0.6117
0.11474
-0.93927
0.63791
-0.30464
-0.75525
-0.73269
-0.79616
0.54106
0.60776
0.08941
0.07963
0.56453
0.89016
-0.99032
0.92905
0.18039
0.16773
0.99349
0.12476
0.10866
-0.49737
-0.40796
0.74838
-0.01396
0.55607
0.50564
-0.56448
-0.91028
0.92383
-0.09002
-0.96847
-0.5441
-0.67221
0.85563
-0.09379
0.32648
-0.89033
0.478
-0.44933
0.78171
-0.08807
0.36667
-0.97734
-0.01327
-0.97461
0.15115
0.28623
-0.9147
-0.84537
0.9006
-0.74638
-0.30206
0.86132
0.81161
0.45361
-0.08862
0.94078
0.08404
-0.88913
-0.11674
0.22592
-0.59639
-0.18505
0.17187
0.18477
0.36833
-0.88062
0.56051
0.80282
0.27148
0.76557
0.82904
0.70647
0.91014
0.41054
0.89453
0.58711
-0.39272
-0.81069
0.8746
0.16567
-0.83058
-0.13826
-0.36639
0.3958
0.91371
0.85438
-0.28455
-0.05093
0.63408
0.54838
-0.83278
0.98979
-0.17128
-0.61582
0.67626
0.08017
-0.88058
0.36962
0.54531
0.56219
-0.97386
0.42265
0.07428
-0.90567
-0.2075
0.3329
0.74407
0.30882
-0.49243
0.92796
-0.63543
-0.95001
-0.22024
-0.54612
-0.95177
-0.76564
0.69651
-0.53133
0.73129
-0.63047
0.29754
-0.23837
0.47871
0.08848
-0.41922
-0.7072
0.93002
-0.77203
-0.31324
0.84999
-0.27025
-0.91855
-0.93855
0.01319
0.00384
0.36957
-0.65051
-0.50603
0.3348
0.30257
0.6919
0.60315
-0.28693
-0.12562
0.50161
0.01996
0.33838
0.58899
-0.95781
-0.19973
-0.28459
0.69305
-0.17768
0.26855
0.28922
0.04029
0.68611
-0.48279
0.35118
-0.9235
0.92874
-0.58453
-0.19413
-0.71749
0.59059
-0.48466
-0.95778
-0.57074
-0.89519
0.01939
0.43626
0.07126
-0.61576
-0.96593
0.77442
-0.46859
0.17759
-0.573
-0.74542
0.78209
-0.07813
0.8654
0.23676
-0.69925
0.64594
-0.36602
-0.27499
-0.83271
0.96906
0.19781
-0.25971
0.79244
0.21797
-0.45646
0.10989
0.0591
0.43442
-0.62062
0.13413
-0.10779
0.98914
-0.45143
0.51087
-0.31441
-0.83567
0.94828
-0.53763
0.94322
-0.08807
-0.71327
0.91161
0.06483
-0.17988
-0.14287
0.6768
0.53601
0.90966
0.87207
0.50695
0.64556
-0.85176
0.71789
-0.30844
0.62281
0.85956
-0.36016
0.64429
0.95649
0.25452
-0.83828
-0.63057
-0.61705
0.47391
-0.01571
-0.15478
-0.01312
0.90112
-0.93771
0.36556
0.06305
-0.36206
0.93998
0.56146
-0.58623
0.38026
0.03697
0.90865
0.65972
0.70807
0.89135
0.26333
0.93827
-0.23926
0.53525
0.98036
0.74426
0.1883
-0.11524
-0.52931
-0.29226
-0.76313
-0.57174
-0.27294
0.42322
0.37392
-0.56609
-0.24556
-0.10901
-0.89536
0.38943
0.95341
-0.02065
-0.10149
-0.12213
0.64489
-0.53369
-0.03966
0.94903
-0.95018
0.1875
-0.42353
-0.44545
-0.93146
-0.25098
-0.5045
0.71926
0.89657
0.5964
-0.63571
-0.34654
0.07188
0.74362
0.58279
0.01222
0.16167
-0.1544
-0.99569
-0.45114
-0.86523
-0.28359
-0.4904
0.39179
-0.15667
-0.34915
-0.98884
-0.20332
0.55041
-0.98601
-0.90091
-0.21517
0.52369
0.82703
0.63386
-0.525
-0.54924
0.34763
0.88353
-0.34488
0.81405
0.01641
-0.09373
0.48772
-0.08393
0.44238
-0.77574
-0.67185
0.50095
-0.23053
0.7302
-0.64915
-0.55225
0.3278
0.32165
0.59286
0.58109
0.101
-0.50527
0.04565
-0.92272
0.26198
-0.60277
-0.75698
-0.22519
0.48652
0.17208
-0.15233
-0.98984
0.18948
0.98738
0.11227
0.50478
-0.05811
0.55816
0.28325
-0.95358
-0.49912
0.24842
-0.53985
0.68733
0.96838
-0.0487
0.59467
0.93316
0.45842
-0.52181
-0.00042
-0.85859
0.89718
0.62332
0.85683
-0.53998
-0.39213
0.5223
0.20823
0.74397
0.1974
0.30882
0.51434
-0.2872
0.17083
-0.8084
-0.04222
0.3855
-0.95642
0.78953
-0.87114
-0.74866
-0.86547
-0.32268
0.55241
0.69513
0.11099
-0.25772
0.62605
0.82106
0.7192
0.4999
-0.61204
0.15855
-0.3841
0.12532
0.67313
0.03072
0.31209
-0.14137
-0.15838
0.59001
-0.37964
-0.81931
-0.64682
0.40904
0.56778
-0.23098
-0.86576
-0.79501
0.27269
-0.17491
0.39862
-0.67597
-0.04422
0.99423
-0.22481
0.79256
0.99529
-0.50896
-0.79916
-0.5211
-0.01196
0.10484
-0.36712
0.20429
0.13466
-0.85077
0.77786
-0.86251
0.48036
0.5786
0.16099
-0.11606
-0.14535
0.20138
-0.1929
-0.00597
0.51128
0.1477
-0.79914
-0.1539
0.70946
0.59499
0.58673
-0.67679
-0.87854
-0.41583
0.42728
-0.98389
-0.93519
-0.1242
0.72394
0.92331
-0.98456
-0.93427
0.99732
-0.42279
0.32185
0.36307
-0.2576
0.45442
0.26289
0.225
-0.45788
0.17844
-0.85814
-0.58337
0.44534
0.26195
0.51732
-0.30601
0.56136
-0.66346
-0.33541
0.63916
-0.02595
-0.96757
0.79993
0.88888
0.34762
-0.24095
-0.43585
-0.72034
0.92778
0.73185
0.45626
-0.23574
-0.86422
0.14546
0.78604
-0.42244
-0.63119
0.52792
-0.45867
0.75167
0.24965
-0.08277
-0.54358
0.91007
0.2929
0.29368
0.95528
-0.46909
-0.17892
-0.46058
-0.93513
-0.86244
-0.59475
-0.88128
-0.21602
-0.51394
-0.65003
-0.47766
-0.98424
-0.88832
0.09921
0.78972
0.95832
0.60626
-0.75471
-0.70684
0.15624
-0.44436
0.52232
-0.79858
-0.31589
0.18487
0.88871
-0.61067
-0.54069
-0.91691
0.0887
0.49465
0.1985
-0.20361
-0.1077
-0.37853
0.55107
-0.58013
-0.48296
0.94049
0.79624
0.09263
0.02994
0.44655
0.60786
0.80886
0.42772
-0.91344
0.7079
-0.85849
0.42045
0.45019
0.55077
-0.27837
-0.65432
-0.41903
0.08482
0.06506
0.46451
0.79599
-0.7554
-0.65816
-0.6423
0.18675
0.83878
-0.33335
0.91757
0.68374
-0.91875
0.01585
0.58997
-0.6071
-0.85396
0.58804
-0.23686
0.04248
0.95417
0.56608
0.57167
0.48884
-0.71666
-0.50272
-0.05077
0.42891
0.12034
-0.09865
0.0258
-0.08449
-0.33891
-0.21544
0.99971
0.34151
0.25705
0.57291
-0.21978
-0.55998
-0.85475
-0.79399
-0.49117
-0.77518
0.67847
-0.15214
-0.68449
-0.10611
-0.72404
-0.946
0.39817
0.31908
-0.74662
-0.65366
0.34553
0.36149
-0.94203
-0.93491
-0.26562
-0.95631
0.77612
0.14057
-0.71992
-0.5652
-0.79505
0.23416
0.36122
0.46133
-0.75711
0.17197
0.32391
0.97926
0.22555
0.61074
-0.52288
0.77097
0.84542
-0.15697
-0.71217
0.59463
-0.53108
-0.30219
0.52282
0.74597
-0.46529
0.0018
0.51958
0.79842
0.13698
-0.34595
0.31761
-0.53635
0.43913
0.58384
0.48503
-0.4015
-0.31559
-0.40408
0.26508
-0.55224
-0.98505
-0.74764
0.48956
0.35119
0.89929
0.36329
-0.15537
-0.64184
0.63656
-0.7661
-0.83369
-0.52419
-0.01131
0.54269
-0.16589
0.62633
0.35679
0.71423
-0.6025
-0.19539
-0.33577
-0.45755
0.36816
-0.40781
-0.97928
-0.98172
-0.71589
0.56035
-0.8607
0.34312
-0.98413
-0.65457
-0.25532
-0.80857
0.85426
0.3405
-0.31025
0.29661
-0.32785
0.52182
-0.085
-0.97881
-0.76079
-0.82618
-0.74899
0.66405
0.77352
-0.69259
-0.47331
-0.53215
-0.63711
-0.74073
0.63932
-0.64223
0.99971
0.63433
0.7528
-0.65337
-0.01863
0.15312
-0.2755
0.98653
0.64492
-0.92868
0.11648
-0.11793
0.58992
0.73712
0.45477
-0.29386
-0.5514
-0.73829
0.52963
-0.68918
-0.41061
0.57014
0.66231
-0.45233
0.42569
-0.05154
0.91699
-0.63253
-0.65749
-0.97582
0.69112
-0.08769
0.52528
0.58951
0.68671
0.43971
0.65366
-0.49177
0.53848
-0.15747
-0.18147
-0.49565
-0.1927
-0.63727
-0.46216
0.61198
-0.22325
0.30521
0.85001
0.97517
0.51403
0.1606
-0.15874
-0.6914
0.9248
-0.44888
0.48533
0.85343
0.10595
-0.01875
0.19661
-0.97607
-0.64603
-0.62044
0.82528
0.94388
0.79043
0.07824
0.43566
0.97543
-0.38378
-0.53812
-0.63233
0.96793
0.3075
0.59144
-0.63721
0.23354
0.70295
0.53675
-0.8217
0.58933
-0.65097
0.1217
0.63539
0.69155
0.90234
0.51419
0.70546
-0.66137
-0.67519
0.17631
-0.81171
-0.78182
-0.34903
0.62972
0.24668
0.56599
-0.35286
0.56513
0.04378
-0.65007
0.7722
0.88764
0.41497
-0.85628
-0.31932
0.88456
-0.59686
-0.66715
0.30181
0.84802
0.7254
0.24133
0.48739
0.07228
0.83461
0.2803
0.34234
-0.04396
-0.55862
0.48856
0.99879
-0.99303
0.51784
-0.52334
-0.50563
0.51943
-0.80151
0.96166
0.58937
0.54479
-0.36541
0.20582
0.03394
-0.07513
0.97768
-0.38091
-0.23341
-0.95868
0.41406
-0.19946
-0.50724
0.9602
0.16639
0.82351
0.12267
-0.01433
0.49494
-0.31163
-0.48533
-0.65938
0.35332
-0.04286
-0.62757
0.49682
0.52129
0.97976
-0.93813
-0.01474
-0.04761
0.37554
-0.62579
-0.73868
-0.28772
-0.21564
0.22759
0.16333
0.67355
-0.71576
0.05035
0.98432
0.98617
0.43067
0.38543
-0.70175
-0.11942
0.41177
0.12507
0.43891
-0.39205
0.4372
0.08579
-0.75935
0.2923
0.41222
0.44274
-0.21842
-0.23276
-0.80082
0.85695
-0.44432
-0.14684
0.75647
0.29949
0.18965
0.63798
-0.99922
0.63183
0.42288
-0.71683
0.83143
-0.59021
-0.65655
-0.75623
0.67185
-0.82535
-0.83073
-0.58138
-0.24808
0.07824
-0.6455
0.06441
-0.9228
-0.26502
-0.24363
0.6814
0.66673
-0.67812
0.1233
-0.50778
0.08299
0.55668
0.36287
0.99064
-0.05706
0.24572
0.8723
0.99062
-0.41878
0.73255
-0.94894
-0.05225
0.9389
0.38886
-0.18957
-0.42975
0.05422
-0.78854
0.32317
0.49378
-0.05224
0.35905
0.70787
-0.7752
0.38909
-0.81272
-0.0768
-0.20999
0.34532
0.10931
-0.53569
-0.5086
-0.66118
0.05034
0.22869
0.85832
0.30063
0.65414
-0.828
0.52327
-0.9455
0.58604
-0.48979
-0.30189
-0.53719
-0.01074
0.26649
0.73726
-0.46179
-0.14217
0.65343
-0.29098
-0.63515
0.64404
-0.30687
0.29372
-0.99757
0.8643
-0.6523
-0.74751
0.5266
-0.71848
0.03006
0.38893
0.55149
-0.74347
-0.96371
0.87755
-0.48069
0.50683
0.11515
-0.89148
-0.11489
-0.12908
0.00088
0.3022
0.84499
0.56487
-0.79838
-0.41614
0.26488
0.95958
-0.62675
0.37676
-0.06662
-0.30639
0.17126
-0.59943
-0.24432
-0.4183
-0.04691
0.29326
0.78412
-0.55972
-0.21011
-0.87987
-0.95998
-0.74913
0.97082
-0.30444
-0.7717
-0.91866
-0.39839
-0.67242
-0.4361
0.33498
-0.19632
-0.96451
-0.88317
0.52099
-0.05546
-0.26835
-0.64884
-0.47467
0.4764
0.33094
-0.95992
-0.17199
-0.92313
-0.46998
0.65932
0.42105
0.20509
0.08268
0.56
-0.43849
-0.79244
-0.90088
0.68972
-0.05077
-0.66542
-0.89031
-0.9703
-0.09797
-0.79481
0.19846
0.40372
-0.50161
0.50709
-0.89315
-0.93468
0.31264
0.85077
0.29161
0.01488
0.08189
-0.75616
-0.15883
-0.46863
0.4063
-0.46043
0.68416
-0.48676
-0.86846
-0.70446
0.58264
-0.08007
-0.79651
0.78239
0.80493
-0.74192
0.91625
-0.09959
0.41794
0.92577
-0.40269
-0.44601
0.06894
0.08062
0.68708
0.82448
-0.05874
0.21711
0.10245
-0.09483
-0.98323
-0.55674
-0.0301
0.7966
-0.33495
0.34171
0.45661
0.50954
-0.4736
-0.1702
-0.1877
-0.48815
-0.0592
-0.37531
0.23396
-0.91432
0.90529
-0.30716
-0.88748
-0.78205
0.67774
-0.32993
-0.35126
0.56188
0.89401
-0.60922
-0.40049
-0.07273
0.22486
0.47207
-0.21999
-0.79527
-0.87386
0.69238
0.87795
-0.59882
0.53947
0.67446
0.25839
0.33489
-0.72673
0.04553
0.79857
0.76212
-0.76619
-0.02743
0.76587
-0.58288
-0.00102
0.05461
-0.96118
-0.84832
-0.76345
-0.38732
0.03018
-0.97164
-0.56113
-0.28781
-0.61884
-0.16957
-0.56833
-0.35723
-0.5987
-0.1478
-0.70842
-0.0131
-0.94057
-0.65144
-0.10574
-0.913
0.43134
-0.34415
-0.5169
-0.10792
0.26105
0.74115
-0.51109
0.7722
0.77487
0.66067
0.06168
0.88802
0.07758
0.77578
-0.76145
0.93172
-0.09027
0.90635
-0.37432
0.01651
0.9018
-0.76115
0.29075
-0.97646
0.2653
0.58191
-0.54198
-0.01944
-0.02517
0.74021
-0.68184
0.07279
-0.99731
-0.50961
-0.72332
0.24899
0.47376
0.81547
-0.68846
0.48118
-0.8652
0.94005
0.47242
-0.5999
0.59401
0.75558
-0.79159
-0.13052
0.10391
-0.71023
0.64228
0.10383
-0.19039
0.63491
0.85472
0.00535
-0.05468
0.60823
-0.04466
0.89448
-0.70143
0.59424
-0.39795
-0.6516
0.13145
-0.16579
-0.54573
-0.34963
-0.11805
-0.22636
0.82233
0.14996
-0.30562
-0.11406
-0.96356
0.57445
-0.21082
-0.62154
-0.2554
0.88197
-0.19797
0.99924
0.44965
0.53814
0.10326
0.71336
0.26401
0.05768
-0.50642
0.23605
0.66628
0.08944
-0.69106
-0.25562
-0.55968
0.70799
0.54147
0.34799
0.27263
-0.15117
0.97357
-0.14971
0.6264
0.75545
0.76074
0.34556
0.87178
-0.93632
-0.61341
0.97272
-0.63606
-0.61654
0.92625
-0.51414
0.1146
0.66466
0.75722
-0.65763
0.91768
0.28276
-0.92943
0.22575
0.38252
-0.89343
0.05437
0.48442
-0.32912
-0.13018
-0.47586
-0.29711
-0.63534
0.97551
-0.09394
0.16527
-0.7685
-0.47744
-0.81748
0.73122
0.0928
-0.9276
-0.16402
-0.04364
-0.31438
-0.41419
-0.16885
0.23393
0.21274
-0.24827
-0.58359
0.76551
-0.68753
-0.30519
-0.68194
0.93723
-0.08357
0.23171
-0.55761
0.00891
0.82598
-0.19472
0.73254
0.73276
0.88704
0.74683
0.37721
0.94572
0.68864
0.24766
0.23367
0.1171
-0.59513
-0.32244
0.33789
0.59948
-0.8462
0.50437
-0.52963
0.13191
0.25987
-0.11335
0.88734
-0.39384
-0.78562
0.5184
0.63398
0.89613
0.17249
0.33186
0.31389
0.59908
0.24033
-0.92628
0.81939
0.58587
-0.24342
0.05363
-0.36168
0.05048
-0.23556
0.55072
-0.03889
-0.23553
0.89973
-0.3493
-0.88499
-0.48684
0.80103
0.92754
0.61503
-0.34585
-0.9034
-0.36423
0.84378
-0.43231
-0.12904
0.2717
0.90428
-0.62876
-0.86784
0.80413
0.64279
-0.83302
-0.16843
-0.5028
0.58833
-0.30776
0.87266
0.92562
-0.12037
0.41313
-0.45613
0.0625
-0.79394
0.76984
-0.31599
0.42827
-0.54342
-0.6147
0.15099
0.18925
0.33742
-0.18038
-0.64561
-0.9848
0.63539
-0.64906
-0.946
-0.49632
0.33402
-0.36431
-0.21795
-0.39164
0.30596
-0.41953
-0.35875
-0.96042
0.87152
0.39023
0.11043
0.95074
0.75694
-0.59092
-0.41615
-0.70185
0.88021
-0.7408
-0.17526
0.68707
0.38376
-0.95151
0.40195
-0.09502
0.65763
-0.75645
0.82305
-0.20113
0.10438
-0.29297
-0.12587
0.45377
-0.45773
-0.03698
0.27605
0.71965
-0.89898
0.10587
0.97127
-0.10756
0.3672
-0.98473
-0.75747
-0.52594
-0.39875
-0.80849
-0.95181
0.09644
-0.36992
0.54735
0.5436
-0.92299
-0.63791
-0.47863
-0.0631
0.71327
0.10215
0.31393
-0.47328
0.3683
-0.72052
0.20092
0.15286
0.44616
-0.48586
0.98783
-0.83543
0.62129
-0.40469
-0.57946
-0.09461
-0.10067
-0.95906
0.80973
-0.39562
0.82737
-0.78888
0.43627
-0.35858
-0.63108
0.00676
0.74638
0.14648
-0.15978
-0.87067
0.37364
-0.27613
-0.64517
-0.39025
0.97149
0.63893
0.74973
-0.18878
-0.73394
0.66106
-0.69803
0.20008
0.202
-0.16872
-0.8153
-0.72641
0.53261
-0.70593
0.4331
-0.46351
-0.82383
-0.71205
0.86243
0.66867
0.21781
0.62357
-0.74138
0.42886
0.09565
-0.142
0.24003
0.37261
0.41954
-0.40614
0.95628
-0.35876
-0.79486
0.22178
0.58015
-0.57897
-0.95001
-0.08414
0.09467
-0.7858
0.9715
-0.94237
-0.87458
-0.03377
0.26793
-0.03119
-0.23698
0.72685
-0.58975
-0.35372
-0.25779
-0.40356
-0.3066
0.7389
-0.98226
-0.28331
-0.97349
-0.59809
-0.95331
0.28437
0.59943
0.08516
-0.62328
-0.20085
-0.07016
0.33855
0.83908
-0.80577
-0.71262
0.82449
-0.35139
0.36266
-0.37497
0.66502
0.42958
-0.09509
-0.12573
-0.44582
0.64204
0.92806
0.44429
0.32878
0.50612
0.61569
-0.92277
-0.26036
-0.84473
0.75093
0.2733
0.50181
-0.4311
-0.91623
0.42033
-0.91602
-0.87786
0.61912
-0.37707
-0.82541
-0.43908
-0.32336
-0.0655
-0.96055
0.69299
0.84469
0.33885
0.03718
-0.59379
-0.76857
0.97044
-0.95172
0.87505
0.33098
-0.67082
0.87694
0.14857
-0.11277
0.95721
0.02439
-0.78297
0.54298
-0.5409
0.55401
0.5168
-0.76403
0.44171
0.96651
0.8498
0.29913
0.80881
-0.4927
0.91609
0.8983
0.17734
-0.53756
-0.23417
-0.52975
0.15485
0.82723
0.09429
-0.54625
0.80005
-0.64702
0.12508
-0.40556
0.27312
-0.89546
0.87118
-0.83214
-0.62435
-0.2682
0.13148
-0.19347
-0.84175
0.47252
-0.00314
0.72818
-0.22131
0.23467
0.47578
0.54543
0.70965
0.39946
0.31629
0.55466
0.05716
-0.2169
-0.47857
0.61864
0.00185
-0.55109
0.79147
-0.00743
-0.36684
-0.27978
0.07951
0.68673
0.62903
0.57355
0.67521
-0.08716
-0.95188
-0.95429
-0.8606
-0.61801
0.35664
-0.595
-0.31095
0.19055
0.23193
-0.6885
-0.51225
0.10684
-0.1776
0.60247
-0.45378
0.80055
0.99823
0.89308
0.40744
-0.48275
0.71348
0.72442
0.2976
0.50045
-0.81422
0.04962
-0.52291
-0.83987
-0.85739
-0.5422
-0.18658
0.35861
0.4141
-0.75436
0.19081
0.57764
0.42056
0.64456
0.76739
-0.92828
-0.49383
0.98145
0.47608
0.55661
-0.24974
0.95552
0.70232
0.1233
0.66977
0.12638
-0.36874
0.86821
0.50941
-0.06775
0.69844
-0.51658
0.13696
-0.16697
0.52411
0.59536
-0.86504
-0.43239
0.6638
0.61231
-0.07442
0.4118
0.26134
-0.88114
0.47976
-0.52649
0.1401
-0.55429
-0.16291
-0.29419
0.72112
-0.96078
-0.86129
0.11056
0.07274
0.29026
0.19855
-0.60363
0.95901
-0.65435
0.45902
-0.12263
-0.09795
-0.40339
-0.33058
0.83644
-0.26845
0.86051
0.81627
0.44697
0.92634
0.56324
-0.0918
0.47309
0.82782
-0.42854
-0.70789
0.12006
-0.5077
-0.2712
-0.12234
-0.39199
0.39573
0.01803
-0.01665
0.51639
0.82583
0.16866
0.7364
0.74174
0.46437
0.90274
0.19372
-0.48826
-0.44415
0.84912
0.09629
-0.16597
0.02049
-0.26773
0.30232
0.11068
0.3918
-0.63089
-0.49557
-0.18073
-0.99182
-0.54624
-0.21088
0.95347
-0.18795
0.86821
-0.36243
-0.34883
-0.63446
-0.35177
-0.24141
-0.93812
-0.29426
-0.12685
0.10079
0.32674
-0.84309
0.53968
-0.14524
0.89916
-0.4195
-0.88389
0.79127
-0.79791
0.52397
0.11062
-0.84999
-0.13479
-0.11063
-0.73398
-0.79904
0.91066
0.54615
-0.44777
0.07912
-0.90956
-0.06846
-0.43105
-0.58524
-0.50317
-0.74014
0.28441
-0.19755
0.73704
0.25359
-0.12218
-0.25911
-0.95298
0.06529
0.39277
0.92474
-0.08869
-0.23967
-0.15826
0.86654
0.17058
-0.58032
0.35186
-0.17964
-0.76658
-0.8806
0.1257
0.50435
-0.40359
0.07623
-0.54918
0.04243
-0.27542
-0.66631
-0.08647
0.66885
-0.406
0.9939
-0.64338
0.33192
0.8908
-0.87527
0.20169
0.79036
0.74631
0.37546
0.81531
0.10305
0.9188
0.27996
0.39975
0.8072
0.35385
0.76
-0.2089
0.37691
0.82646
-0.78089
-0.32928
-0.90741
0.23069
-0.58283
-0.51381
-0.86249
0.22524
-0.29573
-0.36757
0.06264
0.52388
0.14963
0.06415
-0.21021
-0.69746
-0.1778
-0.29062
-0.32117
0.97495
0.99437
-0.00557
-0.41176
0.92214
0.68487
0.37757
-0.71627
-0.27716
-0.98588
0.24302
-0.42387
0.02095
0.38003
0.40662
-0.29893
-0.86798
-0.96681
0.47518
-0.62605
-0.87657
0.3647
-0.86516
0.74206
-0.04572
-0.34996
0.17225
-0.80847
0.68831
0.54927
-0.27885
-0.54584
0.8766
0.82297
0.07162
0.79995
-0.679
0.53572
-0.37106
0.02469
-0.56822
-0.92766
0.76063
0.90902
-0.72646
-0.54862
0.86599
0.12973
0.74428
0.94199
0.22051
0.46735
-0.67529
-0.25822
-0.05012
0.55395
0.4413
-0.05946
-0.14214
0.02582
0.08687
-0.73938
-0.22893
-0.62849
-0.72938
0.83788
-0.61023
0.6994
-0.09626
0.87745
0.40707
-0.44472
-0.17215
-0.52729
-0.86645
0.94566
-0.19609
0.12839
-0.07302
0.34981
-0.55137
-0.15616
-0.69984
0.0122
0.4008
-0.99573
-0.86341
0.00719
0.047
0.58462
0.30327
0.79333
0.70331
0.61278
0.17164
-0.8931
0.46955
-0.61931
-0.96591
-0.7319
-0.12336
0.3722
0.28379
0.94437
-0.71556
-0.16526
0.96102
0.72561
-0.10956
-0.29192
-0.67664
0.71202
-0.34833
0.33509
-0.60558
0.71982
0.44944
0.83024
0.14561
0.07003
0.68197
0.15563
0.44801
0.13616
-0.19677
0.81733
0.65145
-0.87529
-0.13576
-0.09005
-0.502
