0.43124
0.37165
-0.13526
0.38559
-0.28847
0.38834
0.06465
-0.11738
0.16451
-0.5705
0.09645
-0.37208
-0.08848
0.15834
0.40038
-0.64254
-0.96892
0.19764
-0.32384
-0.11682
0.75595
0.7619
0.98281
0.02895
-0.3458
0.60023
0.65045
0.8111
-0.62257
-0.20216
-0.07871
0.19436
-0.17507
0.9597
0.35061
-0.31353
-0.67856
0.30937
0.63885
0.4017
-0.02287
-0.36448
0.97876
-0.95923
0.86058
-0.21043
0.55385
0.42411
0.4208
0.46014
0.29468
-0.45253
0.53828
0.19032
0.37137
-0.23624
0.27793
0.31073
0.89116
0.73215
-0.31817
-0.0735
-0.04781
0.84369
-0.74167
0.2886
-0.13935
0.99507
0.883
-0.03456
0.58868
0.17459
-0.00175
-0.94547
-0.92036
-0.8454
0.95349
0.28993
-0.24548
0.96909
-0.14328
0.55305
0.28716
-0.2634
0.11206
-0.56246
-0.74289
-0.84999
0.56336
-0.89526
-0.70409
0.84537
0.73201
0.26266
0.85044
0.46519
0.88053
0.67819
-0.57679
-0.46175
0.20252
0.59586
-0.50234
-0.58249
0.45013
-0.93828
0.38028
-0.83009
-0.68857
0.89688
-0.5964
0.89874
-0.34147
0.78602
0.64557
0.4117
0.95553
-0.08868
-0.06649
0.79689
0.98494
-0.28004
-0.00836
-0.24402
-0.81384
0.73626
-0.03167
0.49154
0.11671
-0.6642
-0.25472
-0.63889
-0.07413
0.08509
0.72827
0.51375
0.91886
0.4286
-0.55146
0.76226
-0.8949
-0.14658
0.65001
0.01888
-0.10325
-0.38978
0.99145
0.6966
0.35974
0.56491
-0.031
-0.53306
-0.16395
-0.57799
0.76677
-0.44926
-0.01107
-0.95918
-0.95585
-0.04966
-0.89497
-0.59277
-0.65784
-0.45527
-0.5799
-0.87721
0.76474
0.10792
-0.81995
-0.96542
-0.26896
-0.63336
0.91912
-0.70281
-0.61412
-0.63247
0.87759
0.65435
0.02769
-0.67608
0.88417
-0.80814
0.59121
-0.0798
0.3812
-0.64327
-0.45228
-0.49176
-0.58559
-0.58762
0.12583
0.44575
0.00869
0.57514
-0.17751
0.90391
-0.82645
0.34213
0.36652
0.4634
-0.86467
-0.89843
0.47248
0.24347
-0.04216
-0.8883
-0.1329
-0.29646
-0.16604
0.26223
0.08854
0.31221
-0.63822
-0.19183
0.77111
-0.35633
-0.79714
-0.01886
-0.32078
0.34914
-0.01056
0.13779
-0.16369
-0.42624
0.94043
0.11338
-0.35114
-0.05108
0.42757
-0.16035
-0.34519
0.30893
-0.15617
0.60437
-0.5316
-0.12356
0.80316
-0.15276
-0.92534
0.73722
0.3317
-0.07156
-0.11973
-0.27933
-0.3367
-0.07201
-0.67856
-0.45777
0.60084
0.92733
-0.96889
0.69885
-0.10605
0.27383
0.73607
0.51416
0.61923
0.03582
-0.37432
0.80005
-0.25695
0.61071
0.57999
0.84724
-0.74549
-0.69608
0.66116
-0.5765
-0.81061
0.14548
-0.41387
-0.22941
0.12808
0.45382
0.97822
-0.54199
0.29441
-0.44097
0.39543
0.34533
0.96375
-0.47132
0.68594
0.7537
-0.65996
0.63507
-0.86357
-0.12912
-0.98878
0.28261
0.71675
-0.68722
0.92771
-0.73504
0.70438
0.78996
0.39786
0.90349
-0.0157
-0.33345
-0.27532
0.02003
0.5324
-0.45917
-0.14666
0.76444
0.92419
-0.55252
-0.86421
0.51193
-0.21962
-0.07423
-0.96794
-0.52879
0.15161
-0.26882
-0.71716
0.59279
-0.98821
-0.38969
0.4205
0.26223
0.34859
-0.55163
0.87204
-0.46004
-0.70365
0.58394
-0.56641
-0.91563
0.73711
0.63431
-0.33537
0.056
0.62874
0.95617
-0.20104
-0.17879
-0.08572
0.19284
0.46579
-0.93321
-0.58174
0.67119
0.64828
-0.08998
0.15949
0.4767
-0.24088
-0.50064
0.44047
0.09097
-0.35491
0.25012
0.79058
-0.82838
-0.55816
0.82308
-0.71452
-0.42885
0.2593
-0.96601
-0.21823
0.62947
0.1153
-0.04517
-0.92284
-0.22398
0.74109
-0.91777
-0.0882
-0.07762
-0.98128
0.01697
-0.92949
0.59113
0.00985
-0.02273
0.46537
-0.54166
-0.77568
-0.5623
-0.15634
0.74478
0.21428
-0.55797
0.36976
-0.8482
0.02996
-0.95576
0.77249
0.72324
-0.07934
-0.54579
-0.01665
-0.59209
-0.79426
-0.45596
-0.69262
-0.074
-0.56787
0.01354
-0.08463
-0.3775
0.81804
0.57488
0.38605
-0.94106
0.9551
-0.49834
0.17908
-0.71982
0.83334
0.10394
0.0552
-0.44614
-0.83009
-0.93301
0.38214
0.39714
0.7501
0.94689
0.99505
0.81518
0.69646
0.08697
0.08511
-0.77684
0.60179
0.40812
-0.85361
0.62717
-0.25238
-0.77164
0.2694
0.5082
-0.41948
-0.21642
0.41553
0.98522
0.56439
0.20178
-0.56968
0.55598
0.63942
-0.18564
0.30419
-0.70754
0.03319
0.66872
0.39381
0.99668
0.01262
0.59136
-0.99266
-0.84051
0.84744
0.9569
0.4234
-0.92193
-0.72494
0.83121
-0.68543
0.83444
-0.34907
0.6587
-0.30225
-0.21447
0.36506
-0.21507
0.45866
-0.61502
-0.9169
0.31843
-0.05507
0.4368
0.08616
-0.45587
0.87789
-0.20412
-0.65825
-0.37277
0.36301
0.79846
0.3492
0.59311
-0.7652
0.94032
0.60231
0.70385
0.79185
0.52539
-0.07055
-0.37022
0.73711
-0.68694
0.88049
-0.79464
0.87257
0.20026
0.76283
-0.87312
-0.61276
-0.28278
0.24758
-0.31792
-0.84808
-0.91587
0.484
0.92877
-0.49522
0.09186
-0.01112
0.94447
0.38658
0.57665
0.21979
-0.55774
-0.97224
0.84653
0.18026
-0.00168
0.06217
-0.51008
-0.6539
0.49584
0.25192
0.01707
-0.1878
0.0569
0.3532
-0.81314
-0.16762
0.11214
0.14022
0.21848
-0.17135
0.08017
0.9149
-0.93407
0.10256
0.73048
-0.79646
-0.04962
0.49892
0.03817
0.00374
0.99672
0.52667
-0.3901
-0.53766
-0.20154
-0.78768
0.73816
0.20324
0.77508
-0.08164
-0.72793
0.94067
0.02364
0.60676
0.02163
-0.27138
0.12901
0.98802
-0.95051
-0.03898
-0.61289
-0.46174
0.18632
0.23489
0.76297
0.04015
-0.87608
-0.93281
0.61203
-0.41504
-0.27278
-0.9853
0.04471
-0.64766
0.70909
0.52911
-0.38029
0.65557
-0.64876
0.56965
-0.95985
-0.50889
0.4382
0.162
0.29048
-0.87805
0.85553
0.19391
0.26822
0.03382
0.50908
0.21617
0.93256
-0.99471
0.86341
0.51871
-0.88979
0.61107
0.31072
-0.95947
0.70163
0.20075
0.57394
0.11429
-0.96801
0.7562
-0.41447
-0.27589
-0.19886
-0.29575
-0.48641
-0.67836
-0.2297
0.37001
0.27617
-0.95468
0.43762
0.92295
-0.51774
0.36463
-0.635
-0.19757
-0.68179
0.62866
0.82092
0.53591
0.66535
-0.2039
-0.4473
0.49632
-0.90401
-0.45778
-0.2748
-0.63802
0.93342
-0.95121
0.74421
0.52835
0.59061
-0.84295
-0.16206
0.3917
-0.26159
0.37069
0.19486
-0.41543
-0.92474
-0.15031
0.17811
0.28243
-0.32451
0.54324
0.29395
-0.45543
0.70662
-0.66934
-0.69874
-0.05548
0.4234
-0.79143
-0.42914
-0.82989
0.63222
-0.29289
0.33835
-0.6909
-0.87088
0.10982
-0.2824
0.6279
-0.66904
-0.5322
-0.76653
-0.07042
0.90078
0.74841
-0.29285
0.56541
-0.32898
-0.18895
0.54807
-0.7554
-0.27538
0.78569
0.03287
-0.71775
-0.39478
0.63066
-0.94923
0.41267
0.07993
-0.42855
-0.74871
0.53098
-0.58911
0.12129
0.19094
0.30109
-0.85845
0.38144
-0.79639
0.10712
-0.37394
-0.57765
-0.42148
0.71197
0.73063
-0.01961
-0.65825
0.28478
0.50766
0.26404
-0.98421
-0.96944
-0.41305
0.19598
0.12664
-0.89135
0.75944
-0.19761
0.1574
-0.41627
-0.92703
0.09826
-0.9666
-0.26632
0.07815
0.75912
-0.53674
0.84097
-0.84147
-0.35788
-0.3644
-0.74305
-0.88207
0.84415
-0.29289
-0.94533
0.44715
0.56902
-0.41834
-0.47823
-0.26104
0.94606
-0.34313
0.78736
-0.91369
0.52355
-0.82975
-0.47917
0.16119
-0.52827
-0.32145
0.9459
-0.00294
-0.1538
-0.66362
-0.48367
0.50087
0.64937
-0.84451
0.91705
0.25169
0.82229
0.698
-0.14462
0.36676
0.17331
0.28943
0.35336
-0.16528
-0.02644
-0.51207
-0.25825
-0.02442
0.78801
-0.45649
-0.80016
-0.53888
0.72166
-0.31964
0.8787
0.20073
-0.13097
-0.61545
0.4761
0.18497
-0.3028
-0.54475
0.33743
0.65295
0.82158
0.21967
0.5589
0.72966
-0.17533
-0.06847
0.51974
0.8633
0.32662
-0.23811
-0.14573
-0.41214
0.87663
-0.81239
-0.26469
0.5005
0.04352
0.45911
0.97157
-0.43159
0.05641
0.1586
-0.96881
0.90389
-0.40406
-0.26122
-0.4986
-0.56855
0.60664
-0.38516
-0.71185
0.08807
-0.0132
0.0674
-0.99214
0.41172
-0.99499
0.5362
0.29448
0.47306
0.96128
-0.43767
-0.68962
-0.92269
0.25702
-0.9075
-0.64116
-0.41868
-0.50226
0.74208
-0.98196
0.61133
0.52367
-0.62608
0.7627
-0.72108
0.42469
-0.16952
0.34727
-0.11628
0.97699
0.62689
0.52915
0.70982
0.662
0.57495
-0.22696
0.26361
0.79573
0.30723
0.29929
-0.93699
0.86034
-0.04895
-0.43434
-0.78635
0.89099
0.12862
0.94678
0.69766
-0.66604
0.52474
-0.53882
0.55964
0.79824
-0.35215
0.50181
-0.71764
0.9591
-0.74096
0.51762
-0.17416
0.14924
-0.6096
0.82236
-0.08464
-0.79331
0.03155
-0.86084
-0.89661
-0.11745
0.41192
0.85391
-0.40001
0.30401
0.86889
0.04675
0.09909
0.22172
0.27917
-0.6314
0.24747
0.23362
-0.90227
-0.32959
-0.99279
-0.64294
0.97954
0.74983
0.10026
-0.84404
0.2886
-0.54586
0.51042
0.88176
-0.6978
0.99681
0.29755
-0.5627
-0.87235
-0.74182
0.33941
0.7236
-0.11465
0.52632
0.11206
-0.16997
0.14527
0.80442
0.66991
-0.09167
-0.19295
-0.34615
0.13488
0.92981
-0.92518
0.40593
-0.4483
0.08287
0.91187
0.43988
0.98184
-0.52531
-0.26422
-0.51267
0.88057
-0.46463
0.24417
0.99388
0.93788
-0.12384
0.98377
-0.65459
0.79038
-0.83035
-0.03121
-0.40152
0.61153
0.4305
-0.6195
0.43156
0.46161
0.73672
0.37589
-0.80093
-0.82319
0.23087
-0.58316
0.18351
0.28955
-0.19883
0.80342
-0.10071
-0.76836
0.8694
0.44032
0.08079
-0.48363
-0.28315
0.69296
0.31141
-0.87349
-0.12454
0.45339
-0.98349
0.88216
-0.75298
-0.07347
0.65806
0.25247
0.85968
0.37373
-0.50085
0.24331
0.9191
0.56439
-0.62451
-0.46227
-0.34862
-0.6371
-0.75132
0.68446
-0.93004
0.4828
-0.9675
-0.89114
0.6044
0.63784
0.35138
0.64862
0.90171
-0.71056
-0.20178
0.4273
0.61335
0.95829
0.55128
-0.19578
-0.57542
0.45336
-0.5776
-0.73643
0.05545
0.11103
-0.60073
0.57891
0.58063
0.47402
-0.3883
-0.06745
0.78525
-0.6696
0.98748
0.52046
0.81854
-0.79204
0.56812
0.95135
0.11764
-0.94012
-0.06125
-0.40987
0.39232
-0.5413
-0.72521
-0.98858
-0.51696
0.66217
-0.60031
-0.79373
0.12424
0.74862
-0.73004
-0.56574
0.5487
-0.16865
0.56992
0.4045
-0.96489
-0.3211
-0.04094
-0.05101
-0.22455
0.38062
-0.84333
-0.31987
-0.38491
0.56886
0.94002
0.33624
0.23694
-0.77928
-0.18936
0.94725
0.11257
0.30183
-0.4744
-0.14822
-0.87834
-0.96271
-0.82958
0.2456
-0.0528
0.79031
-0.33754
0.79428
-0.03418
-0.18564
0.85938
0.58399
0.06812
-0.63582
0.56053
-0.87656
-0.50525
-0.34268
0.50291
-0.87658
-0.68566
-0.79856
-0.28537
0.87967
0.97666
0.7757
0.23297
0.56634
-0.38172
-0.07843
0.38326
0.4242
-0.24832
-0.47126
-0.70827
-0.7165
0.55511
0.58495
-0.70736
0.74577
0.80385
-0.47265
0.46594
0.65589
0.42922
0.87579
0.40842
-0.07139
0.47051
0.07384
0.39171
-0.75974
0.94731
-0.80135
0.80439
-0.03745
-0.84947
-0.64494
0.81666
0.89621
0.58919
-0.18896
-0.2423
-0.39554
-0.3223
-0.47938
-0.83612
-0.78784
0.03148
-0.10833
0.45153
0.60536
0.5317
-0.78651
-0.35442
0.96478
-0.37839
0.8073
0.16288
-0.95531
0.03608
-0.13861
0.136
-0.9374
0.53579
-0.73854
-0.24297
-0.08992
-0.84884
-0.92125
-0.80858
-0.14556
0.68903
-0.99207
-0.01412
0.28136
0.43801
0.31102
0.11682
-0.56469
0.73383
-0.09404
0.39936
-0.58895
0.604
-0.2274
-0.84807
0.46855
0.11278
0.07387
0.06512
0.18092
-0.1618
0.3397
-0.35137
-0.60716
-0.01836
0.98135
0.9843
-0.22883
-0.40946
-0.87231
-0.59385
-0.36069
0.35026
-0.87471
-0.55354
0.20113
-0.69358
0.83851
0.44603
-0.78913
-0.15986
-0.29192
0.27273
0.38024
-0.00985
-0.48309
0.54673
0.85406
-0.94899
0.61749
-0.23529
0.75262
0.91416
0.94786
0.26946
-0.65273
0.72523
0.59002
0.01524
0.8063
0.23762
0.29981
-0.51363
0.56763
0.88291
-0.33243
0.5171
-0.84425
0.09738
-0.3532
-0.0246
0.28383
0.95559
-0.57248
-0.05909
-0.96559
-0.4487
0.06504
0.48134
0.61682
-0.36976
0.22546
-0.59562
-0.90696
0.83933
0.28768
0.17615
-0.42227
-0.31463
0.07835
-0.75164
0.91506
-0.13932
-0.39877
0.39138
-0.49438
0.73605
-0.46542
-0.72417
0.23124
0.91003
0.19624
-0.4515
0.66741
-0.65582
0.42675
-0.5088
-0.87422
-0.5066
0.62578
-0.41566
0.71123
0.63044
0.60017
0.28148
0.73915
-0.38234
0.16736
-0.00051
-0.03155
-0.36335
0.43644
-0.82252
-0.38401
-0.78351
0.58381
0.30463
-0.20953
-0.0883
0.74796
0.31383
-0.34123
-0.73524
-0.33919
0.39991
-0.83258
0.68048
-0.71692
0.81816
-0.50385
-0.86227
-0.24319
0.71132
0.25556
-0.55319
-0.45398
-0.62069
0.83682
0.06098
0.43012
-0.8933
0.74024
-0.38385
-0.12687
0.17428
0.40204
-0.72174
-0.03631
0.16229
0.35363
0.05824
-0.07236
0.22242
0.6622
-0.15482
0.60827
0.4349
-0.30294
-0.70528
-0.35921
-0.57619
0.84273
0.88572
-0.61769
-0.28591
0.98636
0.84713
0.89007
-0.70408
-0.79154
-0.13474
0.1069
-0.53435
0.49263
-0.43882
0.28444
0.08412
0.9713
-0.07535
-0.55627
0.85593
-0.64624
0.39718
-0.7221
-0.90212
0.44861
0.42927
0.60267
0.80385
0.09094
-0.78441
-0.33227
0.27713
-0.74045
0.61712
-0.37702
-0.40911
-0.22077
0.65335
-0.70545
0.40277
0.3923
0.29166
-0.08586
0.9687
0.44326
0.22656
0.3119
-0.12336
-0.24265
-0.33064
0.75589
0.59987
-0.78407
-0.1265
0.38333
-0.91151
0.60966
0.96386
-0.21689
0.07779
0.68433
-0.03486
0.73651
0.69698
0.49954
-0.21716
-0.91971
0.38348
0.65437
0.63054
0.45817
0.72933
-0.26622
-0.20683
-0.60139
0.35848
-0.97037
0.16863
0.59166
-0.87882
-0.58378
-0.74095
-0.42096
-0.76665
-0.9563
-0.30149
-0.79898
-0.50271
-0.22241
-0.09959
0.83647
0.51126
0.39318
0.40774
0.24005
0.04463
-0.03469
0.39109
0.65254
0.3368
-0.56918
0.77921
-0.22821
-0.54222
-0.43416
-0.78118
0.67484
0.73886
-0.21023
-0.80824
0.98106
-0.92449
-0.7809
-0.7227
0.92561
0.87295
0.04035
-0.77321
-0.77344
-0.84033
0.06999
-0.36139
-0.02738
-0.21476
0.77538
0.46771
0.13802
0.57065
0.86871
-0.20006
0.15454
0.97427
0.61762
-0.59491
0.86613
0.57751
0.80132
-0.16362
0.34902
0.9402
0.51148
0.12926
0.46397
0.17656
0.35804
-0.3588
0.61249
0.62476
0.68465
0.21301
-0.7044
-0.62356
-0.88414
0.87615
0.53636
-0.57291
-0.29766
0.42847
-0.55244
0.09969
-0.54153
0.96384
-0.35605
-0.87385
0.77595
-0.11949
0.4893
-0.93424
-0.9615
0.96508
-0.64309
-0.41755
-0.06209
0.06185
0.10191
-0.14897
0.45211
-0.42377
-0.31448
0.54083
0.29471
0.63176
-0.67215
0.09576
0.31701
0.88549
0.08967
0.86295
0.91191
0.23198
-0.99236
0.75802
-0.15033
0.77111
-0.74373
-0.37959
-0.21808
0.97104
-0.27935
0.16214
0.26968
-0.18733
0.62613
0.14432
0.77571
0.03492
-0.15195
-0.20219
-0.86743
-0.56672
0.53622
0.51313
0.49251
-0.49052
-0.39704
-0.06939
0.23217
-0.35498
-0.44377
0.41026
0.53424
-0.31219
-0.26911
0.87191
0.47042
-0.86138
0.88336
0.4304
0.79914
-0.89083
0.93548
-0.48008
-0.7513
-0.96124
-0.63687
0.04536
0.6481
-0.21043
-0.44642
-0.22937
0.79181
-0.28543
0.58653
0.22752
-0.90443
0.02609
0.88011
0.31231
-0.75162
0.18443
-0.60792
0.59498
-0.24085
0.38633
-0.43969
0.45343
-0.58625
0.74426
-0.47661
0.95816
-0.31183
-0.48059
0.26834
-0.68546
-0.6985
0.60452
-0.66863
0.02093
0.30585
0.88899
0.64358
-0.66985
-0.97545
0.54421
0.5859
-0.56353
0.17569
0.07288
-0.38518
0.92129
-0.5352
-0.70188
0.00514
0.59785
-0.36934
-0.09849
0.15165
0.91396
-0.22005
0.89204
-0.93674
-0.1274
-0.20546
0.33534
-0.01341
0.97379
0.63727
-0.94275
-0.9938
-0.46448
-0.15089
0.01806
0.73567
-0.10084
0.06309
0.12613
-0.15324
-0.26927
-0.50839
-0.28602
-0.54179
0.0702
0.02263
0.38801
0.92797
0.21636
0.19149
-0.71637
0.22751
-0.34767
0.01586
0.015
0.85648
0.18438
-0.61018
-0.49112
-0.74935
0.54634
0.26313
-0.46484
0.14732
-0.02955
-0.27957
-0.15185
-0.60245
0.87405
-0.35257
-0.43242
0.41716
-0.06937
-0.67838
-0.66136
-0.60295
0.78607
-0.59642
0.7277
-0.45601
0.588
0.48221
-0.48886
-0.78281
0.12478
-0.91039
-0.13218
0.21569
-0.00876
-0.48706
0.24769
-0.05279
-0.58627
-0.46231
-0.8701
0.4589
-0.82867
0.46068
0.26794
0.14147
0.60443
-0.6819
0.65875
-0.86735
-0.27897
-0.97152
-0.35312
0.92936
-0.45344
-0.107
-0.70933
0.64379
-0.17163
0.99344
-0.15303
-0.70678
0.01805
0.49195
0.11626
0.20206
0.16398
-0.90268
-0.73596
0.6803
0.28014
0.75193
-0.5936
0.75643
-0.35316
-0.02886
0.91132
0.06786
-0.35047
0.71563
-0.14939
0.60896
-0.78422
-0.719
0.4675
0.23286
-0.97652
0.78957
-0.74481
0.10399
0.9376
-0.5301
0.34285
-0.31713
-0.42936
0.88599
-0.17039
-0.61216
-0.80584
0.78044
0.07575
-0.64192
0.73093
0.68258
0.19955
0.51796
-0.95019
0.46574
-0.58408
-0.20423
-0.88775
-0.84162
0.13856
0.58986
-0.10102
0.32609
0.07947
-0.70359
-0.90371
-0.65365
0.77499
-0.20493
0.51936
0.91179
0.45596
0.25327
-0.94752
-0.50275
0.98771
0.23249
-0.40045
0.60334
0.6352
-0.48752
0.90161
-0.2388
-0.21016
-0.57369
-0.31509
-0.01193
0.5151
-0.23721
-0.23988
-0.22822
0.53227
0.69886
-0.54228
0.36261
0.14472
-0.42962
-0.41207
-0.03592
-0.35112
0.764
-0.99219
0.47799
0.81442
-0.01164
0.81782
-0.84895
-0.21015
0.46059
-0.51991
-0.11583
0.12112
0.31046
0.5391
0.40889
0.61432
-0.2487
0.89724
-0.88813
0.44384
0.22481
-0.69016
-0.11947
0.55298
0.75957
0.98054
-0.89169
-0.58321
-0.55822
0.08227
0.80375
0.57561
-0.51948
-0.55237
0.5657
0.57941
0.15673
0.1414
0.97229
-0.58391
0.59383
0.96874
-0.4046
-0.27934
-0.00472
-0.99878
0.08409
-0.5504
0.01035
-0.3987
0.04593
-0.80346
-0.21829
0.16052
0.42364
-0.71412
0.40887
0.21471
-0.24173
-0.11182
-0.40906
-0.01832
-0.73112
-0.52978
0.13133
0.5304
0.37238
-0.50787
0.49356
-0.13408
-0.37916
0.78824
-0.09213
0.68559
-0.68741
-0.86598
0.21344
-0.83613
-0.69919
0.26255
-0.74218
-0.60479
0.23493
0.65505
0.84829
0.98292
-0.31192
0.95277
0.63114
0.52635
0.57771
0.59471
0.07845
-0.74625
0.10958
0.96681
0.10722
-0.83565
0.3444
-0.38035
-0.45906
0.88859
0.78525
0.55173
-0.0975
-0.92897
0.55259
0.33328
0.21211
-0.9237
-0.94421
-0.36027
0.01224
-0.88477
0.95068
0.47877
-0.03516
0.52703
-0.23371
-0.92791
0.40496
0.10103
0.02928
-0.09461
0.38105
-0.98224
-0.45299
-0.15977
0.56353
0.19399
-0.69212
-0.88051
-0.80529
-0.97796
0.39921
0.81587
-0.59778
-0.96962
0.44467
0.019
0.77083
-0.73254
-0.47249
-0.39919
0.39361
0.02317
0.08773
0.07486
0.90913
-0.67125
0.23035
-0.23525
0.11355
0.50681
-0.83327
0.8904
-0.74001
0.56029
-0.72947
-0.22463
-0.26199
0.7299
-0.2697
-0.26085
0.28903
-0.17114
-0.94712
0.49669
-0.63192
0.27145
-0.45312
0.22585
0.77097
0.1891
0.58464
-0.36883
0.0771
-0.60715
-0.79314
-0.76933
-0.30211
-0.6642
0.5223
0.68048
0.71007
0.91593
0.29329
-0.55081
0.865
-0.44085
-0.62795
-0.72728
-0.88831
0.07044
-0.50589
0.91432
-0.89881
0.58818
0.76531
-0.28633
0.33226
0.50174
0.91202
0.61391
-0.28423
-0.45728
-0.15739
0.07965
-0.14326
0.02663
-0.95102
0.63683
0.36762
0.49741
-0.85386
0.27293
0.27513
0.27908
0.82311
-0.7331
-0.82895
-0.93751
-0.78565
-0.85056
0.85233
0.05276
-0.98986
0.05568
-0.70242
-0.93036
0.57383
-0.87267
-0.80907
0.97808
0.09749
0.45222
-0.80686
-0.27202
-0.48013
0.50386
0.47648
0.94596
0.89093
0.85637
-0.37479
0.38967
-0.189
0.15453
0.71988
0.92294
0.81395
-0.32496
-0.46542
0.46397
-0.86822
0.2849
-0.89761
0.34973
-0.44799
-0.25873
-0.71814
0.72178
0.51616
-0.25751
-0.29632
-0.39978
-0.13947
0.09675
0.93703
0.73415
-0.12224
0.09879
-0.80674
0.44262
-0.48025
0.16803
-0.71141
0.45983
0.1037
0.21336
0.77747
-0.90078
0.88904
0.37813
0.38768
-0.49163
0.88766
-0.31682
0.83952
-0.44553
-0.71519
-0.33292
0.76066
-0.85783
-0.90177
0.78749
-0.50869
-0.74311
0.79845
-0.55568
-0.95062
-0.08724
0.88819
-0.9783
-0.49835
-0.21986
0.01434
-0.12752
-0.64589
0.76123
-0.3382
-0.56117
0.67956
0.67999
0.58971
-0.4534
0.15231
0.04862
-0.06367
0.0014
-0.82168
-0.37855
-0.93069
-0.37485
0.67668
0.95264
0.68251
-0.06037
-0.29801
0.12442
0.65761
0.92299
-0.39598
-0.59634
0.72937
-0.58259
0.31144
-0.41444
-0.89952
0.36508
-0.61536
0.57101
0.52413
0.45222
0.96948
0.59887
-0.94468
-0.7626
0.5037
0.63886
0.48425
-0.50788
-0.19273
-0.78211
0.06985
0.53687
0.61194
-0.91396
0.26692
0.68733
-0.113
0.89138
0.82905
-0.82831
-0.53389
0.64823
-0.11343
0.05325
-0.87431
0.85214
0.90681
-0.24787
-0.77584
-0.24743
0.26932
0.78487
0.48429
-0.40116
-0.69021
-0.82098
-0.10508
-0.45964
-0.07652
-0.80994
0.795
-0.13048
0.83189
0.98184
-0.36801
-0.99917
0.5849
0.47961
-0.03498
-0.67527
0.31967
0.04449
-0.31381
-0.28378
0.8806
-0.51296
0.61935
0.99202
-0.73892
0.2532
-0.78542
-0.24156
0.38684
0.19392
0.91317
-0.28327
-0.92989
-0.2589
0.23399
-0.02573
0.18938
-0.21696
0.63597
-0.91847
-0.20519
0.31294
-0.2207
-0.28662
0.05509
-0.75881
0.63323
-0.3938
0.91833
0.34375
0.17244
0.67842
-0.80208
0.36489
0.42034
0.2685
0.26207
-0.10964
-0.36525
-0.37592
0.55166
0.39316
0.69822
-0.48659
0.2893
-0.58475
-0.83563
0.35767
0.48613
0.22112
0.51338
-0.92434
-0.04973
0.24
0.1445
-0.96613
0.41206
-0.73181
0.1341
-0.24652
-0.73449
0.9817
0.49411
0.14639
0.63299
0.09033
-0.1701
-0.13388
-0.7441
0.75048
-0.39625
-0.46959
-0.61968
0.97062
0.6629
0.2183
-0.35591
0.84572
-0.00807
-0.25554
-0.26768
-0.0873
-0.89134
-0.84062
0.00278
0.78069
0.88591
0.18594
0.04003
-0.34977
0.75902
0.1706
-0.68735
-0.06973
0.50281
0.46926
-0.55865
0.03034
0.09203
0.64486
-0.28627
-0.46167
-0.6615
0.16809
0.44987
0.80964
-0.42885
0.89049
-0.59792
-0.0487
-0.26233
0.20775
0.818
0.53631
0.75865
-0.78151
-0.0795
0.05704
0.52512
0.72112
-0.30393
0.71056
-0.00579
0.55015
-0.76291
0.26789
-0.23134
0.84485
0.05492
-0.70967
-0.64241
0.2707
0.19923
0.85271
-0.17981
-0.17949
0.36985
0.82806
-0.37285
0.72703
-0.77492
0.7235
-0.97993
-0.88602
0.19731
0.81794
0.42498
-0.35993
-0.2442
0.15116
0.61259
0.68401
-0.23767
0.94127
-0.3389
0.00428
-0.8652
0.02574
0.50031
-0.51399
-0.32481
-0.11246
-0.6165
-0.40522
-0.53146
-0.57061
0.01514
-0.74499
0.32914
0.87939
0.17083
0.45279
0.83852
0.31766
-0.73009
-0.32796
-0.98317
-0.90453
0.92185
0.83445
0.20168
-0.73174
-0.89599
0.66783
-0.31147
0.08718
-0.33119
-0.96858
-0.29508
-0.04148
-0.36188
-0.3999
-0.03432
0.80936
-0.19004
0.82484
-0.68569
0.1909
-0.91482
0.16101
-0.22336
0.97749
0.00401
-0.63343
0.7597
-0.79206
0.88338
-0.62518
0.36498
0.24159
0.1759
-0.86289
-0.69877
0.75815
-0.26791
-0.71532
0.58379
0.99651
-0.04846
-0.90436
0.64543
-0.33367
-0.90879
0.19582
0.76001
-0.96222
0.76971
0.03311
0.63514
-0.63466
-0.2582
-0.65966
0.55113
-0.77142
-0.69563
-0.71413
0.91184
0.32774
0.66251
0.0986
0.94012
-0.48688
-0.27753
0.80024
0.22049
-0.19223
0.40337
0.33289
0.123
-0.16047
-0.98627
0.98483
0.06283
-0.30074
-0.6515
0.99403
0.41312
-0.72965
-0.4151
0.06226
0.76223
-0.78236
-0.60835
-0.03384
0.07165
-0.85918
0.44692
0.0156
0.41911
-0.26001
0.43408
0.19652
0.6557
0.50128
0.40562
-0.30488
0.0749
0.19079
0.6061
-0.26698
-0.29388
0.65465
-0.25232
0.12577
-0.38249
0.12199
0.16767
0.22243
-0.18223
-0.29834
-0.55834
0.16972
0.45873
-0.20629
0.88583
0.77369
-0.93302
-0.43377
0.49943
-0.70277
-0.87341
-0.48073
-0.36797
0.98476
-0.42958
0.59065
0.09759
0.46492
-0.87573
-0.39829
0.76565
-0.78505
-0.81392
-0.08796
0.09977
0.33331
-0.76252
0.80472
-0.5318
-0.4953
0.87882
0.18347
0.01569
0.57117
0.44185
-0.54196
-0.80814
-0.38121
0.97088
-0.67254
-0.22
-0.20924
0.13497
-0.60767
-0.15014
-0.19011
-0.29727
0.8132
0.22675
0.45775
0.08368
-0.67655
0.10055
-0.96192
-0.51882
0.32624
0.57524
0.85373
-0.75392
0.09391
0.94257
0.08263
-0.64637
-0.18597
-0.03801
-0.00113
0.71549
0.35493
-0.42482
-0.93831
-0.56383
-0.61935
-0.13718
0.84698
-0.75632
0.41357
-0.24524
-0.37851
0.53782
-0.65636
-0.88571
-0.45486
-0.15216
0.34494
0.2187
0.97288
-0.19093
0.30917
0.9558
-0.36415
0.728
-0.66873
-0.27536
0.45975
-0.86969
-0.89153
0.45438
-0.47276
-0.22473
-0.66713
-0.74947
0.18705
0.25232
0.90573
-0.95203
0.48526
-0.50477
0.58591
-0.71945
0.76205
-0.63629
0.00524
-0.36701
-0.62016
-0.33099
0.57683
0.38275
-0.12262
0.96096
0.49656
0.28593
0.42591
-0.07337
-0.62599
0.14298
0.07038
-0.97299
-0.62975
-0.16771
0.4861
0.91968
0.45183
0.47725
-0.6438
0.54452
0.12185
-0.11073
-0.84231
-0.27419
0.57581
-0.83835
0.63757
0.36349
0.37216
-0.52429
0.76001
-0.08637
0.9926
-0.4244
0.28807
0.78258
-0.7936
0.9284
0.31295
-0.6779
0.92978
0.08718
0.75518
-0.01385
-0.76955
-0.75026
-0.50298
0.58615
-0.29119
-0.90814
-0.53531
0.78135
-0.75554
0.14663
-0.02503
-0.31349
0.33445
0.39705
-0.91197
-0.77123
-0.15589
0.95205
-0.00972
-0.39825
-0.70188
-0.09826
-0.87023
0.007
0.55187
-0.88698
-0.64616
0.44672
0.4094
-0.2832
0.02628
-0.8575
-0.17311
-0.99653
0.52619
-0.28064
-0.70243
-0.15269
-0.84004
0.93986
0.29294
-0.74774
-0.38042
0.19295
-0.3797
0.82812
-0.02136
0.22124
0.99601
0.91629
0.42853
0.3884
-0.74719
-0.37581
0.13455
0.86018
-0.99302
-0.01215
-0.87698
-0.7
-0.94532
-0.16816
0.70732
-0.60054
-0.6714
-0.70146
-0.7838
-0.87198
0.5003
-0.43327
-0.68409
0.91501
0.13011
0.23248
0.66452
-0.63224
-0.04136
-0.49649
-0.82692
-0.22744
-0.55375
-0.84119
0.74723
0.43851
0.9469
0.8686
-0.2128
-0.20228
0.89946
0.73428
0.00672
0.94911
0.93275
-0.28143
0.89278
0.94856
0.7703
0.33507
-0.44874
-0.97842
-0.81509
0.91925
-0.70075
-0.12751
-0.97007
0.90122
0.12511
0.09202
-0.74051
0.75314
-0.01764
-0.31543
0.50239
0.07158
-0.0802
0.87253
0.0246
0.51812
-0.97794
-0.45369
-0.42685
-0.95928
-0.10063
0.97834
-0.87149
-0.43479
0.21192
-0.61027
0.79455
-0.79569
0.32795
-0.11321
0.01381
0.51036
-0.59501
0.81687
0.98209
0.94997
0.49254
0.65478
-0.79045
0.27112
-0.43138
-0.1156
0.5794
0.01362
-0.75456
-0.67181
0.68312
-0.42188
-0.69646
0.72263
-0.25744
-0.13564
0.35514
-0.23606
0.84118
-0.06204
0.89335
0.14104
0.08298
-0.34938
0.90236
-0.7954
0.07983
0.20488
0.79624
-0.26753
0.68524
-0.17868
-0.63558
-0.98848
-0.35908
0.72318
-0.50404
0.17323
0.89317
-0.32748
-0.94097
0.1886
-0.11496
-0.30312
-0.47617
0.93595
0.3568
0.89273
-0.17751
0.87664
-0.48938
0.50779
0.83198
-0.60118
-0.39036
-0.48982
-0.03661
0.73526
-0.01815
-0.78188
-0.121
-0.45942
0.22294
0.62239
0.15354
0.67138
-0.19175
-0.49572
0.41694
0.23376
-0.67723
-0.16044
-0.87958
0.84123
0.48789
0.99759
0.48744
0.39954
-0.20161
0.43914
-0.82577
0.50458
0.52382
-0.4512
0.49562
0.20767
-0.66449
-0.24766
0.05304
0.27036
0.19957
0.99623
-0.6707
0.47631
-0.20301
-0.38652
0.46078
0.8068
0.88675
-0.13546
-0.79599
-0.33919
-0.05514
0.41339
0.78854
-0.35709
0.28626
0.37554
-0.55957
-0.89984
-0.9075
0.50743
0.18608
0.00554
-0.98228
0.00687
-0.23973
-0.98995
0.65933
0.44076
0.84434
-0.57799
0.65551
-0.09075
-0.59932
-0.82239
0.43783
-0.44252
0.30587
0.0556
-0.2726
0.35157
0.54804
0.12589
0.1481
0.74157
-0.36236
0.23619
0.55068
-0.32326
0.4125
0.71849
0.70164
0.84976
-0.53969
0.20062
-0.16079
-0.97999
0.28357
0.44332
-0.14276
-0.37766
0.32307
0.17959
-0.73615
-0.43157
-0.16851
0.18177
0.96344
-0.15484
0.46324
0.20758
-0.55642
-0.65528
0.50046
-0.87429
-0.5739
0.30618
-0.56187
0.98719
-0.98622
-0.0741
0.62736
-0.23568
0.85385
-0.67682
-0.39362
-0.15746
0.98209
0.06718
-0.04517
0.522
0.47653
0.08735
0.89609
0.22704
-0.83172
-0.32541
-0.19338
-0.41501
0.9913
0.04616
0.82889
-0.50956
-0.45824
0.34774
0.49458
-0.32183
-0.17603
-0.23085
-0.59836
0.20667
-0.83228
-0.16848
-0.8055
-0.65343
0.74623
-0.98803
-0.45073
-0.10414
-0.99771
-0.77915
0.21031
0.03563
-0.27213
-0.07957
-0.18756
-0.99936
0.07596
0.24121
0.40302
0.22549
0.93239
0.58152
-0.08017
0.04595
-0.4216
0.99893
0.10853
0.33078
0.70465
0.36328
-0.07392
-0.7436
0.39687
-0.09799
0.18475
0.29695
0.12905
0.5405
0.10752
-0.58772
-0.20749
-0.69626
-0.3519
0.1474
-0.4532
-0.96049
0.16009
0.99503
0.86522
-0.84686
-0.33327
-0.8971
-0.5932
0.7402
0.79996
-0.01693
-0.23108
0.72167
0.80622
0.97601
-0.52161
0.7533
0.90164
0.50977
-0.07617
0.6102
-0.96012
-0.60446
-0.63977
-0.6485
0.14626
-0.7732
-0.46357
-0.014
-0.3204
0.17247
-0.5962
-0.86559
-0.48937
0.69714
0.36043
0.62317
-0.37778
-0.09817
-0.28336
-0.96971
0.3149
-0.44958
0.99992
0.32254
0.92794
-0.30573
0.96754
0.28413
0.47713
0.25931
-0.4094
0.68026
0.64575
-0.06511
-0.9661
0.882
0.10139
-0.73659
0.38493
-0.5497
-0.84539
-0.68959
-0.37819
0.08386
0.21917
0.58003
-0.84713
0.88146
-0.57304
-0.18173
0.99614
-0.49828
0.91356
0.76348
-0.85473
-0.08029
-0.21226
-0.66191
-0.14796
-0.76938
-0.547
-0.52583
0.17486
0.40239
0.56319
0.82671
0.91841
0.62661
-0.08225
-0.80032
0.90429
-0.15111
-0.14508
0.5877
-0.26839
-0.75348
-0.98494
0.01938
-0.20694
-0.50675
-0.04328
0.89435
-0.82403
0.23164
-0.92181
-0.34594
0.01714
0.65032
0.17017
-0.95624
0.9246
0.38181
0.5176
-0.7839
-0.29604
-0.85762
0.31056
0.16711
0.72047
-0.70887
0.42199
0.87589
0.35573
-0.42202
0.19707
0.49961
0.71569
0.54215
0.6938
0.47732
-0.08702
0.11065
0.98328
-0.9154
-0.23859
-0.32267
0.10355
0.64133
-0.0945
-0.00886
-0.51984
-0.8675
0.29311
0.26759
-0.4972
-0.71173
-0.87557
0.12663
0.89596
-0.46737
-0.09396
-0.25901
-0.74126
0.71811
-0.58009
0.42756
-0.47009
0.48855
0.4826
-0.69947
0.37295
0.3692
0.60759
-0.09384
-0.88788
0.53788
0.05293
0.78824
0.34444
-0.20105
0.43788
0.52812
-0.38423
0.74847
-0.12079
-0.0522
-0.21252
-0.08083
0.37563
0.27497
-0.35875
-0.18329
0.25342
0.16123
-0.34931
0.54504
0.64623
0.00433
0.87725
-0.74156
-0.60661
0.63598
-0.68986
-0.82741
-0.37889
-0.55474
0.15254
0.01789
0.33805
-0.7729
-0.14812
-0.11322
0.12987
0.48576
-0.80713
-0.89304
0.6297
-0.91192
-0.47555
0.64595
-0.4668
0.50489
-0.32098
-0.27789
0.83061
-0.51749
-0.46008
-0.89682
0.03259
-0.1925
-0.20968
0.68535
0.13491
0.65599
-0.14212
-0.3782
0.39781
-0.89003
-0.94561
0.59488
-0.1358
-0.55076
-0.66659
0.024
0.6765
0.4984
-0.21908
0.30487
0.8536
-0.93158
0.36149
0.91867
-0.95125
-0.89796
-0.99177
-0.88137
0.54985
0.99131
0.86484
0.02402
0.63792
-0.99843
-0.58258
-0.97241
-0.54708
0.12487
0.28956
0.25966
0.4272
0.98825
0.44874
-0.31476
-0.86566
0.11877
-0.91034
-0.42916
0.35346
-0.19291
0.56778
0.74074
0.82956
-0.33029
-0.8002
-0.37118
0.24525
0.99745
-0.16225
0.48017
-0.53075
-0.0424
0.77033
-0.42997
0.11988
-0.95047
0.58897
0.11232
-0.85692
0.12689
-0.21347
-0.22179
-0.77554
0.61466
0.75844
0.90259
0.06113
-0.69032
0.43886
0.70567
0.33146
0.69669
0.23655
-0.97186
-0.71238
0.50852
-0.21586
0.85521
0.84837
0.76821
0.38966
0.77117
-0.84879
-0.74611
-0.87976
0.33771
-0.9376
-0.06519
0.99543
-0.06892
-0.13113
0.55378
0.06749
-0.65748
0.13016
-0.06508
0.41834
-0.34155
-0.94542
-0.07756
0.45707
-0.80605
0.76454
-0.77004
0.06173
0.91008
0.25318
-0.67846
0.81525
0.49688
-0.12007
0.6297
0.85511
-0.45386
-0.53823
0.06395
-0.22354
-0.81545
-0.68554
0.9309
0.98272
-0.05983
0.19324
0.18117
0.80661
0.49796
-0.97063
0.35957
0.36471
0.28588
0.86639
0.35581
0.38377
0.76617
-0.59658
0.69781
-0.03269
0.40027
0.23077
-0.42968
0.72612
0.0778
0.75159
0.18481
-0.31581
-0.00479
0.11112
-0.11194
0.3403
-0.45078
-0.76732
0.8985
0.75402
0.65706
-0.0979
0.41108
-0.37003
-0.45934
-0.18087
0.3822
-0.21512
0.93124
-0.586
-0.76912
0.5573
0.3181
-0.11459
-0.63011
0.74023
-0.22477
0.78872
0.01772
0.60742
0.45383
0.3814
0.21562
-0.80731
0.63309
0.89521
-0.01972
0.24186
0.84522
-0.38333
-0.34713
0.93609
0.27924
-0.04465
0.41795
0.63413
-0.15737
-0.14526
0.62929
-0.45596
0.82847
0.93947
0.47255
-0.7844
0.08717
-0.60341
-0.76038
-0.77617
-0.98139
-0.15132
0.38829
0.93828
-0.98951
-0.83194
0.92658
-0.99804
-0.20274
0.86022
-0.56383
-0.50372
-0.59754
0.67816
-0.93166
0.27014
0.43701
0.35082
0.86611
-0.54662
0.31125
0.21313
-0.91252
-0.42385
0.67592
-0.11482
0.53995
0.36787
0.38275
0.77748
0.80502
0.02961
-0.0934
-0.14967
0.11644
0.19574
-0.29672
0.4945
0.52587
0.64244
0.34461
0.67856
-0.02767
-0.36339
0.96618
-0.89119
0.86017
0.50267
0.34593
-0.64204
0.65263
-0.80383
-0.15617
0.53531
-0.98531
-0.76278
0.26086
0.98335
-0.80814
-0.97088
-0.65439
0.8428
-0.22656
-0.7417
-0.62941
0.05559
0.05053
0.06684
0.06293
-0.10515
-0.93574
-0.91134
0.33158
0.9338
0.69719
0.55604
0.81636
0.74066
0.42167
0.13939
0.75311
0.31171
-0.29645
-0.05761
0.73957
0.57856
-0.35595
-0.96859
-0.20371
-0.96985
-0.09447
0.50905
-0.75039
0.37378
-0.35606
0.36394
0.28562
0.93273
0.88029
-0.41595
0.72183
-0.91246
0.67775
0.59297
0.56352
0.77399
-0.59214
0.35194
-0.04098
-0.2388
0.61736
0.48638
0.25293
-0.22223
0.45644
0.4007
0.01402
-0.91834
-0.88353
0.74997
0.62512
-0.16389
-0.71249
-0.20108
-0.47141
-0.29838
-0.54165
0.2912
0.80358
-0.7018
0.90918
-0.41876
-0.53267
-0.43133
0.68895
-0.7013
-0.44865
-0.80856
0.68373
-0.13267
-0.94553
-0.46446
-0.26952
0.10874
0.0967
-0.67486
0.80595
0.0108
0.4182
-0.31734
0.58611
-0.09141
-0.38031
-0.96465
-0.1121
0.01844
-0.34296
0.23047
-0.39832
0.81505
-0.19746
0.84681
0.26351
0.30752
-0.95167
0.53092
0.66837
0.53188
0.7868
0.2714
-0.1742
-0.49039
0.99264
0.86634
0.83417
-0.48837
-0.80216
0.43231
-0.50361
-0.10321
-0.56546
-0.06698
-0.33475
-0.04789
-0.3402
0.90261
0.4119
-0.23682
-0.74377
0.27265
0.35431
-0.12
-0.08686
-0.93896
-0.48011
-0.30915
0.1146
-0.49453
-0.27937
-0.996
-0.27001
0.61925
0.11645
0.84782
-0.13395
-0.70461
0.269
-0.08812
0.90995
-0.6792
-0.53539
0.12129
0.28982
-0.25049
0.06107
0.35144
0.55931
0.98147
-0.35841
0.63254
0.73518
-0.00878
-0.26604
0.12886
0.18733
-0.04205
0.16091
0.92493
-0.59886
-0.06039
-0.70888
-0.47448
-0.04367
0.82615
0.40957
-0.58242
-0.06296
0.17128
-0.22385
0.27097
-0.27826
-0.21384
-0.38954
0.42479
-0.3212
-0.27252
-0.03153
0.64336
-0.28702
0.31644
-0.77599
-0.45248
-0.11291
-0.34663
-0.00461
0.02862
0.29805
-0.28805
0.51763
-0.38337
-0.77266
0.1146
-0.32593
0.56545
0.54563
-0.41833
0.77838
-0.89567
0.25941
-0.16695
-0.35007
-0.31432
-0.13809
-0.66678
-0.55552
-0.02176
0.29631
-0.63263
0.91933
-0.93962
0.54958
0.34418
-0.53981
0.85518
0.44451
-0.15718
-0.82798
0.77309
0.15195
0.41872
0.25196
0.96448
-0.30359
0.45941
0.82528
0.08305
0.49154
-0.93603
-0.30279
0.67074
-0.26956
-0.06315
-0.04148
-0.48323
-0.09954
0.56888
-0.76827
-0.9043
-0.79788
0.81913
-0.08638
-0.4974
0.89057
0.41807
0.85376
-0.46247
0.46927
0.92105
0.29283
0.38812
-0.55709
0.68624
0.47848
-0.43426
0.83051
-0.86716
0.10079
0.8362
0.6193
-0.99426
0.08249
0.8515
0.28502
0.3923
0.62873
0.27358
0.31498
-0.98563
0.90582
0.32798
0.26633
0.6332
0.77339
0.65595
0.58407
-0.88639
-0.5241
-0.12845
0.20301
0.137
0.26408
-0.12104
0.16766
-0.15692
-0.77696
0.20329
0.36636
0.10989
0.99972
0.45616
0.37894
-0.56633
-0.35275
-0.3575
-0.45482
-0.53866
-0.88098
-0.38087
0.09898
0.39743
0.97833
0.90553
-0.2622
0.72262
0.5154
0.36268
0.4937
0.92259
0.70273
-0.56142
-0.80866
0.39474
0.67792
-0.5159
0.51046
0.3618
0.38904
-0.95864
0.91977
-0.59964
0.01862
-0.54436
0.60323
0.67463
0.14226
0.30518
0.76979
0.88254
-0.87522
0.54643
0.98614
-0.44456
0.80304
0.3938
-0.4482
-0.24721
0.88479
0.07592
-0.52042
-0.37658
0.6572
0.08966
-0.39385
0.27019
0.95176
0.73604
-0.9036
0.30929
-0.29942
0.05407
0.27312
0.73551
-0.54083
-0.23002
0.56506
-0.91925
0.68722
0.64217
0.1673
-0.85411
0.93186
-0.72768
0.12586
0.61451
-0.94507
0.45946
0.63255
0.34681
-0.88064
-0.58159
0.96427
-0.57534
-0.39062
0.53754
0.23445
0.05048
0.80524
-0.71656
-0.01536
-0.67676
0.09415
-0.3631
-0.48741
-0.05403
0.47343
0.72652
-0.03251
0.81459
-0.2664
0.67059
-0.47736
0.32984
0.67321
0.98641
-0.1638
-0.07229
0.6503
0.25211
0.53199
0.17309
0.53069
0.69966
0.32943
0.79263
0.7133
0.74552
-0.30998
-0.17417
-0.44553
0.36982
0.27225
-0.42753
0.00771
0.7427
0.6683
0.07788
-0.14693
0.55435
0.9406
-0.9664
0.69544
0.45146
-0.52829
-0.11294
0.66508
0.93835
0.00665
0.81417
0.19495
-0.76198
0.23897
-0.46022
0.24822
0.2439
-0.14433
0.48666
-0.33142
0.73793
0.03567
-0.59072
0.54386
0.01836
0.12185
-0.85564
0.55411
0.31769
-0.9123
0.59168
-0.86626
0.67018
-0.05016
0.96089
0.48738
0.06092
-0.01934
0.38186
0.24918
-0.22515
-0.33482
0.01529
-0.15933
-0.20255
0.66928
0.70064
-0.40779
-0.35645
-0.61386
0.83178
-0.19038
0.14362
-0.4759
-0.17054
-0.27445
0.97349
0.20861
-0.97055
0.18079
0.61774
-0.58688
-0.91771
-0.94793
0.08466
0.77771
-0.28525
-0.69896
-0.0524
0.79583
-0.38007
-0.73775
0.74571
-0.23898
-0.90345
0.34289
0.83033
0.05571
-0.36198
-0.21483
-0.32968
0.98032
0.76635
-0.09127
-0.66928
-0.38462
-0.75476
0.5957
-0.79892
0.96673
-0.71334
0.24012
0.95303
-0.10085
0.49542
-0.36299
-0.32037
-0.31185
-0.69971
-0.77095
0.19167
-0.54349
-0.0471
0.67668
-0.39386
0.14538
-0.86502
-0.05462
0.59142
-0.16706
0.9881
0.58138
-0.74098
-0.1608
0.11763
-0.53433
-0.01239
0.76842
0.27074
0.9803
-0.97296
-0.17722
-0.76208
-0.44828
-0.31395
0.00356
0.91546
-0.29356
-0.61826
0.42856
-0.87445
-0.92565
-0.16651
0.73054
0.53369
-0.20103
0.29801
-0.04386
0.69498
-0.26201
-0.29993
-0.34893
-0.36535
-0.23552
0.00191
-0.79919
0.47139
-0.4563
0.06654
0.27904
0.24613
0.53727
-0.71612
-0.60487
-0.02248
-0.76823
-0.39596
0.55693
-0.13583
0.91135
-0.47871
0.38787
-0.58075
-0.75493
0.90588
-0.40991
0.75884
-0.22189
-0.97579
-0.79565
-0.70106
-0.94322
-0.81305
0.99184
-0.55246
0.06554
-0.33497
0.12331
0.99594
0.14669
0.04594
0.52517
0.76318
0.20746
-0.04648
0.38488
-0.92665
0.22231
-0.98857
0.80267
-0.85082
0.10361
0.09419
0.59809
0.52494
-0.08443
-0.71251
0.68353
-0.07775
0.24114
0.21613
-0.89815
-0.82852
-0.11359
-0.26868
0.79867
-0.24863
0.86622
0.58032
-0.14158
0.17047
0.63935
0.5138
-0.71782
0.59827
-0.01601
-0.90981
0.13256
0.42777
-0.42853
0.31731
-0.09577
-0.412
-0.93965
0.01504
0.06524
0.03767
0.48718
-0.78387
0.77055
0.217
-0.46581
-0.79345
-0.63009
0.25054
0.46159
0.62069
0.17013
-0.57142
-0.24969
0.13269
-0.10375
-0.54686
-0.34665
0.83051
0.38376
0.12922
-0.74467
0.15827
-0.89757
0.77729
-0.17043
-0.52123
-0.3659
-0.07612
-0.03102
0.69513
0.68093
-0.4307
-0.04147
-0.67555
-0.3373
0.07494
0.1067
-0.81192
0.752
0.95273
-0.3899
-0.08674
0.26227
0.58895
0.99744
-0.0144
-0.18476
-0.05999
-0.07453
-0.84408
-0.89413
-0.49153
-0.5381
0.87178
-0.74406
-0.36365
-0.51397
-0.81762
0.69155
-0.72389
-0.86993
-0.91923
0.37254
0.15361
0.4257
0.62795
-0.31156
-0.45106
-0.54056
0.44538
-0.46124
-0.01083
0.70117
0.7478
0.59884
-0.66646
0.26192
0.22962
0.69541
-0.53818
-0.64118
0.43964
0.87463
-0.78727
0.30345
0.87483
0.45685
0.94631
0.98456
-0.55667
0.45775
-0.29752
-0.15546
-0.98261
0.61232
-0.99474
-0.66514
0.40674
0.53248
-0.75021
0.15435
0.38254
0.58134
0.44106
0.15626
-0.24379
-0.33101
0.89167
0.45325
-0.26327
0.04335
-0.51576
0.35896
0.52515
0.56169
0.50396
-0.21502
0.16113
0.68407
-0.23337
-0.71178
0.89445
-0.85111
0.85726
0.15394
-0.74425
0.03533
0.27545
-0.50971
-0.20714
0.56762
-0.40976
0.14349
-0.45092
0.43565
-0.24836
0.38256
-0.74641
0.92057
0.4179
-0.81915
0.09601
0.13777
-0.30744
0.60422
0.79757
0.07383
0.60726
0.33998
-0.42865
-0.76821
-0.47596
0.07326
0.27833
0.61504
-0.05528
-0.7017
0.77747
0.39818
-0.31677
-0.60949
0.40106
0.97878
-0.09754
0.40244
-0.73946
-0.97596
0.36834
0.40698
0.93497
-0.32081
-0.64395
-0.96929
-0.44782
0.31479
-0.43579
0.40216
0.72714
-0.08329
-0.96597
-0.61477
-0.45762
-0.75304
-0.28542
-0.34519
0.54766
0.10925
0.36948
0.65728
0.16854
0.1871
0.07024
0.73692
-0.83188
-0.46269
-0.33029
0.75666
-0.93638
-0.03575
-0.77226
-0.84297
0.74558
-0.91866
0.52848
-0.51711
0.69244
-0.90157
-0.17132
0.95623
0.10032
0.02119
-0.05656
-0.78514
-0.7273
-0.43112
-0.90472
-0.46356
0.37608
0.57624
-0.63601
-0.99871
-0.13267
0.43035
-0.74752
0.20824
-0.26864
-0.33671
-0.31602
-0.5286
0.50158
0.63343
0.79078
0.93403
0.1357
0.68319
-0.00544
-0.34594
0.07216
-0.49147
0.57279
-0.46591
-0.3556
-0.42373
-0.56479
-0.12119
0.31934
0.24062
-0.88844
-0.27719
-0.04846
-0.2996
0.95071
-0.56166
-0.34648
0.28492
0.60772
-0.83337
-0.86778
-0.56171
-0.90596
-0.475
-0.75543
-0.66079
0.10988
-0.40983
0.0337
-0.31832
0.41568
-0.04363
0.05041
-0.30549
0.22639
0.49219
-0.35375
-0.03546
-0.70802
-0.64932
0.49318
0.04608
0.63032
-0.19783
0.30847
-0.86322
0.85247
-0.81133
-0.63867
-0.63838
-0.10845
0.92815
-0.26935
-0.22761
-0.50008
0.36346
0.46608
0.03224
0.79777
-0.21991
0.68276
0.74496
-0.67538
0.85929
0.4623
0.95241
0.99439
-0.61068
0.58725
-0.06469
-0.30603
-0.81664
-0.93963
0.146
0.15734
-0.43759
0.10844
0.54264
-0.81637
0.24697
0.02887
-0.04646
-0.15874
0.85474
0.08232
0.3779
-0.95187
-0.66223
0.63418
-0.99949
0.11345
0.71557
0.10757
0.96131
-0.67472
-0.91853
-0.70733
-0.56526
0.59415
0.5805
0.43886
0.13052
0.39103
-0.04204
0.32712
0.39896
-0.54752
0.72094
0.08356
-0.90865
0.77625
0.85057
-0.89999
-0.50298
0.70312
-0.57327
-0.88967
-0.22582
0.70365
0.11299
-0.95798
-0.42162
-0.76399
0.50101
0.87506
0.86436
0.66886
-0.54217
0.22878
0.85443
-0.73056
-0.6515
0.58283
-0.43959
0.18237
0.48284
0.15395
-0.84435
0.45427
0.76032
0.44714
-0.14104
-0.87907
-0.3895
0.13042
-0.7681
-0.43145
0.52344
-0.89133
0.05586
0.19079
-0.70023
-0.59833
-0.73565
0.65732
0.27951
0.02782
0.89117
0.12521
0.09051
0.94583
-0.23544
-0.42862
0.65401
0.27288
0.78493
0.19499
0.31342
0.34332
0.50398
-0.38971
0.1705
-0.73214
0.687
0.82625
-0.17887
-0.59095
-0.71642
0.68105
0.37602
0.94317
-0.55798
0.60347
0.95825
0.40998
0.43478
0.80319
-0.25543
-0.07135
0.80253
0.00688
-0.61519
-0.77196
0.4244
0.28079
-0.7422
0.46942
-0.79195
0.99765
0.35873
0.16733
-0.9954
0.25238
-0.56377
-0.0223
-0.91189
0.32313
0.96632
0.03205
0.03105
-0.57252
-0.40734
-0.33153
-0.38902
0.17373
0.85076
-0.983
0.29442
-0.98808
-0.57474
0.83512
0.47527
-0.57217
-0.98996
-0.28329
-0.38888
-0.89385
-0.11733
0.81067
-0.42177
-0.01106
0.25221
0.26062
-0.77642
0.34695
-0.47912
0.45655
0.05126
0.44019
0.22327
0.13823
0.76909
0.09077
0.62713
0.36432
0.23862
-0.81657
-0.62104
-0.63465
0.55358
0.12849
-0.16517
0.45103
0.49384
0.76978
-0.40513
0.79852
-0.1964
-0.97893
0.25915
-0.1279
0.61151
-0.12021
0.8769
0.49896
-0.59311
0.43298
-0.79763
0.1568
-0.72883
-0.35647
0.2224
-0.08009
0.71131
-0.24763
-0.37465
-0.47444
0.42777
0.68825
0.87086
0.72628
-0.79418
-0.9803
0.75175
-0.93706
-0.16511
0.95412
0.65471
0.17721
-0.90008
0.04411
0.24943
-0.79261
-0.71642
0.69663
-0.20954
0.83854
0.24381
-0.73505
-0.35158
-0.67261
0.02981
0.81691
0.33979
-0.67302
-0.42727
0.1442
0.75859
-0.67442
-0.40611
-0.41207
0.70037
-0.54149
-0.24895
-0.53602
-0.6775
0.96516
-0.52509
-0.66605
0.19017
0.94221
-0.01998
-0.00503
0.05046
0.97781
0.43477
0.43469
-0.87747
0.86909
-0.17465
-0.31078
-0.52892
-0.14467
0.12133
-0.8258
-0.45061
-0.48498
-0.251
-0.92398
0.03713
-0.46283
0.46733
-0.29494
-0.87288
-0.03445
-0.59151
-0.46862
0.48551
-0.0237
0.95568
-0.10992
-0.45803
0.35506
-0.81079
0.60621
0.05849
-0.65388
0.66173
-0.15571
0.15057
-0.59538
-0.92599
-0.0637
-0.8633
0.20838
0.05172
0.21805
-0.84041
-0.19109
0.93002
-0.22431
0.56618
-0.51346
0.26225
-0.38498
0.74239
0.96445
0.53037
-0.41014
0.96984
0.59253
0.40695
-0.95749
0.06328
0.09961
0.40036
-0.28756
-0.84386
0.303
0.86701
0.71782
-0.39816
-0.20048
0.26229
-0.58755
-0.75019
-0.33154
-0.93216
0.43784
0.31974
-0.66566
-0.02248
-0.50267
0.05124
0.64478
0.27764
0.48217
0.94633
-0.50654
-0.28798
0.0424
-0.0666
0.99016
0.06753
0.87039
0.46234
0.82404
-0.09996
0.32305
0.62214
-0.92154
0.14508
-0.36295
-0.80812
-0.87695
-0.69904
0.05474
-0.66004
0.11462
-0.21583
-0.70326
-0.79063
0.17462
-0.48475
0.085
0.5525
0.78164
-0.42697
0.62001
0.9637
-0.14906
-0.85838
0.09738
0.96551
0.278
0.82678
0.66701
0.18606
-0.01867
0.76666
0.63502
-0.88104
0.30634
-0.75102
0.33949
-0.76745
0.21056
-0.49717
0.58519
0.19773
-0.26617
-0.47635
-0.85953
-0.41567
-0.11188
0.9176
-0.43438
0.72727
0.10942
-0.54729
0.90962
-0.8997
0.41889
-0.62763
0.61147
0.32065
0.95654
0.07417
-0.91588
-0.16157
0.8205
0.64834
-0.52233
0.16771
0.99253
0.18315
-0.78706
-0.1972
0.95667
0.55073
-0.76557
0.72537
-0.1687
-0.2107
0.33599
-0.84916
-0.36604
-0.11322
0.38558
-0.23456
0.62542
-0.74017
-0.21612
0.66244
0.02983
0.59873
-0.93825
0.54691
0.53955
-0.1239
-0.9816
-0.4915
0.30086
0.56619
-0.94079
0.77495
0.10662
-0.9658
0.40458
0.97686
-0.12862
0.83184
0.06141
-0.33776
-0.05066
0.37682
0.05007
0.65625
0.07028
0.65064
0.44035
0.12016
-0.49133
-0.57878
0.74751
0.58972
-0.45566
0.07517
0.89744
0.84232
0.10429
-0.06403
0.26279
-0.23216
-0.73373
0.1719
0.86181
-0.84034
0.71306
-0.02167
0.732
-0.90578
-0.25893
-0.78011
0.5422
-0.9594
0.16683
-0.93998
-0.7934
-0.97663
-0.75929
0.29077
0.36953
0.35329
-0.97011
0.66521
0.79902
-0.72558
-0.88634
-0.12189
-0.46315
0.64106
0.05304
0.93313
0.43716
-0.22542
-0.44367
-0.07112
-0.31783
0.15447
-0.01454
0.22084
0.88885
-0.70722
-0.20788
0.24047
0.99168
-0.34707
-0.9238
0.97753
0.8274
-0.19695
0.94919
-0.38944
-0.89482
-0.45932
-0.89064
-0.0354
-0.26503
0.91335
-0.68005
0.77328
0.65916
0.28102
0.64537
-0.27517
0.36115
0.83184
-0.45296
0.82847
0.13125
0.95967
-0.14524
0.42725
0.81422
-0.36062
-0.75928
-0.52731
-0.52123
0.99149
0.72931
-0.33282
0.11906
-0.917
-0.33949
-0.994
0.9288
-0.81233
0.98251
0.69924
0.81537
0.49227
0.39234
-0.57218
0.02978
-0.08474
0.78806
0.46596
0.38378
-0.47155
-0.78079
0.45507
0.16615
0.99857
0.24729
0.56072
0.13918
0.9881
0.46911
-0.29494
-0.42633
-0.44188
-0.02643
-0.97215
-0.03888
-0.05412
0.87418
0.67595
0.56292
-0.75547
0.05407
0.70486
-0.70212
-0.99208
0.17608
0.08592
-0.96549
0.20666
-0.49416
-0.64536
-0.74802
0.45921
-0.66907
-0.13752
-0.52163
0.05451
-0.93611
-0.1307
-0.42813
-0.12357
0.60806
0.21325
0.58218
-0.73687
-0.88333
0.40588
-0.40512
0.27167
0.67952
-0.13801
0.49462
-0.7785
0.86442
-0.16262
-0.4937
0.57699
0.56159
-0.59643
0.54286
0.96447
0.00597
0.00031
-0.3595
0.20866
-0.28521
0.78736
0.78889
-0.97944
-0.91841
-0.34116
0.93625
0.07942
0.74292
-0.44925
0.09133
-0.71648
-0.65051
-0.03369
0.51827
-0.644
-0.29214
0.06991
-0.86384
0.70283
0.4955
0.48538
-0.43066
-0.67889
-0.65217
-0.91579
-0.45346
-0.36011
0.62029
-0.84186
0.41607
0.77807
-0.3724
-0.86753
-0.81926
-0.70719
-0.39303
0.70648
0.40877
-0.51923
0.42852
-0.47166
0.02334
-0.69726
-0.52115
-0.23165
0.25626
0.16818
0.86531
0.18347
-0.87443
-0.62771
-0.64515
-0.10884
0.4182
-0.99627
0.81149
-0.90287
0.08404
0.23342
-0.9683
-0.78192
0.07579
-0.75062
-0.02246
0.03234
-0.60386
-0.15346
-0.35903
-0.7321
0.90039
-0.10017
-0.19719
-0.77999
-0.28768
0.80028
0.13109
0.17347
-0.40074
-0.38236
0.00617
-0.32122
0.40742
0.97668
-0.582
0.21947
-0.45394
-0.88108
-0.26584
0.62997
0.3567
-0.97869
0.84688
0.97025
-0.66953
0.97115
-0.55008
-0.17416
0.34082
0.57984
0.88045
-0.33125
0.2714
0.70555
-0.53265
0.34081
0.26527
-0.54576
0.75835
-0.98349
0.75011
-0.6571
-0.16111
0.71304
-0.22805
0.544
0.06663
-0.15693
-0.03562
0.57564
0.39728
0.12022
-0.73865
0.03295
0.53699
-0.61699
-0.53884
-0.02469
0.0436
0.9197
-0.12243
0.00311
-0.31209
0.42567
-0.51004
-0.91148
-0.1436
-0.51475
-0.06219
0.95218
0.12454
0.88342
0.70098
-0.39672
-0.64365
0.40209
-0.95166
0.54646
-0.14903
-0.60124
0.8874
0.25776
0.11693
-0.87067
-0.00343
0.30169
0.37589
0.00833
-0.86797
0.29682
-0.79067
-0.9007
0.4309
-0.23926
-0.06588
-0.54766
0.94387
-0.10991
0.93891
0.95507
0.30838
-0.59948
0.3604
0.2351
-0.96411
-0.44602
0.01316
-0.53775
-0.42006
0.00117
-0.18135
-0.76142
-0.37203
-0.27609
0.26284
0.68373
-0.58278
0.98438
0.11037
0.78125
-0.35204
0.96945
-0.28599
-0.47606
-0.90538
0.60654
-0.20105
0.27002
-0.93359
0.3401
-0.76932
-0.54979
0.54681
-0.83652
-0.58741
0.56889
-0.89081
0.53752
0.60066
-0.50831
0.31825
-0.68433
-0.8612
-0.9615
-0.99138
-0.10476
0.76566
-0.86306
-0.11784
0.21372
-0.23548
-0.67617
0.25464
0.42109
0.11305
-0.01738
-0.59943
0.71543
-0.61729
-0.53881
0.04528
0.8142
-0.32228
0.5947
-0.49348
0.22765
0.43661
-0.10969
-0.64877
-0.09189
-0.61642
-0.73287
0.06583
-0.70892
0.78717
0.91527
-0.38089
0.03383
-0.07388
-0.27908
0.45528
-0.18666
-0.46391
0.72342
0.91142
0.4504
-0.51043
-0.90719
-0.83916
-0.0762
0.38596
-0.41841
-0.80372
0.87718
-0.1026
0.05903
-0.23531
-0.48161
0.82912
0.63058
-0.2623
0.4506
0.41205
-0.40661
0.61644
-0.85109
0.31657
0.8214
-0.67147
-0.85877
0.13441
0.43299
-0.11405
-0.86688
0.22721
0.50157
0.65256
0.00015
-0.09785
0.04708
0.58874
-0.77107
-0.35124
-0.77846
-0.38091
0.31469
0.59508
-0.12354
-0.6798
0.31392
0.98036
0.40535
0.51574
-0.85955
0.23466
0.57299
0.67794
0.08983
-0.97215
0.11565
0.80229
0.65012
0.34122
-0.45885
0.36764
-0.91178
0.43981
0.98649
-0.37549
0.09459
0.00084
0.4593
-0.99156
-0.72899
0.60727
-0.82814
0.08762
0.64174
0.23025
0.12026
0.63571
0.22468
0.21667
0.08358
-0.27075
-0.69805
0.75554
0.18765
-0.91116
-0.28346
0.45416
-0.17283
-0.95105
-0.92582
0.98548
0.32804
0.12921
0.03173
0.90141
-0.18999
-0.68397
0.75066
-0.90633
-0.31402
0.13292
-0.68652
-0.3287
-0.47245
-0.93806
0.34318
0.03425
0.22886
0.54613
-0.47908
-0.27252
0.09537
0.27052
-0.23674
-0.8743
-0.10934
0.19281
0.00753
-0.36031
0.34389
0.47351
0.48208
0.12362
0.10575
-0.37867
-0.28661
-0.25347
0.95332
0.62813
0.54986
-0.70437
0.72461
-0.04146
-0.23931
0.36875
-0.39824
-0.24858
0.94631
-0.81019
-0.41795
0.73518
-0.70832
0.25075
0.39742
0.64183
-0.62189
-0.10029
0.65159
0.96998
0.65724
-0.86325
-0.10039
-0.4226
0.41207
-0.17948
-0.61393
-0.97729
-0.68281
0.30725
-0.16071
0.15437
-0.55403
-0.69734
-0.32352
0.94993
0.08811
0.31905
0.46255
0.36087
0.34561
-0.73796
0.654
-0.7231
0.68201
0.97727
-0.11466
-0.59748
0.61955
0.69026
-0.09124
-0.04538
-0.15327
0.06776
-0.91277
-0.73522
0.8476
0.1791
-0.85494
-0.08865
0.72373
0.20471
0.80268
0.19421
-0.5342
0.56471
0.71638
0.36847
-0.59408
0.48177
-0.8975
-0.35358
-0.05787
0.19464
0.48734
-0.9608
0.65106
0.82408
-0.00375
0.83521
-0.06246
0.36446
-0.57683
0.34021
-0.37358
-0.81499
-0.69238
0.29085
0.37961
-0.50683
0.44863
-0.14698
0.33084
-0.18011
-0.40294
-0.95562
0.42731
-0.72883
0.59541
0.35476
-0.91362
0.71616
-0.05479
0.52507
0.69441
0.47563
-0.86533
-0.26454
-0.64997
0.75583
0.69744
0.48652
-0.61932
-0.96541
0.34031
0.36093
0.58545
-0.34865
0.00433
-0.69535
-0.98968
-0.04841
0.87312
0.72139
0.66705
0.94257
-0.22523
-0.72009
0.4387
-0.59766
-0.46717
-0.01615
-0.40705
-0.87276
-0.43422
0.25062
0.78913
0.21171
0.37663
0.01045
0.27836
0.94083
0.48806
-0.77028
-0.13138
-0.46707
-0.18317
0.32051
-0.20862
-0.08619
0.84932
-0.06213
0.18678
-0.64018
-0.10381
0.66227
-0.25626
0.19873
-0.55794
0.78564
0.69953
-0.22103
0.74092
-0.2949
0.92837
-0.58678
0.62034
0.17006
-0.34217
0.46087
-0.79563
-0.69738
-0.49596
-0.24441
0.481
-0.83465
-0.95959
-0.18168
0.39765
0.33355
-0.65443
-0.29462
-0.51983
-0.84606
0.59043
-0.72529
-0.9714
-0.78795
-0.55749
0.59448
0.18976
-0.48006
0.85382
0.07997
-0.35013
0.63725
-0.88095
0.12497
0.39614
-0.47364
-0.85758
0.05832
0.99556
-0.39883
0.6795
0.63317
0.29217
-0.27453
-0.1972
-0.00733
-0.11741
0.75621
0.87759
0.34141
0.91066
0.35209
-0.02212
-0.89463
-0.48892
0.87463
0.26743
-0.95845
-0.24407
-0.9188
0.92449
-0.11117
-0.2392
0.74286
0.7828
-0.70012
-0.34134
-0.13792
-0.52938
-0.53994
0.18044
-0.95129
-0.59241
0.53848
0.17145
-0.20365
-0.86064
0.70084
-0.88614
0.80605
0.55853
-0.34705
-0.87603
-0.33978
-0.57778
0.20062
-0.35057
-0.4863
-0.44546
-0.94275
0.55131
-0.31017
-0.34963
-0.77414
-0.83691
-0.33223
0.10551
0.38754
0.55045
-0.73596
0.69927
0.13743
-0.7416
-0.37012
0.26077
0.77335
-0.12786
0.57653
-0.64173
-0.14336
-0.68456
-0.79317
0.081
0.39506
-0.55321
0.77432
-0.87366
-0.19031
-0.2087
-0.49063
0.27527
0.63784
-0.47257
-0.25305
-0.90672
-0.25773
-0.83457
-0.00559
0.4455
0.40687
0.07219
0.89569
-0.96205
-0.39468
0.29491
0.50107
-0.33471
-0.52211
0.16016
0.51108
-0.26126
-0.1429
-0.49758
0.97699
-0.92907
0.09565
0.86114
-0.96604
0.22309
0.46163
-0.03677
-0.08955
-0.95194
-0.04841
-0.99009
0.08337
0.37414
0.46847
0.60743
-0.51866
0.38513
-0.69323
-0.45122
-0.54788
-0.11001
0.62149
-0.09249
-0.84529
-0.05352
-0.39282
-0.0483
-0.56996
0.70914
-0.66489
0.4986
-0.35291
-0.08177
-0.78818
-0.47375
-0.65323
0.16546
0.1623
-0.4607
-0.80073
0.23965
-0.96881
-0.42488
-0.61134
0.13767
0.59696
0.3361
0.77441
-0.13717
-0.95274
-0.2024
-0.57888
-0.48362
0.14109
-0.80599
-0.85022
0.1759
0.33228
0.22283
-0.15289
0.92023
-0.89465
0.61551
-0.91635
-0.99069
-0.0353
0.2419
0.57351
0.0249
-0.26593
0.04046
0.42704
-0.67385
0.46658
-0.61216
0.59393
-0.74808
-0.05314
-0.32372
0.76994
-0.64085
0.00716
0.54693
-0.46443
-0.97782
0.08324
0.18934
0.36187
0.33634
0.82539
0.86075
0.57809
0.66852
-0.78625
-0.91733
0.36133
-0.05001
0.80526
-0.3615
0.37889
0.87756
-0.5388
0.4143
-0.54192
-0.69037
-0.73785
0.64077
0.69822
0.29367
-0.18912
0.86863
0.31206
0.87011
0.00268
0.45082
-0.19305
0.10675
-0.62101
-0.33362
0.30639
0.75618
-0.92165
-0.49441
-0.17078
0.23161
-0.37126
0.12818
0.7321
0.86964
-0.18764
-0.65574
0.99169
-0.9942
0.58299
-0.65825
0.15534
-0.10256
0.63855
-0.0287
-0.12435
0.61674
-0.87811
0.5061
-0.08228
0.17426
0.13819
-0.37996
0.21866
0.9586
-0.93388
-0.63935
-0.23115
0.17838
0.02632
-0.34124
0.97083
-0.01273
-0.6559
-0.16118
-0.74941
-0.81658
-0.56493
0.30761
0.66791
-0.48918
0.92245
0.03117
0.84946
0.63884
0.67224
-0.57732
0.08481
-0.21298
0.0467
0.89867
0.8732
0.75459
-0.7928
-0.64148
0.21186
-0.84225
-0.39755
0.29676
0.0478
0.17578
0.06074
-0.88238
-0.44931
0.88392
0.6755
0.09408
0.89594
-0.20873
-0.33575
-0.66702
0.74661
0.723
-0.69229
0.20752
-0.09403
-0.64695
-0.8408
-0.43193
-0.59105
-0.96059
0.4862
-0.90268
0.27651
-0.82487
0.79241
0.62807
-0.68273
-0.43097
-0.74023
0.74257
-0.41421
-0.35182
0.27158
0.07488
-0.55315
0.41532
0.74022
-0.43225
0.03271
0.57476
0.06398
0.24039
0.20555
0.12514
0.33541
0.5774
0.06576
-0.7918
0.30033
-0.32688
-0.46651
-0.21896
0.77408
0.51296
0.18505
0.3713
0.98091
0.27079
0.74998
0.22985
-0.27873
0.78689
-0.55924
-0.49177
0.21763
-0.1174
-0.7519
0.12184
-0.06002
0.47258
0.73034
-0.71521
-0.87996
0.64757
-0.01989
0.42555
-0.69426
0.37722
-0.00664
-0.66366
0.30928
-0.15252
-0.78133
-0.33846
0.40025
0.92942
-0.32077
0.14924
0.47676
-0.12359
-0.83843
0.53609
-0.78194
0.55914
-0.25987
0.49077
0.54921
-0.61203
0.05232
0.60094
-0.08565
0.15056
0.70989
0.57406
-0.14305
-0.95252
0.56876
0.17297
-0.97523
0.45097
0.77957
0.42994
-0.45155
0.13508
-0.69534
-0.55063
0.05246
0.28334
0.894
0.9139
-0.92474
-0.46548
-0.41125
-0.91468
0.07942
-0.21408
0.90887
0.52367
0.99599
0.56747
0.34855
0.86166
-0.61216
-0.30494
-0.50334
-0.36717
0.26738
-0.68966
-0.37574
-0.77139
-0.1163
-0.64347
-0.80881
-0.14375
-0.84852
-0.87307
0.5263
0.78218
0.65422
-0.13287
-0.19678
-0.19569
-0.1305
0.91645
-0.43202
0.13241
0.99316
0.42758
0.76007
0.3504
0.78775
0.28009
-0.12407
0.32326
0.28317
-0.44977
-0.39223
-0.09837
-0.13141
0.0996
-0.60381
0.0869
0.4535
-0.88332
-0.40275
0.87943
0.09048
-0.56268
0.91598
-0.08076
0.60308
0.70452
-0.10416
-0.60549
-0.1328
0.06884
0.58022
-0.2504
0.61662
-0.96516
0.85435
-0.73443
0.87125
0.8049
0.71675
0.24117
0.05298
0.3097
0.11479
-0.93134
-0.65218
0.95018
-0.13153
-0.69829
-0.84005
0.35705
0.54096
-0.14422
0.77619
0.63542
0.89314
0.17908
0.11707
-0.29487
0.97446
0.65134
-0.90022
0.55256
-0.99129
0.79009
-0.55369
-0.48597
0.34293
-0.7109
0.87155
-0.67472
0.79505
-0.799
0.72773
-0.96806
0.03486
0.63426
0.69286
-0.32534
0.41258
-0.06197
0.18898
0.20299
0.17565
0.3967
0.10805
-0.22318
0.12047
0.15498
-0.20937
-0.08681
-0.45888
0.00302
-0.35118
-0.2459
0.433
-0.80733
0.96329
-0.50992
0.9218
0.16595
-0.40386
-0.43697
-0.38505
0.6594
0.94245
0.14922
-0.57619
0.22108
0.57154
-0.53
-0.89738
-0.14729
-0.63256
-0.57244
-0.09346
-0.68213
0.71218
0.40775
0.67624
-0.04546
0.06336
-0.48644
-0.54132
-0.90446
-0.89845
0.82506
0.78387
-0.32859
-0.83096
0.05306
-0.18661
-0.5564
0.57614
0.52755
0.38271
-0.96617
-0.39036
-0.28004
0.66286
-0.82538
0.73404
0.69616
0.35005
0.36273
0.62737
0.55344
-0.10491
-0.7063
-0.40587
0.37508
0.67208
-0.80231
-0.91303
-0.31855
0.10552
0.97739
-0.16228
-0.88021
0.78682
0.9373
0.19234
0.18024
-0.58902
-0.56488
-0.3676
-0.42587
0.6293
0.20823
-0.66199
-0.87119
0.07682
-0.34569
-0.29128
-0.24662
-0.59994
-0.73573
-0.33637
0.24673
-0.19977
0.62845
0.8965
-0.98088
0.01737
0.64904
0.29126
-0.27643
-0.00113
-0.44526
-0.99085
0.32781
0.39713
0.51807
-0.74604
0.04054
0.37398
0.43303
0.5005
0.90087
-0.69341
0.55262
-0.83349
0.26422
0.25694
-0.85085
-0.52038
0.32071
-0.24471
-0.0577
0.09289
0.973
0.50874
-0.31429
-0.40801
0.35239
0.50674
-0.27834
0.92119
-0.19518
-0.17695
0.37494
-0.92529
0.57629
0.96019
-0.02168
-0.27989
-0.80964
-0.70817
0.62545
-0.84041
0.32736
0.91721
-0.09495
-0.93948
0.29359
-0.23938
0.15443
-0.36905
-0.54518
-0.73118
-0.47339
-0.49568
-0.51588
-0.1054
0.98633
-0.75461
-0.42549
0.57091
0.81488
0.57248
0.15095
0.83014
0.34195
0.60686
0.08809
0.51659
-0.66773
0.92604
0.57155
-0.14999
-0.2397
-0.34526
-0.10278
0.87553
0.36702
0.26302
-0.57543
-0.84757
0.16531
0.91695
-0.42906
0.44024
-0.60558
-0.0939
0.80518
0.7059
0.51527
-0.23018
-0.39394
-0.09169
0.0062
-0.14437
-0.81673
-0.94953
-0.34226
0.5172
0.39935
-0.70487
-0.16896
0.15762
0.96768
-0.98033
-0.73479
-0.31373
0.42919
-0.26437
0.45768
0.50786
-0.32717
-0.25388
0.88388
0.23331
0.07629
-0.53299
-0.55326
0.98393
-0.1527
-0.65764
-0.62368
-0.75358
0.26405
0.62698
0.64335
0.459
-0.7331
-0.35528
0.59764
0.8922
-0.30822
-0.92246
-0.86788
0.73531
-0.48048
0.69384
-0.84306
0.93435
0.94066
0.05678
-0.67109
0.18383
0.8632
-0.61002
0.91258
0.56296
-0.41009
-0.21661
-0.39275
-0.31674
0.80614
-0.22609
0.0805
0.68193
0.96181
0.85768
0.22353
0.20742
-0.72417
0.11123
-0.51178
0.14262
0.40718
0.3068
0.86189
0.83503
0.46623
0.2421
0.64127
-0.73561
-0.19677
-0.35647
-0.63971
0.07395
-0.86718
-0.7546
0.51657
0.0462
-0.66679
-0.14208
-0.03336
-0.91713
-0.70414
0.5864
0.66849
0.37618
-0.09537
-0.12768
-0.68779
0.75735
0.1791
-0.6573
0.77999
0.0052
0.43175
0.60003
-0.07908
0.75955
-0.06198
-0.92689
0.34206
0.29781
0.50398
-0.27964
0.28737
-0.68874
-0.47875
0.44148
0.57257
-0.05927
-0.07708
0.02967
-0.0192
-0.05628
-0.14982
0.69707
0.71855
0.35435
-0.45023
-0.656
0.25584
0.51176
0.71625
0.95467
-0.16242
-0.10502
-0.73414
0.48614
-0.67352
-0.46479
0.54942
0.72041
-0.92654
0.56247
0.16278
-0.88947
0.7556
0.53219
-0.2282
0.75044
0.14418
-0.96445
0.43041
-0.59243
-0.84636
-0.75794
-0.05861
0.52968
0.84382
-0.61633
0.30045
0.34085
-0.80696
-0.04741
0.41849
0.73915
-0.93311
-0.57531
0.83847
0.32066
0.28546
-0.78608
0.4737
0.28995
-0.66703
-0.25943
-0.70332
-0.46553
-0.27921
0.9951
0.19204
0.8966
0.8391
-0.65293
0.18981
0.97811
-0.07006
0.50323
0.71375
-0.55299
-0.55183
-0.65318
0.98947
-0.05116
0.8255
-0.59359
-0.50823
-0.62765
-0.89454
0.41573
-0.89795
-0.28413
-0.26632
0.37823
-0.59336
-0.5044
-0.93946
0.94506
0.77383
-0.1442
-0.15636
-0.77562
-0.20262
0.69595
-0.16679
0.43358
0.46984
0.36141
-0.16129
-0.76561
-0.77038
-0.68073
0.99298
0.55673
-0.86969
-0.97266
0.022
-0.60805
0.04492
0.84596
0.45948
-0.03387
-0.23281
0.18042
-0.71661
0.94134
0.07926
-0.89361
-0.53547
-0.34201
0.01313
-0.69232
0.07956
0.30703
-0.74999
0.64116
-0.5559
-0.00712
-0.63612
-0.95188
0.03856
0.61924
-0.99555
0.09659
0.94307
-0.83607
-0.40464
-0.22849
-0.97051
-0.27365
-0.51269
-0.61224
-0.55632
-0.44252
-0.39493
0.5441
-0.72107
-0.65477
-0.50446
-0.75538
-0.42957
-0.16028
-0.5324
0.89307
0.01406
-0.27052
0.0158
0.66081
0.59075
-0.33981
0.95895
-0.9687
-0.30456
-0.30088
0.35702
-0.93417
0.90019
-0.77966
0.71823
-0.92685
-0.57819
0.20793
-0.54554
0.63714
-0.46701
0.55758
0.06708
0.46315
0.39526
0.31022
-0.8983
-0.91881
-0.30377
-0.46384
-0.37196
-0.85075
-0.82839
0.31317
-0.56056
0.92621
-0.9589
0.56357
-0.17392
-0.46556
0.18024
0.40547
-0.02198
0.34774
0.78785
0.60506
0.62282
-0.60734
-0.65405
0.64586
0.70059
-0.60509
0.81067
0.00756
0.91973
0.65112
0.71304
-0.62911
0.1513
-0.74213
0.66288
0.97242
-0.18228
-0.74191
0.37303
-0.90988
-0.17229
0.3197
0.34213
0.93299
0.51077
-0.24945
-0.13656
0.44175
-0.69674
-0.89263
-0.25606
0.94875
0.95457
-0.76675
-0.11515
0.34225
0.83423
-0.25297
0.8538
0.35269
-0.29035
-0.92497
-0.1436
-0.26385
-0.8776
0.74452
0.53031
0.84893
-0.9897
0.18495
-0.43876
0.27717
-0.8502
0.52374
0.3813
0.98849
-0.71971
-0.90337
0.99167
0.43152
0.76162
0.83612
-0.19119
-0.02877
0.90976
-0.07799
0.28348
-0.0617
0.62133
0.25428
0.41046
0.30921
0.57256
-0.40673
0.62378
-0.58365
-0.74536
-0.56901
0.48705
0.0399
-0.1822
-0.01157
0.20179
-0.4389
-0.51019
0.64
0.25893
-0.88063
-0.80225
-0.88957
0.23144
-0.99669
-0.59062
0.93227
-0.14229
0.9736
-0.96342
0.39329
0.49928
0.49396
0.76957
0.326
-0.51299
-0.46556
0.34313
-0.35794
0.87899
-0.56405
0.25912
-0.24745
-0.65727
0.21626
0.34579
0.7073
-0.94201
-0.16773
-0.95049
0.3006
0.90669
0.81612
-0.78541
0.47355
0.67167
0.70564
-0.80665
-0.21163
0.86264
-0.7779
-0.47422
-0.5447
0.34476
0.22992
0.70468
0.07211
0.29517
-0.21977
-0.47699
-0.02339
-0.09625
0.31461
0.6152
0.1925
-0.99389
-0.10811
-0.69998
-0.33478
-0.21562
0.11137
-0.11452
-0.59425
-0.70864
0.05061
0.57861
0.95903
-0.60092
0.67869
0.86708
-0.3395
0.23534
-0.41659
0.11702
-0.97829
0.4423
0.70128
-0.70561
-0.78662
-0.09596
-0.89745
0.5071
0.95794
-0.30814
0.99706
-0.24424
-0.98334
0.20122
-0.70753
0.55227
-0.63552
-0.99357
0.32436
0.83275
0.94703
-0.99532
0.96908
0.88117
0.33706
-0.92741
-0.63623
-0.30891
0.2424
-0.55032
0.94546
-0.76129
0.80602
0.593
-0.69292
0.96947
0.62264
-0.74726
-0.29647
-0.18403
-0.06032
-0.54804
-0.71616
-0.82338
-0.00819
0.45256
-0.27517
-0.3813
0.31942
-0.18726
-0.92615
0.65739
0.71244
-0.03661
0.08236
-0.74199
-0.05376
0.41486
0.39953
0.77061
-0.83327
0.65405
-0.0447
0.35633
0.66845
-0.32238
-0.00599
0.07375
0.05964
-0.78561
-0.94844
0.56403
-0.72832
-0.96214
0.80414
0.2992
-0.59849
0.18584
0.93193
0.70126
-0.02223
0.02277
0.04581
0.5561
-0.54862
-0.08349
0.31044
0.72849
-0.63646
-0.72039
0.46437
-0.23604
0.23572
0.11671
0.07488
-0.30793
0.58545
-0.77016
0.79047
0.87145
-0.35076
-0.66762
0.77226
-0.64679
-0.30602
0.17146
0.96422
-0.8241
0.90408
0.07846
0.63012
0.18985
-0.43325
-0.0609
-0.93375
-0.47701
0.2694
0.12516
-0.55705
-0.72637
0.46281
-0.22367
0.73524
-0.24428
0.87487
-0.1965
0.12201
-0.40965
0.53388
0.63898
0.68721
0.01564
0.41416
0.55024
0.24262
-0.33703
0.05087
0.28474
0.29336
0.49547
0.02072
0.04055
0.39464
0.28775
0.67123
0.99737
0.15609
0.38307
0.96679
0.43253
0.47634
0.7619
0.88578
-0.37686
-0.90431
0.30658
-0.21579
0.35864
0.60616
-0.18094
-0.00651
-0.18793
-0.86356
-0.64506
0.17755
-0.21895
-0.18484
0.35613
0.773
0.57678
-0.01061
0.54731
0.44637
0.80105
0.88125
-0.1573
-0.92901
0.36675
0.96372
0.61504
0.0794
-0.386
0.23193
0.64435
-0.23133
-0.2997
-0.31567
0.93942
0.37915
-0.35555
-0.18432
0.36397
-0.53608
0.21121
-0.39318
-0.50996
0.83557
-0.32954
0.95376
0.797
0.32085
0.35849
-0.3391
-0.38393
-0.8333
-0.47168
0.59006
-0.86646
-0.98709
-0.1868
-0.40114
-0.94978
-0.05372
0.49385
-0.22971
-0.0932
0.6956
-0.67207
-0.89678
-0.19905
-0.25841
0.6375
0.04694
0.14851
-0.12462
-0.90969
-0.32837
0.96675
0.39009
0.99235
-0.14066
0.21014
-0.65961
-0.45768
-0.82247
-0.00303
-0.88513
0.09003
-0.25946
0.84576
0.51369
0.54961
-0.56669
0.55719
0.73087
-0.35294
0.59993
-0.1621
0.74582
-0.02393
-0.38105
0.48531
-0.87738
-0.06743
0.79294
0.1315
0.59173
0.15389
-0.57013
-0.6265
-0.60419
0.92668
0.23105
-0.96363
-0.98078
0.23341
-0.21173
0.74237
-0.25908
0.60628
0.06623
0.01557
0.37182
-0.06202
-0.88931
-0.19739
0.07274
0.58621
0.08373
0.33841
-0.84232
0.26441
-0.33072
0.69899
-0.11695
0.99687
0.77881
-0.07276
-0.00535
0.95909
0.76674
-0.37072
0.54639
0.03249
0.43877
-0.36011
-0.83759
0.33664
0.92972
-0.24746
0.13379
-0.49777
0.47853
-0.55995
-0.99179
0.46971
-0.70181
-0.59218
-0.90443
-0.47295
0.82449
-0.60602
0.10265
-0.47904
0.80629
0.95682
-0.81575
0.61851
-0.9088
-0.90203
0.32897
0.58846
-0.81518
0.41512
0.61991
-0.6761
0.44399
-0.01372
0.3646
-0.80661
0.24776
-0.1015
0.03565
0.30639
0.13821
-0.31136
0.78669
-0.56858
-0.24158
-0.37965
-0.1186
0.24145
0.35361
-0.12882
-0.13018
0.10178
-0.90559
-0.02246
-0.0929
-0.22904
0.37133
0.98155
0.39124
-0.3766
-0.73808
0.39233
-0.65049
0.217
-0.39503
0.97049
0.51893
0.72978
0.42409
-0.09284
0.88209
-0.25596
0.35339
-0.62198
-0.69949
0.47105
0.69765
-0.31339
-0.94116
0.25481
0.03558
-0.27548
-0.9276
0.67742
-0.61628
-0.27693
-0.36447
0.09737
0.82675
0.57646
0.0322
0.59921
-0.20942
-0.32103
-0.2529
-0.35886
0.61281
0.67863
-0.759
-0.90487
-0.80033
0.76553
0.93977
0.41524
-0.37253
-0.87121
-0.01059
-0.60243
0.3772
-0.01259
0.14684
0.64379
0.31973
0.30564
-0.17592
-0.09706
0.53322
-0.64995
0.37587
-0.83492
-0.15255
0.16259
0.84821
-0.68011
0.26485
-0.47894
-0.95877
-0.40808
-0.54617
-0.01273
0.26337
-0.91716
0.84093
-0.95864
-0.49889
-0.57497
0.89658
-0.49001
-0.93335
-0.22305
-0.12242
0.93824
0.96899
-0.46729
-0.15471
0.38581
-0.1876
0.33683
0.29083
0.63491
-0.80549
-0.01909
0.50832
-0.79374
-0.21101
0.32149
0.06283
0.53815
0.9446
0.02027
-0.03564
-0.36814
-0.7238
0.7835
0.74414
0.21789
0.48535
-0.90739
-0.20195
-0.36899
0.18561
-0.10779
-0.95388
0.40196
-0.96758
0.62689
0.94467
0.85079
-0.1799
-0.36255
0.58896
-0.06894
-0.21331
-0.80532
0.42121
-0.16101
0.50916
0.08607
-0.46698
0.00833
0.81599
0.05638
-0.79649
0.42737
-0.4407
0.60941
0.25991
0.18012
0.49925
-0.10672
0.81556
-0.0645
-0.99719
-0.50676
-0.8982
-0.98551
0.04229
-0.02349
0.1417
0.44909
0.94866
-0.91247
-0.65854
0.6009
-0.80625
0.49976
0.08355
-0.23463
0.45562
-0.83685
-0.06902
0.30569
0.32728
0.44989
0.28771
0.16757
0.00059
0.61507
0.69043
0.60943
0.68243
0.01812
0.41334
-0.30565
0.52515
0.91979
0.44249
0.41948
0.27966
-0.93063
0.98317
-0.0013
-0.36651
0.2758
0.01434
0.58082
0.30718
-0.36217
-0.31692
-0.40164
0.71643
-0.36669
-0.63855
0.67253
0.00755
0.92455
0.57447
0.49597
0.11949
0.88327
0.49279
-0.607
0.56143
0.79497
0.32681
-0.71498
0.72366
-0.85617
0.48207
-0.48695
0.46842
-0.18266
0.63208
0.14403
0.21808
-0.97484
0.86388
0.91793
-0.30486
0.00046
-0.08724
-0.23532
-0.8158
-0.07847
-0.53549
0.03149
0.12132
-0.08787
-0.11775
0.23877
-0.688
-0.65039
0.12425
-0.23018
0.03995
0.41339
-0.46132
-0.49566
0.64139
-0.35678
0.64637
-0.79042
-0.99506
0.19789
0.11993
0.24834
0.26802
0.05134
-0.02157
0.63434
0.56738
-0.80829
0.73725
-0.47821
-0.37847
0.52289
0.13106
-0.9276
0.22375
0.46892
-0.91522
0.09849
-0.30695
-0.85771
-0.09379
0.83297
0.05461
0.25026
0.00769
0.51538
0.05355
0.74844
-0.99157
-0.73882
0.09287
0.38851
-0.92147
0.23556
0.30681
-0.13157
0.11281
-0.9132
0.40075
0.71416
0.81638
-0.68398
-0.33601
0.00906
0.9211
-0.91735
0.21446
-0.18084
-0.6663
-0.52158
0.81362
0.10459
0.88082
0.15195
0.33678
-0.8356
-0.93144
0.63927
-0.38716
-0.14536
-0.37348
-0.12657
-0.21827
0.64567
-0.20736
0.39232
-0.84337
-0.21213
0.43087
0.47495
0.01784
0.55034
0.86583
-0.83251
0.32184
0.85602
0.04994
0.59926
-0.53102
0.71242
-0.10083
0.82733
0.21357
-0.0642
-0.63256
-0.72552
-0.38127
0.36662
0.83073
-0.78174
-0.25989
-0.21914
0.49691
-0.17208
-0.51235
-0.23735
0.85075
-0.99328
-0.16606
0.07763
0.54434
0.87214
0.23887
-0.25798
0.11666
0.83644
0.06533
-0.568
-0.65856
-0.03304
-0.58717
-0.31702
0.57121
0.32529
0.40203
-0.20572
-0.65273
0.51664
0.20845
-0.57301
0.31443
-0.91264
-0.32964
-0.79434
-0.72593
-0.57094
-0.25099
0.84316
0.28714
-0.98502
0.91399
-0.09915
-0.24796
0.08117
0.26021
-0.11556
-0.98735
0.81316
-0.94348
-0.49556
-0.21246
-0.98216
0.45392
-0.61222
-0.14671
-0.01869
0.12963
0.07337
-0.67548
-0.06861
-0.31544
-0.16833
0.8568
-0.00097
0.03361
0.48393
-0.9553
0.71023
0.52276
0.24311
-0.81938
-0.96292
-0.72294
0.73949
0.95829
-0.64384
0.5049
-0.30339
-0.0174
-0.32512
-0.63767
-0.8262
-0.57369
0.27273
0.09729
-0.76308
-0.67464
0.55566
0.03498
-0.80641
-0.51925
0.33561
0.60995
-0.02014
0.7432
-0.20751
0.68147
-0.27589
-0.57013
0.97559
-0.27911
-0.09437
-0.36128
0.08531
0.78557
0.48103
-0.55013
-0.63756
-0.3622
0.36963
-0.53491
0.99391
-0.18758
0.45476
0.3415
-0.48684
-0.04167
0.50954
-0.15745
0.91333
-0.72833
0.97446
0.66099
-0.06096
0.71123
-0.21987
0.72626
0.14509
-0.35678
0.64537
-0.3285
-0.34839
0.1012
0.06931
0.82134
-0.32923
0.68931
0.97719
0.65022
0.2298
-0.46843
-0.03415
-0.62235
0.383
-0.71006
-0.63126
-0.51488
0.29734
0.3701
-0.03576
0.03733
-0.01347
-0.18216
-0.64694
0.97631
-0.12564
0.70022
-0.69138
-0.14526
0.07585
-0.50022
-0.83609
0.35147
-0.32745
0.11964
0.61495
0.92933
0.65996
-0.66273
0.91885
0.33623
0.15203
0.48871
-0.59327
-0.06345
-0.46152
0.00279
-0.44322
0.16178
0.73312
-0.1949
0.41334
0.46518
-0.40894
0.84541
0.43414
-0.4505
-0.36859
-0.55389
-0.34132
-0.47462
0.89649
0.6145
0.47315
0.24198
-0.07702
-0.05833
-0.10383
0.14313
0.6807
0.71365
-0.94737
-0.6686
0.065
0.36394
0.96768
-0.7265
0.03339
-0.26771
0.76686
0.77425
-0.62472
0.32175
0.2339
-0.78382
0.24303
-0.96933
0.69412
-0.15897
0.45618
-0.40347
-0.66158
-0.44174
-0.49719
-0.09235
0.91632
-0.11991
-0.82866
-0.76212
0.30601
0.71008
-0.03974
-0.766
-0.06016
-0.27599
-0.23137
-0.0662
-0.11739
-0.28307
0.96012
-0.20936
-0.02246
0.436
-0.93443
0.43257
-0.00822
0.67797
-0.64399
-0.24017
0.51214
-0.62571
0.44748
0.06199
0.86735
-0.03964
0.20991
-0.92039
0.34209
0.72387
0.82614
0.89246
0.99265
-0.76319
-0.12759
-0.93836
0.63161
-0.27295
-0.10152
0.63335
0.8385
0.34788
-0.51854
0.59489
0.22271
0.72633
-0.65536
-0.1174
0.31173
0.4562
-0.65591
-0.11359
-0.63646
0.74399
-0.45034
-0.3166
0.72266
-0.42548
-0.71857
0.15331
-0.20425
0.70845
0.12953
0.32222
0.32239
0.19232
0.93506
-0.00681
-0.49708
0.13711
-0.50335
-0.19557
0.71423
-0.65067
-0.70934
0.97524
0.49459
0.11903
0.75776
0.67814
0.022
-0.93417
0.57653
0.39262
0.58338
-0.6335
-0.60319
-0.42968
-0.12859
-0.78147
0.28868
0.76629
0.07695
-0.77952
0.21187
0.47532
0.74523
-0.442
0.93499
-0.38871
0.72913
-0.47908
0.02297
-0.30746
0.48768
-0.20922
-0.27993
-0.7538
-0.38255
0.98442
0.23209
0.40672
-0.01971
0.81956
-0.59504
-0.43348
0.59824
-0.71346
-0.35601
-0.0756
0.3524
0.57612
-0.39976
0.88019
0.42543
0.20212
0.85535
0.55949
0.34371
0.3845
-0.72769
-0.01635
-0.19304
0.37186
-0.36058
-0.67215
-0.75551
-0.33713
0.29859
-0.11963
-0.28692
0.10384
0.44019
0.0692
0.66671
0.85881
0.26164
0.48294
0.46423
0.85587
0.95785
0.67963
-0.7497
0.88755
-0.72848
-0.00858
-0.99541
-0.65476
0.37118
-0.63417
-0.95509
0.48435
0.85297
-0.34606
0.27988
0.48547
-0.91346
-0.43322
-0.39472
-0.31016
-0.6989
-0.31728
-0.12386
0.02143
0.74771
-0.83229
0.42995
0.42195
-0.1324
-0.29962
0.59981
0.54112
0.81963
-0.31835
-0.84317
0.80307
-0.69182
-0.52853
0.06578
-0.58731
-0.54867
-0.4092
-0.72036
0.52311
0.79317
0.98581
0.32753
-0.6685
0.56254
-0.31712
-0.28555
-0.23156
0.80431
-0.56439
0.08805
0.71534
-0.45741
-0.79315
-0.53346
-0.22241
0.02631
0.0716
-0.60539
0.72905
-0.63727
-0.28126
-0.92012
0.99231
-0.20008
0.02082
0.3331
0.32868
-0.15372
-0.11821
0.16844
0.15235
-0.69724
-0.35659
-0.5595
0.94823
0.33679
-0.68024
0.47498
-0.63137
-0.16695
-0.31441
-0.77919
-0.28161
0.34446
-0.7128
-0.07754
0.20552
-0.17353
-0.30999
0.93123
0.45299
0.88814
-0.59387
0.15492
0.99452
0.68363
0.55317
-0.70979
0.79679
0.29747
-0.06356
0.33875
0.1438
0.27143
-0.72271
0.0455
-0.71217
0.09248
-0.8241
-0.50585
0.75832
0.39742
-0.33382
-0.87712
0.68066
-0.62706
0.8491
0.28349
0.09806
0.9009
0.34507
0.06087
-0.15091
0.70697
-0.50875
0.82627
0.29865
0.45702
-0.38165
0.47044
0.44269
0.84941
0.92416
0.12244
0.75695
-0.20089
0.18216
0.84691
-0.99847
-0.70843
-0.27126
0.51018
0.15676
-0.28683
-0.76773
0.25639
-0.5782
-0.54315
0.75766
0.5443
0.96146
0.7813
-0.40903
0.16948
-0.38763
0.30813
-0.9823
0.43212
-0.10351
0.11778
-0.66454
0.37976
-0.74577
-0.48586
-0.96012
-0.06237
0.35623
-0.75556
0.61833
-0.69446
0.04367
0.17251
-0.99551
0.41564
0.51223
0.49141
0.2949
0.04716
-0.86344
0.4133
0.20926
-0.70265
0.10795
-0.84221
0.37961
0.9748
0.28299
-0.65459
0.36671
-0.21207
-0.14322
-0.63296
-0.86781
0.75466
0.71107
0.93046
0.3087
-0.11999
-0.14712
0.09354
0.5084
-0.07632
0.50903
0.83654
-0.48305
0.14506
0.55139
-0.00065
-0.60735
0.19722
0.21054
0.75934
-0.97522
0.40702
0.11099
-0.39637
0.76645
0.66494
0.66755
0.71321
0.47937
0.69197
-0.11735
-0.84904
-0.85912
-0.99267
-0.07383
0.78669
-0.7714
-0.66837
-0.0394
9e-05
0.53321
0.57565
-0.11217
-0.19898
-0.90631
-0.89193
0.8982
-0.77758
-0.27529
0.1238
0.71132
-0.8274
0.41273
-0.51962
-0.71121
0.597
-0.40339
-0.82838
-0.14615
-0.3457
-0.08727
0.22521
0.90035
0.99255
-0.32821
0.21657
0.8884
0.96277
-0.07039
0.48746
-0.52012
0.67013
-0.64909
0.22116
-0.91184
-0.46577
0.61242
-0.35413
-0.63181
0.7652
0.40278
-0.80729
0.07253
-0.74097
-0.15902
-0.65264
0.10047
-0.49159
0.92032
-0.458
-0.31058
-0.54478
-0.96266
-0.69992
0.45826
0.65759
-0.23076
0.47215
-0.64522
-0.01316
0.753
-0.52183
-0.41343
0.26127
0.05217
-0.44099
-0.247
0.62085
-0.25299
-0.01635
0.18246
-0.2416
0.31595
-0.63627
-0.86214
0.75038
-0.24051
-0.99017
-0.94468
0.7449
-0.9704
-0.25008
-0.06818
-0.63276
0.1602
0.44271
0.73107
0.30364
-0.3618
-0.4249
-0.96545
0.22706
-0.91722
-0.53152
0.25454
-0.80441
0.21385
-0.05877
-0.17156
0.46027
-0.94009
0.94737
0.13011
0.48443
0.86449
-0.29474
-0.94487
0.20445
0.74837
-0.10192
-0.18959
-0.32276
-0.32104
-0.44925
-0.5105
-0.90354
-0.04055
0.42323
0.0872
-0.7753
0.01357
-0.77132
-0.66805
0.85886
-0.1884
0.44293
0.34548
-0.15145
0.37156
0.81903
0.70707
-0.37125
0.16838
-0.14571
0.0179
0.79916
-0.15695
-0.61394
0.01053
0.3713
-0.40803
-0.07662
-0.78417
-0.43681
-0.0379
-0.23707
-0.05128
0.54534
0.28544
0.58906
0.6338
0.33326
0.36932
-0.48757
0.41829
0.85457
-0.94702
0.79323
-0.02725
-0.01654
-0.76068
0.80886
0.16029
-0.02873
0.31489
-0.81322
-0.64846
-0.86867
-0.5689
-0.27762
-0.64006
-0.52466
-0.64427
0.62647
-0.42593
0.39941
0.37704
-0.37689
-0.26921
-0.34996
-0.6009
0.1683
0.20932
0.07822
-0.14641
-0.96987
0.87661
-0.62905
-0.88151
0.39192
0.00316
0.28638
0.81751
-0.55135
-0.59287
-0.25097
-0.75929
0.30931
-0.70765
0.74748
-0.09168
-0.75468
-0.34521
-0.85301
-0.76587
0.8729
0.66243
-0.01085
-0.83975
0.51582
0.70253
-0.68417
-0.98117
0.79241
-0.58656
0.52043
-0.23202
-0.63337
-0.36841
-0.27007
-0.15878
-0.07034
-0.9379
0.85112
-0.93374
0.2025
0.19377
0.70168
0.56894
0.51301
-0.90391
0.08151
0.04615
-0.37597
0.59156
0.64104
0.82936
-0.06025
0.58284
-0.09345
-0.28809
-0.57938
0.47701
-0.67405
-0.26312
-0.139
0.20679
0.20023
-0.72468
0.99574
0.16177
0.44081
0.17901
-0.32099
-0.23416
-0.00886
0.8219
-0.17082
-0.60881
0.53376
-0.87824
-0.78414
-0.36774
0.23862
0.81322
0.62223
-0.53797
-0.23263
-0.86493
-0.03647
0.593
0.10296
0.59792
0.55896
0.56973
0.2639
0.95016
0.83283
-0.18674
0.54661
0.66707
0.89105
-0.25279
0.95097
-0.3645
-0.48915
0.61803
-0.07582
-0.26743
0.11427
0.03539
-0.76493
0.3753
0.01476
-0.99742
0.15678
-0.61711
-0.42833
-0.23221
-0.35873
0.01199
-0.09898
-0.3641
0.10088
0.61564
0.03519
0.0304
0.01129
0.71772
-0.25186
-0.18298
0.55332
-0.93064
0.77394
-0.72084
0.37274
0.6486
-0.28885
0.75489
-0.28977
0.12304
0.04441
0.90792
-0.74689
0.6239
-0.51093
-0.10927
-0.75917
0.27745
-0.33674
-0.45244
0.92048
0.80929
-0.99215
-0.83576
-0.00776
-0.63481
0.23797
0.31137
0.62403
0.84045
-0.76275
-0.57804
0.80421
0.07677
-0.52015
0.0459
-0.96871
