0.59532
0.23863
-0.55804
0.54133
0.43284
0.47702
0.61223
0.04095
-0.47647
-0.06044
0.63384
0.82148
-0.94702
-0.40694
0.32559
0.76762
-0.03613
-0.97192
-0.98701
0.41464
0.42511
0.59015
0.06974
0.94452
0.49877
-0.85737
-0.24688
0.33821
0.18899
-0.61989
-0.63662
-0.69676
-0.89752
0.40963
-0.6429
-0.42022
-0.1659
0.82083
-0.42544
0.25434
-0.86388
0.85443
-0.50715
-0.32299
0.95504
0.72765
-0.32006
0.89362
-0.32203
0.74737
-0.39246
0.7508
-0.59168
0.04907
0.98047
0.11596
-0.08202
-0.41351
-0.25305
-0.70485
0.61522
0.54017
0.72529
0.24215
-0.65057
0.13282
0.25653
-0.84398
-0.31218
0.09548
-0.51319
-0.10084
0.58921
-0.40453
0.76674
0.52286
-0.07643
-0.30827
0.04374
0.37554
-0.67585
-0.90874
-0.46891
0.80957
0.70748
0.62283
-0.60951
-0.29652
0.37506
0.17726
0.29162
-0.4968
-0.66162
-0.9046
-0.0064
-0.82382
-0.73491
0.57149
0.24396
0.60726
0.70725
0.07355
0.96978
-0.66041
-0.5437
-0.36905
-0.78348
0.25366
-0.56784
-0.57855
-0.93242
0.04495
0.85777
0.71842
0.27949
-0.62876
0.15001
-0.32618
0.80322
-0.88018
0.97523
0.75657
0.10215
0.33487
0.01246
-0.35096
0.2221
0.59521
-0.88147
0.82728
-0.77468
-0.6057
0.80328
-0.23716
0.25007
0.23912
0.78675
-0.14247
-0.54003
0.20351
0.62398
0.22333
-0.22087
0.0198
0.84278
0.42411
-0.08025
0.84055
0.52843
-0.53535
-0.72001
-0.48497
0.93103
-0.85791
-0.26374
0.76526
-0.04816
-0.62647
0.54492
-0.35357
0.59907
-0.66656
0.95329
-0.30958
0.94198
0.97271
0.78279
0.54749
-0.30438
-0.84775
0.05493
0.37331
0.4161
-0.5126
-0.79206
0.91137
-0.43835
-0.60051
-0.09455
0.35342
0.76121
0.97035
-0.38839
0.21427
-0.98053
0.08913
0.80046
-0.1126
0.60619
0.10313
-0.90032
0.30051
0.9798
0.2639
0.59947
-0.4207
-0.86862
-0.28764
0.17308
0.28375
-0.00697
0.47998
0.09962
0.01582
-0.69249
0.51818
0.78542
-0.62213
-0.0423
-0.088
-0.93689
0.10457
0.13901
-0.53185
0.48863
-0.08154
-0.06769
-0.76771
-0.9002
-0.72249
0.47236
-0.41904
-0.32888
0.90613
0.68371
-0.63475
-0.61057
0.35981
0.36238
0.41431
0.74047
0.53567
0.12119
0.71456
0.80224
0.82479
-0.44891
0.44228
-0.76269
-0.74927
0.89687
-0.64911
0.01839
-0.31945
0.01128
-0.34516
-0.34257
0.89964
-0.18434
0.0754
-0.69113
0.81094
-0.235
-0.10657
0.48556
-0.43014
0.01478
-0.81394
0.73995
0.77807
-0.37466
0.9517
0.47459
-0.32124
-0.35372
0.82914
0.24148
0.0867
0.49391
-0.51518
-0.05218
0.40382
0.37868
0.12521
-0.81666
0.57448
-0.37053
0.65396
-0.46384
-0.59826
0.57845
-0.47449
-0.9217
-0.19087
-0.6067
0.8398
-0.84038
-0.86797
0.68885
-0.15425
0.37433
-0.18904
-0.58256
-0.80665
-0.62999
0.73131
-0.50785
0.94989
0.51047
0.80898
-0.39001
-0.31113
0.12991
-0.72709
-0.88009
0.22254
-0.77876
0.41243
-0.39164
0.03325
-0.31082
0.27098
0.38516
0.09268
-0.11143
-0.74987
0.00167
-0.76452
0.07991
0.67935
0.15764
0.04282
0.74501
-0.26808
-0.00847
-0.33476
-0.32539
-0.84054
0.04445
0.67515
0.29066
0.73565
-0.96094
0.55945
-0.59979
-0.58463
0.79859
-0.30811
-0.66316
0.09544
0.16707
-0.13615
-0.57076
-0.68948
0.49421
-0.22547
0.39335
0.52215
0.74797
-0.53793
0.47201
0.70379
0.60059
0.37922
0.45644
0.65337
-0.33673
0.71281
0.84209
0.88883
-0.49989
0.93368
-0.67365
0.34892
-0.8426
-0.2631
-0.72513
0.96995
-0.7231
0.81864
-0.06985
-0.44023
0.00588
0.27576
-0.56616
-0.91794
0.0306
-0.5851
-0.34966
0.75597
-0.74213
-0.86169
-0.33269
0.06443
0.0262
-0.25552
0.84838
-0.85108
-0.62626
0.6956
-0.4879
-0.34141
0.22576
0.21534
-0.9931
-0.79385
0.50519
-0.88735
0.75026
0.76891
-0.28274
0.90702
0.51529
-0.25429
0.26166
0.72341
-0.01065
-0.19648
0.86962
-0.27353
0.62405
0.33831
-0.01646
-0.15956
-0.48563
0.22589
-0.10687
0.89457
-0.38892
-0.9045
-0.73696
0.22005
-0.58652
-0.31453
-0.12068
0.35364
-0.36044
-0.13453
-0.00556
0.27138
0.23328
0.33082
-0.09951
0.49883
-0.39685
0.24249
0.77617
-0.65568
-0.58041
0.09228
0.92291
-0.13373
-0.86579
-0.8404
0.10585
-0.77679
-0.8741
-0.41143
0.71569
0.50052
-0.54714
-0.08723
-0.74911
-0.52628
0.90703
-0.75153
-0.85916
-0.76563
-0.86144
-0.45204
0.67449
-0.32686
0.29885
-0.63258
0.96499
0.16184
0.78427
-0.22995
0.02854
-0.86667
0.54121
-0.21295
-0.78567
0.63217
0.76788
0.0555
-0.34483
0.31068
-0.69055
-0.56129
0.38568
-0.88544
-0.48002
-0.03922
0.77951
-0.4837
0.0249
0.26922
-0.19544
-0.69086
-0.57149
0.48407
-0.71872
0.35225
0.33265
0.30991
-0.88479
-0.45968
0.56315
0.04841
-0.0397
0.48037
-0.09533
-0.73416
0.44121
0.38351
0.13044
0.1958
-0.65483
-0.53649
0.18895
-0.1512
0.97209
-0.21335
0.89937
-0.26043
-0.13732
0.08579
-0.20408
0.97601
-0.04522
-0.44472
-0.72279
-0.28896
0.02665
0.62741
-0.73063
0.80146
-0.98697
0.75524
0.32715
0.93165
0.02685
0.85636
-0.7588
-0.05972
0.6003
0.97314
-0.86953
0.58978
-0.0627
-0.21459
0.57774
-0.42792
-0.29813
0.08489
-0.87005
0.41929
-0.99373
-0.46037
-0.88229
-0.41449
0.18725
0.60029
0.37065
-0.76918
-0.06891
-0.4659
-0.13982
0.71839
-0.56679
-0.64371
-0.10893
0.04437
0.72185
-0.63232
0.27097
0.60369
0.05708
0.53409
0.3171
0.79292
-0.1271
-0.87338
-0.76938
0.19539
0.51435
0.39592
-0.72227
-0.15555
0.1284
0.76774
0.87956
0.81944
-0.54214
0.44781
-0.31235
-0.31578
0.78816
0.77502
-0.11195
0.13865
-0.99276
-0.15743
0.74708
0.72357
0.82533
-0.12438
0.83044
0.47932
0.12409
-0.86224
-0.91116
0.88021
-0.12526
0.21947
0.12842
0.39138
0.4221
0.63928
-0.94171
-0.04807
0.11828
-0.30739
-0.02859
0.22355
0.22195
0.03013
0.89493
0.63721
0.80931
0.1425
-0.6112
0.72337
-0.41753
0.17268
-0.13711
0.39621
0.49683
-0.44692
0.2173
-0.99111
0.38825
-0.29405
0.00961
0.56479
0.30943
0.43244
-0.53491
-0.18726
0.58849
-0.0787
0.05215
-0.08406
-0.42623
0.76724
0.06489
-0.06452
0.63873
0.75298
-0.71813
-0.02947
-0.35875
-0.68011
0.97286
0.21296
-0.23553
-0.8417
0.85328
0.08514
-0.46003
0.43316
0.62192
0.36565
0.89043
-0.8227
0.18106
-0.23585
0.72666
0.91948
0.19477
-0.40522
-0.84918
-0.72172
0.37955
-0.67488
0.39095
0.0306
0.97514
0.58549
0.37081
0.72954
0.20092
-0.89744
0.52113
-0.25328
-0.6264
0.27794
0.0457
0.48192
-0.10804
0.48035
0.5002
-0.14497
0.92622
0.89815
-0.4752
0.70228
-0.06315
0.41634
-0.63228
-0.48381
0.19594
0.59262
0.96747
0.64018
-0.89261
0.69395
0.08194
0.31808
-0.81796
0.21145
0.52306
0.65097
-0.06565
0.82677
0.06234
0.35105
0.27392
0.81187
-0.1552
0.43506
-0.29481
0.8667
-0.88398
0.1747
0.20712
0.49647
-0.7111
-0.33211
-0.07241
0.72834
-0.21753
-0.85173
0.43952
0.09491
-0.00514
-0.8927
0.21357
-0.33343
0.4751
-0.06369
0.0115
0.68545
-0.71984
-0.08788
-0.78181
-0.93525
-0.99146
-0.23221
0.22824
0.59405
-0.75551
0.85361
0.26639
0.27753
-0.87068
-0.86219
0.14125
0.95545
0.53384
0.177
-0.70119
0.4347
-0.17425
-0.89021
0.75973
-0.96275
-0.85245
-0.85382
-0.92743
-0.08971
0.76232
-0.82703
0.26161
-0.30036
-0.54491
-0.78912
0.29792
-0.50041
0.91969
0.36844
0.42683
0.37232
0.98068
0.03031
0.62171
-0.45585
0.0389
0.87601
0.79112
0.13254
0.78841
0.00188
0.18779
0.03266
0.42913
-0.78064
-0.38777
0.98019
0.70279
-0.07997
0.94377
0.06586
0.4428
-0.91958
-0.32112
-0.4674
0.46138
0.69431
-0.47215
0.24827
0.84262
0.11534
0.70848
-0.24636
-0.12767
0.54352
0.19499
0.76007
-0.45119
0.54057
0.61108
0.29868
-0.1832
-0.18866
-0.12863
-0.79358
0.2117
0.84515
-0.86461
0.95935
-0.14886
0.31824
-0.77612
-0.59855
-0.89187
-0.28841
-0.19994
0.72346
-0.77922
0.03707
-0.171
-0.19674
-0.41899
0.13753
-0.81193
0.92021
0.59468
0.4332
0.89889
0.47074
-0.08708
-0.77827
-0.65663
0.88013
-0.17371
-0.07124
0.31194
-0.59116
0.43862
0.57503
-0.84217
0.68602
-0.80069
0.1853
-0.16279
-0.63858
0.07582
-0.60523
-0.77275
0.96294
0.42349
0.24615
0.08323
-0.71179
-0.55586
0.62657
-0.00688
-0.15768
0.76204
0.44101
0.96144
0.58983
-0.49571
-0.83646
0.38218
-0.033
0.72372
0.749
0.64282
0.94474
0.68717
-0.33578
0.99282
-0.52534
-0.07364
0.60665
0.59754
-0.90997
-0.38087
0.48452
0.62036
-0.88682
-0.05392
0.88794
0.26391
-0.21629
-0.21944
0.48163
0.16527
-0.46511
-0.92719
0.928
-0.59592
0.94753
-0.73219
0.4964
-0.09361
-0.4344
0.74888
-0.07834
-0.26669
-0.77359
0.94806
0.32166
0.75062
-0.68501
0.26506
0.95995
-0.90999
0.75509
-0.68185
0.84451
0.97454
0.69021
0.48166
0.10584
0.07765
0.47018
-0.3028
-0.82721
-0.73075
-0.54607
0.15095
-0.07883
-0.53035
0.6991
0.67192
0.98253
-0.31457
0.04351
-0.0326
0.48177
-0.78321
-0.24191
0.4213
-0.59611
0.1073
0.11589
0.31916
0.99107
-0.55889
0.26254
0.4056
0.84189
0.86374
-0.63219
0.87099
-0.74508
0.17099
0.73072
-0.16836
0.95468
-0.10859
0.9224
0.80643
-0.08295
0.77596
0.15255
0.32228
0.30048
-0.23513
0.63635
0.00394
-0.57767
0.9139
-0.59131
-0.73055
0.8579
0.08091
-0.1286
0.64124
-0.26556
-0.36245
-0.22644
0.21004
0.13958
-0.37311
0.94696
0.29785
0.4287
0.42563
0.74801
0.59775
-0.38042
0.51475
0.97389
0.31679
0.96976
0.9886
-0.40405
-0.67741
0.76557
0.3187
-0.24513
-0.45282
0.36613
-0.80146
0.92953
0.10829
0.94541
-0.22369
0.31802
-0.29201
-0.72718
0.53066
0.36519
0.36242
-0.19981
-0.34318
-0.41482
0.77494
0.68617
0.53587
0.77738
0.64118
-0.03723
0.38979
0.63429
-0.85937
0.3715
0.06375
-0.02253
0.51762
-0.95972
-0.73576
-0.75878
0.15083
-0.76677
0.75372
0.18066
0.85325
0.38725
0.80773
-0.88393
0.59565
0.54667
-0.80895
-0.04398
0.21086
0.52045
0.71427
0.99885
-0.65008
-0.13769
0.38206
-0.42813
0.95423
-0.89581
-0.28682
-0.32761
-0.61454
-0.34847
0.9436
-0.08435
-0.67486
0.73962
0.75872
-0.60818
-0.20449
-0.84403
-0.97808
0.53372
-0.88775
-0.47124
0.78808
0.88256
0.68329
-0.48238
0.61216
0.53733
-0.53074
0.54053
0.69141
-0.80671
0.54738
-0.5047
-0.6202
-0.78551
-0.06336
0.60454
0.89855
0.59142
-0.47171
-0.52818
-0.92784
0.7141
0.83767
-0.23532
0.26383
0.42248
-0.10448
0.2879
-0.40397
-0.63554
0.04895
-0.70748
0.82519
-0.90219
0.29454
-0.41082
-0.11349
0.03984
-0.90985
-0.43423
-0.17244
-0.99968
-0.40985
0.00365
-0.18456
-0.93022
0.25722
-0.47072
-0.8402
-0.59612
0.08055
-0.94328
0.71173
0.4801
0.68002
0.28074
0.30309
-0.66009
-0.70353
-0.08628
-0.87751
0.29747
-0.68681
-0.61856
0.57785
0.38103
0.47807
-0.95426
0.32459
-0.77543
0.73916
0.36207
0.38125
-0.5815
0.75509
0.94338
-0.22213
0.43431
-0.5142
-0.42426
0.88639
-0.95699
0.44338
0.30305
0.91622
-0.57662
0.25809
-0.05985
-0.18679
0.63463
0.72567
-0.07613
0.46095
-0.27898
0.03596
-0.81734
0.3208
-0.81882
-0.48568
-0.62485
0.31143
0.37386
0.7095
0.45448
0.22838
0.30829
-0.31051
-0.58208
0.62457
0.60612
-0.33557
-0.21664
-0.58155
-0.29467
-0.4315
0.298
-0.29209
-0.37028
0.60243
-0.69158
0.12751
-0.24998
0.4674
-0.0244
0.57911
0.51704
0.66976
-0.71982
-0.46591
0.13833
0.48254
0.94904
-0.59309
-0.55851
-0.25638
0.87395
0.41834
0.90754
0.93548
0.18838
-0.71753
0.24971
0.29248
-0.22001
0.40528
0.61208
0.24947
-0.30623
0.02039
0.00508
-0.99469
0.65348
0.4341
0.69019
-0.53001
-0.33777
-0.75908
0.07287
0.20418
-0.25925
0.56008
0.4593
0.62885
-0.26161
0.33245
-0.68196
-0.85935
0.11893
0.29856
0.04292
0.10515
-0.60518
-0.18217
-0.09324
0.1089
-0.36616
0.89856
0.8579
-0.0905
0.87313
-0.03045
-0.25017
-0.23709
-0.6887
-0.7049
0.84748
0.47192
0.28401
0.00672
0.49169
0.9524
-0.297
0.41815
0.17817
-0.51519
0.0806
-0.33418
-0.28538
-0.25851
-0.11165
0.24054
-0.711
-0.09446
-0.89302
0.59303
0.63302
-0.04071
-0.09304
-0.58916
0.32513
-0.69165
-0.12332
0.52722
-0.07801
-0.42758
0.8951
0.41566
0.90818
0.24161
-0.63858
-0.8607
0.08026
-0.67578
-0.68177
0.81338
0.19567
-0.3186
-0.65369
0.26069
0.60655
-0.26057
0.77746
0.6276
0.15156
-0.49428
0.19118
-0.18343
-0.41653
0.75669
0.37249
0.08182
-0.57651
0.36029
0.15109
0.35401
0.60221
0.90877
0.53194
0.75581
-0.11119
0.67352
0.13453
-0.63191
-0.86011
0.13838
-0.16913
0.37458
0.22493
-0.86888
0.75099
-0.29795
-0.63745
-0.12385
0.29429
0.57902
-0.69632
-0.82869
-0.77655
0.16728
0.28933
-0.86955
-0.59553
-0.47456
0.99324
-0.12695
0.96007
-0.28623
-0.52911
-0.60643
0.30896
0.35811
0.91243
-0.04857
-0.99746
-0.62068
0.77072
0.27075
-0.40724
0.39237
-0.22749
-0.81681
-0.03919
-0.59853
0.64395
-0.69944
0.36436
-0.19017
-0.18577
-0.92064
0.22414
0.53884
0.31841
0.69322
0.38541
0.06379
0.63218
0.57438
0.63346
0.44039
-0.68352
0.63406
-0.51552
-0.54853
-0.83629
0.35059
-0.03003
-0.10126
0.65994
-0.62053
-0.86107
-0.77996
0.73492
0.34881
0.63692
-0.53515
0.99755
0.75413
-0.12452
0.20027
-0.23053
-0.28359
-0.46431
-0.55452
-0.44672
0.97806
0.32416
-0.38476
0.21739
-0.12321
-0.03325
0.89575
0.57988
-0.06324
0.71915
0.03041
0.99977
0.81009
0.85363
0.66409
0.04196
0.43278
0.05726
0.1554
-0.12147
0.15169
0.169
0.69435
-0.51435
-0.02766
-0.51064
0.96576
-0.96777
-0.50764
0.33986
-0.79586
-0.70723
0.26112
-0.35111
-0.80693
-0.51014
0.52734
-0.28079
-0.86087
0.98993
-0.70923
0.51093
0.80297
0.51826
0.57364
0.6632
0.08961
-0.8699
0.90945
0.35516
0.11816
-0.15983
0.33833
0.25294
0.16869
-0.09073
0.16496
-0.11759
-0.38421
-0.9236
-0.67702
0.64059
-0.16929
0.75572
0.54612
0.17491
0.36489
0.51725
-0.65856
0.41813
-0.96616
-0.76613
-0.96864
-0.45863
0.79438
-0.77439
-0.11298
-0.32032
0.16806
0.56725
0.30361
0.08423
0.86676
-0.42561
-0.93733
-0.25287
-0.40554
-0.41655
-0.49174
-0.91121
0.91931
0.46117
-0.77623
0.44498
0.62883
0.01656
-0.78165
-0.36546
-0.35062
0.81986
0.11191
-0.82884
-0.1981
0.18738
-0.38915
-0.25239
0.52051
0.20767
-0.74629
0.09785
-0.10214
-0.58355
-0.33955
0.16817
-0.26086
0.26723
0.90449
-0.34372
-0.08622
-0.10833
-0.29494
-0.47874
-0.94458
-0.12262
0.41467
-0.52606
-0.96077
0.29948
0.75923
0.98256
0.24272
0.24426
-0.38961
-0.56809
0.97204
-0.15991
-0.6023
0.76571
-0.48123
-0.63929
0.00364
-0.70179
0.8701
0.90261
0.11996
-0.73461
0.00168
-0.39685
-0.00135
0.79806
-0.11776
0.56213
0.68353
0.20485
0.68794
0.15486
-3e-05
0.28837
0.75405
-0.21921
-0.93444
-0.79627
-0.89708
0.25292
-0.6669
-0.71637
-0.19009
0.95556
0.9842
0.93408
-0.35745
0.90163
0.7143
-0.64176
0.24184
0.61562
-0.18791
0.29914
0.92913
0.897
0.96683
0.90415
-0.18129
0.54788
0.90856
0.94084
-0.67277
0.77792
0.88343
-0.44967
0.88418
0.15496
-0.9266
0.45872
-0.42433
-0.19649
-0.35475
-0.03907
0.17348
-0.08731
-0.25983
0.03056
0.98087
0.51089
-0.45209
0.91183
0.42648
0.58174
0.60779
-0.61005
-0.93069
-0.12174
-0.36278
0.74869
-0.68723
0.97046
0.9087
-0.87453
-0.39815
-0.5971
0.64253
0.71208
-0.40462
0.98646
0.87467
-0.02972
-0.29874
0.40425
-0.85306
-0.56459
0.0708
-0.73866
-0.80273
0.37307
-0.35096
0.28616
0.22949
0.44736
-0.28847
0.69952
0.8142
-0.95034
-0.74536
0.85295
-0.79413
0.10778
0.37398
0.89677
-0.23221
0.56466
0.27367
0.01316
0.31047
0.66659
-0.74282
-0.23393
-0.26431
0.24331
0.20315
-0.13636
-0.14462
0.81802
-0.60501
0.34011
0.9907
0.03172
0.37128
-0.61283
-0.60545
0.52892
0.43784
-0.67932
-0.28044
0.69944
0.23866
-0.57369
-0.68862
0.74733
0.18236
-0.90852
0.74854
-0.29752
0.80135
0.24103
0.85334
-0.9599
-0.98816
0.59759
-0.24923
0.86391
-0.24645
0.84128
-0.1581
-0.69718
-0.98096
0.83296
0.42269
-0.06798
-0.46188
-0.35023
0.47613
0.87128
0.82696
0.5892
-0.73403
0.56413
0.69581
0.83961
0.45312
-0.64758
0.66791
0.51081
0.34423
-0.36229
0.27673
0.76732
-0.14974
0.363
-0.90605
-0.13376
0.81352
0.54368
0.54764
0.71301
-0.4082
-0.47449
0.83265
0.49587
0.09589
-0.45421
-0.98485
0.80023
-0.14182
-0.64419
0.52714
0.10727
-0.74266
-0.0593
-0.74407
0.0554
0.29819
0.44167
-0.17403
-0.46528
-0.67187
-0.70902
0.10141
0.89198
0.31876
0.21523
-0.14907
-0.19595
0.00787
0.35946
0.01413
-0.27031
0.005
-0.65778
-0.49648
-0.868
-0.56721
0.90672
-0.01521
-0.8693
0.91587
0.46134
-0.41542
-0.63683
0.79715
0.73206
0.53623
-0.08231
0.19236
-0.41158
0.7893
0.16007
0.12441
0.96627
-0.91679
-0.42438
0.26184
-0.34861
-0.38643
-0.36243
-0.42257
-0.63059
0.16964
0.15581
0.40252
0.97988
-0.15221
0.73513
-0.29688
-0.02177
0.51191
-0.76378
0.42957
0.39039
0.35285
0.47087
0.84927
-0.52158
-0.4492
-0.75872
-0.13367
0.44599
-0.69233
0.14048
0.79001
0.44531
-0.3753
-0.03171
-0.23673
-0.2151
-0.78234
0.09554
0.32552
0.6263
-0.29253
0.49845
-0.70555
0.93633
0.86892
0.99257
0.83099
0.3467
0.61527
0.28226
-0.43794
-0.89312
0.44461
0.79106
-0.95074
0.33673
-0.39727
0.71816
0.46039
-0.60351
-0.87892
0.81508
-0.20406
0.87152
-0.49514
0.54851
0.07793
0.89465
0.52816
0.09364
0.78314
-0.33906
0.08877
0.27844
0.52799
0.77003
-0.78892
-0.47803
-0.10943
-0.09935
0.03267
-0.24243
0.12183
-0.01558
0.98274
0.40188
0.28757
-0.23493
-0.11666
0.08565
-0.99619
-0.76366
0.44549
-0.50017
0.13367
0.4608
0.75587
0.88414
-0.11981
-0.6484
-0.88924
-0.41388
-0.46615
0.94149
0.75688
0.39065
0.03589
-0.26902
0.0405
0.71987
-0.39213
-0.7367
-0.03688
0.92811
0.20379
-0.34892
0.59012
-0.07774
0.54448
-0.16078
0.46937
-0.00726
0.71234
0.15874
0.54777
-0.56516
0.87086
-0.97197
-0.56036
-0.84265
0.95371
0.87715
0.55411
-0.17745
0.77037
0.75544
0.21502
0.09254
0.71882
-0.43578
-0.70185
-0.03431
0.09822
0.01363
0.91733
0.94404
0.02015
-0.194
0.74495
-0.65958
-0.87309
0.07324
-0.18571
0.8513
-0.6439
-0.02552
-0.95693
0.98971
-0.58102
0.23209
-0.64807
-0.22898
-0.05389
-0.45422
-0.08042
0.62291
0.15859
-0.80959
0.76087
0.06705
-0.35755
-0.06376
-0.44169
-0.12252
0.52203
0.2525
0.9772
-0.42922
-0.05932
-0.11521
-0.31847
0.84271
-0.99352
-0.90118
0.7815
-0.05271
0.92826
-0.70347
-0.82537
0.73751
0.41605
-0.74441
-0.96027
0.89223
-0.03073
0.27875
0.21131
-0.95648
-0.15094
0.72713
-0.67319
-0.24474
0.35274
-0.51712
-0.31521
-0.60211
-0.21389
0.5797
0.51855
-0.13449
0.56913
-0.28796
-0.18786
0.00291
-0.65543
0.1957
-0.04169
0.03532
-0.0407
0.75253
0.54763
-0.4466
0.96828
-0.32093
-0.57082
0.28184
-0.60618
0.67798
-0.22633
-0.93371
-0.86475
-0.22546
-0.16591
-0.91951
0.96563
0.95694
0.97578
-0.10584
-0.89395
0.75691
-0.6806
0.61112
0.21117
0.52651
-0.74341
-0.40219
-0.55925
0.14467
-0.33061
-0.5245
-0.80659
-0.05735
-0.44019
0.66473
0.5817
-0.16059
0.66052
0.11314
0.94214
0.55826
-0.4338
0.77367
0.89287
0.15301
0.70592
0.7744
-0.37947
0.70878
0.37838
-0.28574
0.79312
0.74904
0.85664
-0.41417
0.11152
0.94763
-0.74494
-0.04585
-0.81333
0.88959
-0.91331
-0.26912
-0.34167
-0.48831
0.73909
-0.11023
0.64456
-0.25818
0.20957
-0.68537
-0.62767
-0.82631
0.21139
0.3561
0.7801
-0.96137
-0.87165
0.54439
0.66805
0.70657
-0.3097
0.64921
-0.6374
-0.59221
-0.41817
-0.81293
-0.12928
0.33076
0.79952
-0.27368
-0.40459
0.8522
0.75856
-0.26187
-0.10983
-0.98859
0.63664
-0.49602
0.41774
0.56742
0.11955
-0.25445
0.89499
-0.23578
0.67296
0.43213
-0.23022
-0.75358
0.3385
-0.21333
-0.47795
0.23197
-0.48435
0.20766
-0.81912
-0.78924
0.56201
-0.74063
-0.48317
-0.51394
0.07016
0.49324
0.25737
0.63965
-0.04468
0.43268
0.05166
0.79537
0.47067
0.15473
-0.19777
0.37729
0.97771
0.182
-0.73932
-0.30916
0.44862
0.69884
0.5492
-0.21344
-0.65627
0.10046
-0.10073
0.70557
0.20551
0.91905
-0.90672
0.05339
0.93242
0.30446
0.33029
-0.82742
0.94204
0.80709
-0.00128
-0.05748
0.04249
0.67966
0.63865
0.57078
-0.50758
0.07221
0.67591
0.20278
0.6115
-0.28744
-0.56517
0.16831
0.5788
0.35723
-0.04547
-0.20994
-0.979
0.4703
0.96493
-0.24615
0.75852
0.56535
-0.61403
0.02098
0.53646
-0.679
0.40411
-0.58113
-0.55437
-0.15869
0.26885
0.50411
-0.52594
-0.17273
0.98955
0.0487
0.81989
0.02846
0.16883
-0.15851
-0.93526
0.72009
-0.54962
0.79053
0.09515
-0.81021
-0.9472
0.89177
0.89657
-0.52657
-0.51182
-0.14468
-0.88766
-0.44137
-0.95969
-0.62983
0.53604
-0.05061
0.68881
0.04254
-0.7317
0.14487
-0.02289
0.70629
-0.74259
0.15627
0.59443
-0.96492
-0.72386
-0.51722
-0.55768
0.0837
0.29042
0.028
0.88413
0.90874
-0.07716
0.11098
-0.03664
-0.95945
0.31432
-0.5918
-0.12047
-0.86172
0.81647
0.4846
0.25858
0.8688
-0.01377
0.72837
-0.93162
0.23433
0.21599
0.89648
-0.24847
0.0333
-0.22203
-0.66547
0.97072
-0.7179
-0.85712
0.92959
-0.83711
-0.2382
-0.07842
-0.43194
-0.71312
0.59448
0.22068
-0.3344
0.06708
0.08616
0.99955
0.34677
-0.17057
-0.15851
0.11669
0.40536
-0.6484
0.64357
-0.43955
0.42274
-0.77547
0.52775
-0.88469
-0.97508
0.70928
0.30006
0.94945
0.81726
0.93796
0.4898
0.71979
-0.54267
0.50442
0.75318
0.20425
0.96548
0.46815
-0.13063
-0.01445
-0.00435
0.66971
-0.26696
0.93289
0.90571
0.45209
0.75458
-0.00526
-0.19037
-0.92871
0.46435
0.69166
-0.31597
-0.44097
-0.16479
-0.2416
0.3087
-0.88222
0.64438
0.09459
0.56197
0.89946
0.9443
-0.54442
0.46449
0.84519
-0.48163
0.39844
-0.91858
-0.02079
-0.69999
0.23182
-0.36351
0.80765
-0.00161
0.36937
-0.0504
-0.39456
0.04425
-0.54068
0.10254
-0.39127
0.94087
-0.17903
0.19039
0.1986
0.6079
0.1582
-0.12852
0.36654
0.55754
0.39283
0.95952
0.96581
0.31881
0.66124
-0.61541
0.95957
0.07573
0.40502
-0.66409
-0.21148
-0.75925
-0.99422
0.06267
-0.62778
-0.86629
-0.06586
0.69841
0.56922
-0.932
0.58604
-0.13148
0.52261
0.59649
-0.50428
-0.39564
-0.23318
0.81651
-0.08957
-0.95751
0.75585
0.03908
-0.66546
0.69366
0.56182
-0.17351
0.89274
-0.17065
0.75013
0.47419
0.24236
0.78235
0.04401
0.19889
0.21619
0.16853
0.68402
-0.04897
-0.36444
-0.50605
0.30318
0.10417
0.22187
0.75039
0.18782
-0.6642
0.87636
-0.77946
0.2837
-0.79456
-0.44261
-0.52491
-0.00742
0.60067
0.02403
-0.52382
-0.13329
-0.07727
-0.50696
0.66158
-0.76503
0.90071
-0.41797
0.93439
0.27277
-0.89234
-0.09964
0.04744
0.74822
0.61381
-0.03971
-0.93115
-0.74793
0.2724
0.11737
0.53331
-0.11377
0.99045
-0.53509
0.22339
-0.05902
-0.86084
0.94593
-0.46436
0.6189
-0.08647
-0.94863
0.86277
0.09202
-0.34391
-0.1755
-0.12277
-0.61577
0.7627
-0.41431
-0.11646
0.39192
-0.02003
0.11643
-0.47547
0.12594
-0.18659
-0.84419
0.71966
0.62582
0.88001
-0.37701
-0.24569
-0.69285
-0.50966
0.44521
-0.81426
0.93814
-0.23196
-0.41823
-0.03534
0.48826
-0.09426
0.01705
0.54321
0.26921
0.68597
0.05054
-0.42324
-0.82392
-0.49883
-0.9077
0.22984
0.36029
-0.03376
0.94734
0.21917
0.2471
0.56151
-0.25097
-0.99359
0.69925
0.7094
0.19066
-0.61595
0.9896
-0.17228
0.03534
0.26445
-0.15858
0.34074
-0.35094
-0.43935
0.37984
-0.90548
0.33102
-0.07629
-0.88427
-0.30207
-0.67864
-0.62548
0.70457
0.64547
0.37567
0.82011
0.64531
0.71752
-0.79114
0.17514
0.30929
-0.73459
-0.75426
0.57404
0.65937
0.44166
0.75866
0.19097
0.56942
-0.2783
0.92958
0.85566
-0.23141
-0.09051
0.48195
0.2176
-0.69541
0.31751
0.81815
-0.6274
0.2264
0.68413
0.90029
0.07611
-0.28513
-0.15507
-0.88512
0.99832
0.04493
-0.95196
-0.67314
0.67064
-0.26078
0.35492
-0.71443
-0.45079
-0.73672
0.45969
-0.69463
-0.51518
-0.94813
-0.721
-0.86917
0.79584
0.11209
0.85026
0.57636
-0.68331
-0.47671
0.8644
-0.951
-0.15376
0.97804
-0.35377
-0.58545
-0.794
0.21293
-0.16846
-0.48639
-0.33117
0.42741
0.38508
-0.17181
0.94729
-0.57615
0.29911
0.69585
0.78484
-0.1881
-0.19977
0.80281
0.89038
0.75537
-0.14541
-0.55727
-0.94778
0.96602
0.91051
0.37173
-0.34104
0.46704
-0.81756
0.03281
-0.90935
0.56195
-0.73813
0.30327
-0.23707
0.85494
0.81985
-0.44938
-0.80469
-0.31017
0.1744
-0.73811
0.40205
0.09735
-0.82349
-0.14252
-0.38817
-0.49551
0.2851
0.88091
-0.27121
0.0206
-0.7866
0.74346
-0.15246
-0.64773
0.19284
-0.25552
0.15864
-0.69313
0.55382
-0.53604
0.92786
0.45186
-0.70652
-0.09615
0.26184
-0.13148
0.70538
-0.90148
0.92447
0.13893
-0.45048
-0.58431
0.46266
0.88921
-0.90588
0.33542
-0.28557
0.74488
-0.15564
-0.52904
-0.00083
0.43254
-0.65514
0.16244
0.16028
0.49323
-0.8752
-0.37036
0.19301
0.66635
0.66719
-0.56438
-0.71354
0.32182
0.82747
-0.60206
0.68708
0.96204
-0.55356
0.33136
-0.30254
-0.29859
-0.23356
0.4882
0.61985
-0.72037
0.15024
-0.35634
0.6528
0.9502
-0.69091
0.15
0.51885
0.98106
-0.8025
-0.17223
-0.37873
0.58824
0.92801
0.43693
-0.9462
-0.37273
-0.55456
0.31206
0.31444
0.29071
0.81183
-0.04382
0.27114
-0.73291
0.53737
-0.27863
0.65138
-0.71182
0.9912
0.34224
-0.03714
0.5237
0.5482
0.16703
-0.42376
0.65861
-0.52565
-0.63484
0.34118
-0.53095
0.08514
0.0543
0.12283
0.96414
-0.3135
0.47408
-0.89675
0.15338
-0.92336
-0.34021
-0.89635
0.08375
0.89393
0.1103
0.4173
0.14146
-0.52562
0.43257
0.69151
-0.57001
0.48034
0.50095
0.13673
0.40256
-0.0719
0.79426
0.17335
-0.12365
0.50767
0.33915
0.96894
-0.61048
0.98651
-0.7357
0.77668
0.06757
0.38669
0.36845
-0.5841
-0.35464
0.15648
-0.89144
-0.15886
0.72256
-0.18544
-0.14651
0.47516
0.56896
0.70785
-0.31513
0.01527
0.21227
0.9371
0.16597
0.61321
0.92634
0.22108
0.26267
-0.32469
-0.68772
-0.75389
-0.95682
0.22627
0.76901
0.87122
0.65708
0.44169
-0.58366
0.80779
-0.26642
-0.62148
0.44143
-0.96192
0.33978
0.59274
-0.60949
-0.00885
0.20449
0.0178
0.52476
0.94505
0.93515
-0.40449
-0.49659
-0.20621
0.57998
-0.56809
0.81499
0.05995
0.18567
0.17511
0.54474
0.30782
-0.42092
-0.2805
0.57289
0.00129
0.2565
0.44188
-0.06109
-0.09534
0.37356
-0.39314
-0.73181
0.92195
0.87563
-0.87185
0.17856
-0.25941
-0.21492
-0.26148
-0.21661
-0.81614
-0.03766
-0.5806
-0.57547
-0.9726
0.96101
-0.86293
-0.01763
-0.01918
-0.9614
-0.56993
0.67469
-0.73884
-0.59867
-0.83228
0.77944
0.78503
0.24352
0.97955
-0.75883
-0.12849
0.11414
0.90693
-0.9627
0.86018
-0.09061
0.33291
-0.97571
0.4159
-0.15493
-0.6677
-0.36705
0.59015
0.31321
-0.08894
0.99269
0.44036
0.2278
0.67964
0.02795
-0.29038
-0.86241
-0.95365
-0.42421
-0.99646
-0.88467
0.84133
0.02542
-0.83303
-0.64007
0.51761
-0.59534
-0.2181
-0.46213
0.13619
-0.79867
-0.45551
0.91352
0.75233
0.93464
0.28404
0.45796
0.82086
-0.27297
-0.45855
0.31784
-0.79615
-0.5882
0.21572
0.59852
0.70658
-0.69709
0.67102
0.13105
0.16524
-0.79411
-0.57173
-0.04699
-0.18009
-0.74169
0.445
-0.48696
-0.2727
-0.15195
0.74542
0.53009
-0.563
-0.83559
-0.38116
0.47893
-0.41809
0.47994
-0.05801
-0.66204
-0.68554
-0.95611
-0.00369
-0.49722
0.07807
0.10343
0.35657
-0.4638
-0.56918
0.68162
0.09517
-0.54429
0.4659
0.68623
-0.44483
-0.31416
0.9586
-0.86623
-0.20886
-0.87483
-0.94908
-0.5105
-0.14737
-0.88775
0.47763
-0.79724
0.16909
-0.85767
-0.03161
-0.43672
-0.84809
-0.26758
0.6984
0.38876
0.04647
-0.7014
-0.05822
-0.91765
-0.31254
0.48465
0.22987
0.18147
-0.86444
-0.68073
-0.06397
-0.47625
-0.18469
-0.65762
-0.61639
-0.02111
0.94173
-0.2123
0.45177
-0.82087
0.04882
-0.73769
-0.75613
-0.29669
0.69659
0.92133
-0.12228
-0.25868
0.85085
-0.2319
0.97587
-0.48371
0.81306
0.90173
-0.37435
-0.61788
-0.16439
0.57929
-0.60933
-0.13913
-0.11633
0.66738
0.10139
-0.60878
0.35999
0.08965
-0.07796
0.53058
-0.42263
-0.19694
-0.0304
0.70166
-0.97682
0.1016
0.80586
-0.24214
-0.96283
-0.89716
0.86013
-0.54281
0.25421
0.62589
0.80488
-0.11106
-0.09095
0.38587
0.76004
0.20957
0.64215
-0.53472
-0.79625
-0.33952
0.90279
0.40539
-0.82309
-0.46234
-0.10347
-0.13173
-0.08645
-0.25685
-0.19239
0.59253
0.24294
0.74354
0.59413
0.34765
-0.27932
-0.81988
-0.34751
0.11157
0.03538
0.05458
0.4639
0.13732
-0.53009
0.3782
0.26449
0.23225
-0.96737
0.53366
0.82281
0.54593
0.80378
-0.85851
0.67636
-0.22851
-0.69605
0.13927
0.29742
-0.74649
-0.27956
0.44499
0.1934
-0.74755
-0.81164
-0.68683
-0.09292
-0.6555
-0.07579
0.62884
-0.68339
-0.55342
-0.78179
-0.93905
-0.80378
-0.61277
-0.31038
0.8532
-0.10983
0.12987
0.95798
0.57176
0.24839
0.85634
0.69492
0.30557
-0.09882
0.0202
-0.65876
-0.64719
0.38191
0.83747
-0.60473
-0.82031
0.80514
0.01641
-0.12462
-0.69337
-0.7887
-0.24112
0.26808
0.95115
0.01965
-0.76388
-0.95272
0.10493
0.78462
0.92818
0.01304
0.86416
-0.73764
0.9383
-0.17408
-0.02079
-0.30332
0.13184
0.85406
0.08469
0.20274
-0.90229
-0.48554
-0.28806
0.98483
-0.91697
0.91775
-0.12117
-0.54964
0.61819
0.50961
0.67029
-0.44233
0.77644
0.07218
-0.99083
0.58474
0.5484
-0.50126
-0.76795
-0.18102
0.39816
0.73704
0.3624
-0.06842
0.01115
0.75285
0.64148
-0.18392
0.61631
0.31263
-0.00765
-0.85357
-0.24343
0.09554
0.99838
-0.64646
-0.59275
-0.32816
0.45607
-0.04482
-0.72048
-0.19847
-0.93519
-0.69895
-0.75123
-0.70053
0.0803
-0.18688
0.92701
-0.68526
-0.57647
0.78262
0.90591
0.24265
0.5917
-0.62591
0.5011
0.49507
-0.6679
0.74073
0.38699
-0.37431
0.39989
-0.36625
0.28351
0.50515
0.1816
0.86885
-0.81109
0.65613
-0.46598
0.74768
0.60728
0.96562
-0.03921
-0.16867
-0.93283
-0.82454
0.17945
-0.84328
0.16002
0.02706
0.41711
0.2141
0.10738
0.07745
-0.72489
-0.46205
-0.04548
-0.56887
-0.18814
0.8048
0.81002
-0.14619
-0.34282
-0.4791
-0.66098
0.08993
-0.86434
0.80202
0.12136
-0.56724
0.60915
0.3099
-0.09677
-0.78984
-0.58144
-0.73732
0.49828
0.52967
0.10506
0.3063
0.78982
-0.28104
0.34162
0.67342
-0.11293
0.64139
-0.88217
-0.08217
0.10481
0.03297
-0.47189
0.64712
-0.08872
-0.89904
0.93898
-0.40507
-0.17335
0.42085
0.61601
0.56531
-0.96171
0.68717
-0.78888
0.14863
0.97493
0.38467
-0.3626
-0.93931
-0.07738
0.56402
0.37363
-0.9392
0.00249
0.42755
-0.09709
0.767
-0.30602
0.60482
0.58385
0.56323
0.98341
-0.65887
0.09994
-0.56406
0.30454
-0.20298
0.0095
0.54836
0.76164
-0.50239
0.94096
0.37607
0.84169
0.17391
-0.12817
-0.27541
0.79246
-0.6006
0.355
-0.34258
0.24924
0.89925
0.89488
-0.43906
0.21518
0.39583
0.95413
-0.62769
0.07867
-0.78725
0.79423
0.37248
0.68799
-0.44213
0.71247
-0.9017
0.39849
0.07634
-0.8587
-0.71567
0.02155
0.20491
0.41561
-0.13447
0.24253
0.0944
-0.45468
0.96928
-0.2763
-0.67056
0.42838
-0.42576
0.87924
-0.43316
0.11252
0.70965
0.8055
0.11307
-0.35331
0.18394
0.66164
-0.50391
-0.42042
0.87403
0.41031
0.98317
0.40453
-0.80808
-0.40994
-0.4537
0.33578
-0.69598
-0.77158
0.48793
-0.12546
0.82204
-0.03806
0.36567
-0.75687
-0.83043
0.4128
0.68661
0.67482
-0.09529
-0.19594
-0.57792
0.20284
-0.44139
0.48447
-0.02237
0.04587
0.93482
0.28495
0.18516
0.22287
0.88958
-0.67575
0.2729
0.61595
0.62921
-0.5078
-0.88568
-0.5934
0.13659
0.70725
-0.57119
-0.60677
0.75499
0.52519
-0.56301
0.94563
-0.77472
-0.27366
0.43324
0.14166
-0.08201
-0.90797
0.08875
0.97144
-0.1291
0.26513
0.23243
0.69244
0.78838
-0.67443
0.7823
0.9542
-0.26614
0.97033
0.19575
-0.39237
0.06694
0.94806
0.48698
-0.32406
0.14892
0.32658
-0.76559
0.2655
0.51934
0.85361
0.93137
0.67595
0.27147
0.95875
0.12622
0.83562
0.89682
0.29885
0.94196
0.09997
-0.02805
-0.02718
-0.46322
0.65125
-0.01243
-0.05179
0.84792
-0.38741
-0.84171
-0.25447
0.6917
0.90966
-0.09504
-0.74029
-0.98466
-0.64144
0.72896
0.3322
-0.41711
0.47193
0.36856
0.17163
-0.94076
-0.46043
0.76057
-0.16166
0.62791
-0.44912
-0.58833
0.80157
0.78462
0.32291
0.1666
0.74207
-0.28392
0.85992
0.18769
-0.43486
-0.98114
0.15825
-0.25348
-0.53409
-0.17371
0.21129
-0.62972
0.59785
-0.51269
-0.49464
-0.64785
-0.04223
-0.67765
0.24218
0.04012
-0.67139
-0.76875
0.74941
-0.13326
-0.50198
0.90557
0.23828
0.95414
0.18888
-0.81105
-0.7949
0.83617
0.26103
0.20396
-0.51616
0.01005
-0.96366
0.44423
-0.27564
0.86839
-0.69183
-0.66595
-0.50146
0.34321
0.52983
0.10154
0.6391
0.24245
-0.91699
-0.72617
-0.50513
-0.3705
0.60749
0.7276
-0.5055
0.42569
-0.79202
-0.38418
0.26612
0.07048
0.69483
0.54353
-0.91502
-0.21523
-0.51874
0.82818
-0.40166
-0.42287
0.68666
0.50371
0.57352
0.96321
-0.00966
0.8945
-0.74679
-0.58328
-0.09748
0.65144
-0.11049
-0.36666
0.38582
0.62108
0.04845
0.59152
-0.39651
-0.517
0.47504
0.07127
-0.6887
0.28094
0.70606
-0.09134
-0.91823
-0.94433
0.94426
-0.0227
0.98861
0.91214
-0.4117
-0.28943
0.99737
-0.57852
-0.29974
0.8385
0.75618
0.24392
-0.68152
-0.34327
-0.07967
-0.00502
-0.98489
0.5257
-0.42514
-0.78456
0.74616
-0.13619
0.21807
0.44833
0.08339
-0.85441
0.41578
0.11108
-0.7472
0.50416
-0.89912
0.38346
0.79672
-0.08286
0.18757
0.56853
0.60417
-0.1446
0.47028
-0.27664
-0.79433
-0.96218
-0.74026
-0.75914
-0.21061
-0.15213
0.66321
-0.2064
-0.83626
-0.03044
-0.03834
0.32583
0.20027
0.05844
-0.93437
0.31752
0.97271
-0.81531
0.9317
0.5834
0.22678
0.17914
0.28426
-0.3072
0.97894
-0.25538
-0.48876
0.22171
0.56657
-0.7495
-0.17843
-0.4905
-0.71224
-0.65901
-0.28729
-0.65062
0.67513
-0.68635
0.32304
0.85344
0.8373
0.47154
0.80149
0.37836
0.2601
0.30834
-0.17787
-0.12356
0.62673
-0.13728
0.71236
0.45693
-0.16395
0.09442
-0.09872
0.70431
0.26705
0.53328
-0.41808
0.12445
0.65191
-0.19058
-0.68594
0.00662
0.75574
-0.24344
-0.54872
0.43608
0.65879
-0.09205
-0.07821
-0.19256
0.60968
0.37393
0.24068
0.95636
-0.0587
-0.28427
-0.82
-0.33309
-0.94126
-0.6236
0.65889
0.32877
-0.91449
0.06781
0.99791
0.41196
-0.00317
-0.71195
-0.1215
-0.68097
0.70179
0.97951
0.08603
0.26942
-0.76905
-0.20507
-0.02086
0.93404
0.92461
0.46844
0.91873
0.02114
0.24408
0.65089
-0.14617
0.82269
-0.60209
-0.67004
0.53815
0.50122
-0.69947
0.36709
0.84225
0.17506
-0.69891
0.57569
0.9384
-0.65786
0.52458
-0.00648
-0.60068
0.05196
-0.61632
0.58159
-0.1272
-0.06957
-0.50334
0.26023
0.3503
-0.94191
0.07277
-0.4422
-0.75658
0.67567
-0.37258
0.42825
0.0255
-0.90971
-0.2358
-0.78707
-0.93462
-0.91568
-0.90649
-0.48198
-0.91204
-0.23082
-0.70824
0.32822
-0.69539
-0.50216
-0.70246
-0.36858
-0.67879
0.73718
0.49472
0.98844
0.25812
-0.04789
-0.03353
0.42784
-0.41182
0.15471
0.08317
-0.24808
-0.06961
0.37276
-0.15326
-0.67968
0.74447
-0.27882
-0.60741
0.93048
0.01414
0.51458
0.66219
-0.51625
0.67972
0.01829
0.73809
-0.65683
-0.49065
0.23133
0.72782
-0.94482
-0.06694
0.72271
-0.96726
0.1393
0.03578
0.61414
-0.78
-0.91987
-0.59993
-0.87534
0.1463
-0.40121
0.33024
0.13649
0.73254
-0.73647
0.75816
-0.81074
-0.29881
0.96779
-0.9955
-0.53787
0.62217
0.78651
-0.05675
-0.66659
-0.10054
-0.77373
-0.17209
0.35952
0.59002
0.39898
0.34776
0.6904
0.22588
0.93203
-0.60376
0.44045
0.65357
-0.89242
-0.92727
0.93763
-0.85352
-0.51544
0.27201
-0.08403
-0.65856
-0.56535
-0.53456
0.80654
-0.62552
-0.8676
-0.93512
0.14411
-0.45527
-0.56254
-0.46529
0.66906
0.17967
-0.19517
-0.03425
-0.40312
-0.50453
0.12835
-0.365
0.88859
0.09103
0.73043
-0.41146
0.96021
0.53276
0.48984
-0.50231
0.96947
0.2228
-0.35374
0.09026
0.78598
-0.59086
-0.93389
0.55849
-0.64648
0.39843
0.94182
-0.17294
-0.62429
-0.14164
0.79563
-0.92144
-0.20516
-0.58389
0.05401
0.7271
-0.58089
-0.20382
-0.45462
0.5958
-0.94336
-0.19862
0.25311
-0.57582
-0.48114
-0.21194
0.29453
-0.68333
0.68241
0.5396
0.5719
0.03829
-0.37951
-0.64826
-0.02575
-0.45791
0.83228
-0.7207
0.71926
-0.15604
-0.61801
-0.59537
-0.44267
-0.19198
-0.16799
-0.45459
0.5048
0.68693
-0.46442
0.17805
0.88242
-0.51791
-0.02226
-0.9847
-0.86154
-0.30436
-0.74667
0.35137
-0.50336
0.31003
0.46908
0.02174
-0.52856
-0.0771
0.70274
-0.69563
-0.09398
-0.97775
0.25557
-0.64003
-0.73373
0.90431
0.83057
0.77186
0.83834
0.91997
-0.26291
-0.10933
0.36718
0.19673
0.50166
0.90967
0.84551
-0.08485
-0.66084
0.97681
-0.05703
0.01189
0.89413
-0.04799
-0.74009
0.16942
-0.21629
-0.22724
0.89051
-0.97344
-0.82309
0.41208
-0.07023
0.39688
0.86789
0.37217
-0.63426
-0.32828
-0.17695
-0.8459
0.83732
-0.67057
0.98868
0.75794
0.31437
-0.20006
-0.09629
0.34699
-0.40725
0.30223
0.8817
-0.52064
0.25648
0.64116
-0.21354
0.01529
0.92887
0.97697
0.69625
0.65361
0.70294
0.78734
-0.31362
0.91764
-0.41339
-0.40761
0.18116
-0.99367
0.69898
-0.76631
-0.09879
0.63623
-0.9
0.61805
0.54855
0.62339
-0.4473
-0.18466
0.35369
0.47343
-0.31096
-0.07673
-0.01549
-0.92605
-0.32799
-0.23954
-0.40993
-0.02847
0.66455
0.44589
-0.2081
0.97101
0.43667
-0.791
0.26766
0.89464
-0.88199
-0.51154
0.96024
-0.88819
-0.79865
-0.38378
0.57995
-0.21443
-0.46396
-0.08058
-0.47254
-0.62914
0.79021
0.23992
0.05503
-0.08364
-0.76694
-0.84344
-0.34775
-0.13622
0.52524
0.48675
-0.5963
0.36613
0.03638
-0.96061
-0.37694
-0.71517
0.16705
-0.32561
0.6634
-0.58191
-0.36351
0.40498
-0.881
-0.83727
0.94868
-0.16783
-0.92688
0.39141
-0.48665
-0.42216
-0.51036
0.07275
-0.7116
0.58263
0.26559
0.63918
0.22763
-0.77778
-0.68442
-0.46625
0.56891
0.17042
0.44512
0.9676
0.67166
0.93867
0.70136
0.07744
0.50901
0.15122
-0.17775
0.10062
-0.04177
-0.72589
-0.46754
-0.17766
-0.64835
-0.57105
0.93429
-0.39853
0.15616
0.98383
0.43817
0.79325
-0.19078
-0.11708
0.41264
0.64838
-0.67646
-0.19762
0.83019
-0.11223
-0.83062
0.87675
-0.42384
-0.56957
0.41178
-0.91775
-0.35067
0.65906
-0.56729
-0.60416
0.28988
0.87698
-0.99492
0.46227
-0.27434
-0.75317
0.68992
0.78262
-0.23325
0.6248
0.90407
-0.21358
0.50633
-0.38053
0.1177
0.08187
-0.53072
-0.11952
-0.57136
-0.33798
-0.89658
0.30167
0.9813
-0.27781
-0.46545
-0.17397
-0.42347
0.48136
-0.72431
0.71307
0.39727
-0.56237
-0.147
-0.57915
0.48984
-0.20103
0.96178
-0.34809
-0.26252
0.68011
-0.71425
0.31808
-0.07714
0.10394
-0.8939
-0.72695
-0.67697
0.26729
0.71802
0.81425
0.16209
-0.70127
-0.28517
-0.48577
-0.64801
0.83777
0.6182
0.98032
-0.01947
-0.36312
0.81492
0.24459
0.2496
0.02043
-0.9961
-0.70579
0.73692
-0.54588
-0.19239
0.80643
0.20556
-0.6984
-0.64562
-0.71005
-0.9858
0.88234
0.88124
-0.88656
-0.85702
-0.33806
0.07665
-0.05628
-0.36493
-0.58318
0.96362
-0.80851
-0.55391
0.1592
0.98167
-0.46117
-0.46819
0.0099
0.99686
-0.73775
-0.34153
0.01636
-0.56726
0.0769
-0.19438
-0.79068
-0.66034
0.08218
-0.32941
0.56556
-0.42496
-0.37418
0.81695
0.21802
-0.77984
-0.64441
-0.58691
-0.92892
0.75311
-0.0628
-0.70427
-0.99673
-0.9645
-0.55499
-0.88198
0.95004
0.79385
-0.51987
0.66534
-0.15227
-0.38922
-0.69567
-0.14995
-0.59049
0.19559
0.77478
0.05482
0.61535
-0.47853
-0.71431
-0.65616
0.35196
0.90655
-0.60603
0.91994
-0.6916
-0.31238
0.38511
-0.4721
0.09249
0.29338
0.12305
0.6311
-0.39283
0.2843
-0.05567
0.24729
0.76308
0.61952
-0.07066
0.97742
0.44039
-0.34528
-0.8602
0.98141
0.55354
0.39388
-0.69491
-0.7256
0.80453
0.54957
0.87906
0.12593
0.29004
0.45069
0.8895
0.77612
0.04047
-0.3017
0.78027
-0.0155
0.4812
0.55202
0.42655
0.60516
0.14865
-0.25155
0.77428
0.16989
-0.86981
-0.88671
-0.98219
0.21062
0.90398
0.08779
-0.06161
0.26487
0.50853
-0.36578
-0.10556
0.46472
0.95488
-0.0767
-0.69734
-0.35687
0.98502
0.4353
0.19302
-0.78018
-0.88334
-0.96605
0.43522
-0.97457
-0.06259
0.34934
0.74299
-0.45388
-0.92105
0.27141
-0.46142
0.2322
0.89849
0.93325
-0.82311
-0.32138
0.20831
-0.9647
-0.34583
-0.1011
-0.43773
0.48367
0.79477
0.91305
0.99208
-0.57575
0.53924
0.40716
-0.01499
-0.40784
0.22575
0.96686
0.60215
0.44818
-0.17556
0.69407
0.81609
-0.63116
0.76846
-0.07068
-0.06611
0.96816
0.13328
-0.96496
-0.19747
0.9733
0.193
0.18057
-0.24856
-0.97522
0.48698
0.84227
-0.48167
-0.43216
0.92191
-0.23168
0.34941
0.17226
-0.1056
0.24724
0.21774
-0.14346
0.43219
-0.09223
0.90527
-0.46249
-0.6907
-0.05451
-0.84729
0.62968
0.51389
-0.78802
-0.59356
-0.6414
0.66869
-0.44513
0.88051
0.31113
-0.51834
-0.67352
-0.09923
-0.31794
0.3585
0.70974
0.07007
0.22817
0.52747
0.69871
0.04631
0.79918
0.75133
0.34207
-0.90887
0.04851
-0.47301
0.82564
-0.09776
-0.31846
-0.94827
0.80848
0.8664
0.15015
-0.17342
0.08236
-0.05691
0.59663
-0.12978
-0.86513
-0.16693
-0.57998
-0.85574
0.55666
0.17251
-0.21418
-0.95451
0.49161
0.19784
0.43401
0.40783
-0.51612
-0.93701
-0.73659
-0.21105
0.39635
-0.11797
0.03023
-0.28553
-0.77157
-0.19671
-0.19169
0.34402
0.00124
-0.81344
0.27294
0.65713
0.76873
0.39784
-0.24236
0.75954
-0.32065
-0.17747
-0.68044
0.97514
0.35395
0.46497
0.16884
-0.81573
-0.89243
0.12553
-0.27267
-0.85922
0.2553
-0.27686
0.59746
0.83619
0.03983
-0.54151
0.89564
0.9985
-0.47857
-0.49978
-0.43538
0.36127
-0.2052
0.20218
0.56265
-0.57577
-0.1737
0.27391
-0.92872
-0.36022
-0.22825
-0.43912
-0.36252
0.48888
-0.58238
0.03143
-0.97989
-0.12234
-0.03416
0.8685
-0.0831
-0.17577
-0.78415
-0.93306
-0.33407
-0.43835
-0.92939
0.38243
-0.88522
0.68504
-0.89352
-0.04282
-0.38337
-0.19079
0.23606
-0.20869
0.79225
-0.04488
0.42568
0.47337
0.60571
0.83316
0.03283
0.8356
-0.21165
0.1563
-0.12526
-0.27027
0.62773
-0.46448
-0.8514
-0.40582
0.91241
0.34497
0.16872
-0.4422
0.82681
-0.10298
0.99449
0.20091
-0.14148
0.59171
0.52219
-0.25664
-0.20222
-0.5992
-0.60704
0.08272
-0.9706
0.77611
0.99961
0.46885
-0.31518
-0.76597
-0.6278
-0.79703
0.74868
-0.05627
-0.26377
0.29282
0.3264
0.6232
-0.99823
0.75223
-0.24298
0.1511
0.16324
-0.6411
0.47707
-0.62285
-0.12674
-0.16826
0.15384
-0.45632
0.51306
-0.0885
0.924
-0.67054
0.41169
0.14764
-0.33797
0.60416
-0.09806
0.18169
-0.63177
-0.09195
-0.60086
0.69756
-0.51064
-0.7909
0.53156
0.06748
0.1262
-0.76598
0.10953
0.73696
0.87257
0.34701
-0.10115
0.92156
0.38699
-0.88226
0.406
0.51239
0.12918
0.94729
0.41225
-0.31576
0.91607
0.06279
-0.11716
0.77989
-0.50121
-0.75589
-0.29244
0.43798
-0.63979
-0.2821
0.90697
-0.32324
-0.2859
-0.64606
-0.23888
-0.75356
0.14142
-0.67116
0.92454
-0.64649
-0.15132
-0.10837
-0.8409
-0.87223
0.87147
-0.79327
-0.04798
-0.06746
-0.85437
-0.21066
-0.67508
-0.79288
0.34219
0.73939
-0.4015
-0.8544
-0.25601
0.77061
0.36854
-0.35935
-0.11819
-0.32065
0.02449
0.22249
0.26161
-0.33501
-0.53415
-0.56727
-0.64285
0.66803
0.5528
0.50247
-0.42905
-0.0961
-0.92902
-0.76623
0.4793
0.56196
-0.51656
-0.60048
0.7257
0.56888
0.18946
0.0433
-0.47138
-0.01422
-0.00404
0.69088
-0.61278
-0.6603
-0.25818
-0.51788
-0.22591
0.42131
0.35066
0.10298
0.56977
0.02199
0.54818
0.29934
0.78271
-0.78747
0.57765
-0.45423
0.03039
-0.27082
-0.19521
0.23754
0.25877
0.25186
-0.81657
0.03002
0.9752
-0.38968
-0.8323
-0.60926
-0.11058
0.04798
0.99937
0.67759
-0.96679
-0.43648
0.15209
0.35392
0.6903
-0.12902
-0.36634
0.47138
0.46246
0.48027
-0.61413
-0.93072
0.97022
0.08469
-0.11817
0.59053
0.14881
0.80054
0.60774
-0.03237
0.85318
-0.15958
0.1199
-0.01543
0.17586
0.21243
0.56414
-0.83037
0.18545
0.34174
0.63885
-0.84957
-0.62445
-0.53621
-0.21764
-0.86895
0.10173
-0.26467
0.41293
0.18695
0.32669
0.11385
-0.65351
-0.16884
-0.56669
-0.87797
0.95657
0.85969
-0.54991
-0.48523
-0.45255
-0.1612
0.43603
-0.40695
0.52977
-0.17939
0.02592
-0.47747
-0.12563
0.94024
-0.74664
-0.26551
0.96715
-0.08971
0.39803
0.33936
0.37713
0.21276
0.73225
0.58484
-0.71144
-0.91351
-0.70697
-0.53174
0.81908
-0.26409
-0.70462
-0.40174
-0.40212
0.51251
0.69124
0.52278
-0.6197
-0.98402
-0.57655
0.56867
0.55104
-0.99919
0.36113
0.24058
0.07218
-0.63763
0.57326
-0.39903
0.35527
0.40738
0.5191
-0.01776
-0.70127
0.57538
-0.90964
0.44447
-0.24591
-0.20139
0.87618
0.41091
0.61115
-0.95225
0.20653
0.75452
0.02942
-0.10612
0.66773
-0.00284
-0.78479
0.97703
0.70455
0.29914
-0.65995
-0.1851
0.54441
-0.71238
-0.53793
-0.07398
-0.82462
0.50938
-0.41118
-0.24778
-0.84231
0.02204
0.96184
0.94045
-0.8076
0.58496
0.10227
-0.48843
-0.08931
-0.65185
0.76634
0.57072
0.77643
0.01072
0.15301
0.52026
-0.98444
0.77227
0.36008
0.67163
0.9595
-0.70731
0.67194
-0.34256
0.58873
0.83146
0.73351
0.39809
0.7851
0.75196
0.03534
0.66184
0.38594
-0.15045
0.119
-0.65904
-0.68692
0.65389
-0.92851
-0.19416
-0.60602
0.80108
0.55499
0.7432
-0.39815
-0.83637
-0.11813
-0.66167
-0.01749
0.86673
-0.47145
-0.32552
-0.31513
0.34719
-0.82861
-0.40468
-0.19063
0.77748
-0.39134
-0.08238
-0.49906
0.90263
-0.42612
0.02162
0.47461
0.26279
-0.82378
0.92271
0.624
-0.4916
-0.79331
-0.42364
-0.85908
-0.31453
0.62538
0.65848
0.3764
0.08706
0.40155
-0.6781
-0.5182
0.1513
0.49339
0.22215
-0.81962
0.77502
0.94281
0.51847
-0.32082
0.39193
0.25672
0.98805
0.24289
0.66488
-0.00412
-0.06235
0.31731
0.95546
0.19697
0.57777
-0.19424
0.28172
-0.712
0.2412
0.43532
0.93777
-0.72237
-0.18163
0.59072
-0.16332
0.29231
-0.43328
-0.25781
-0.78076
0.36295
0.85637
0.21722
0.71993
-0.15596
-0.53272
-0.3728
0.69613
0.47477
0.45556
0.1318
-0.52629
0.52248
-0.37147
0.10182
-0.59945
-0.83772
-0.31785
0.78338
0.41173
0.3847
-0.66809
-0.44204
0.86615
0.54471
0.72188
0.07334
-0.33156
0.23651
-0.856
-0.9062
0.1484
0.5772
-0.2967
0.82307
-0.31282
-0.30147
-0.6383
0.73244
-0.31169
-0.33896
-0.66651
-0.81231
-0.99299
0.00814
-0.33326
-0.64992
-0.43697
-0.60663
-0.91291
0.85644
-0.82696
0.48245
-0.87772
-0.73892
-0.41452
0.99772
-0.685
-0.2403
-0.24762
0.43022
0.77802
-0.61236
0.7827
-0.22933
0.07587
-0.24353
0.19148
-0.31332
0.22778
-0.70333
-0.97817
0.45319
-0.32114
-0.43687
-0.90295
-0.75276
-0.14442
-0.4264
-0.8389
-0.43281
0.04466
-0.5627
0.24733
0.65774
-0.25012
-0.0653
-0.60238
-0.972
0.18729
0.9818
0.29468
-0.76267
-0.91757
0.50801
-0.51797
0.11497
0.28536
-0.11158
0.94841
0.53653
-0.0196
-0.41514
0.30877
0.3644
-0.06929
0.40109
0.7594
0.74585
0.37878
0.69607
0.10816
-0.34633
-0.98003
0.60865
-0.45458
0.47822
-0.71236
0.25253
0.93882
0.20449
-0.30113
0.11398
-0.59515
0.57875
-0.29241
-0.0035
0.30254
-0.57535
-0.01487
0.57241
-0.17308
-0.94037
0.72453
0.62694
0.95805
0.43189
-0.78174
0.57423
0.54499
-0.68341
-0.80853
0.91404
-0.93937
0.2153
-0.96949
-0.05817
-0.80447
0.56389
-0.59366
-0.29951
0.66112
0.63003
0.7235
0.13231
0.52501
-0.13965
-0.09211
-0.67614
0.68414
-0.3339
-0.64085
0.7416
-0.89174
-0.78982
0.05934
0.42541
0.17171
-0.81109
-0.08798
0.62111
-0.0123
0.03112
-0.27818
-0.84341
-0.00201
-0.51497
0.64895
-0.91086
-0.24329
0.45118
0.53387
0.09526
0.74211
0.22257
-0.52645
-0.81424
0.13793
0.31286
0.8149
0.95583
0.63195
0.24063
-0.3968
-0.93198
0.82914
0.08095
0.28497
-0.92095
0.0799
0.93406
0.25541
0.42504
0.64064
-0.49847
0.89457
-0.07211
0.8047
0.1915
0.47496
0.80673
-0.56919
0.97995
-0.46045
0.40057
0.81459
0.75292
-0.10172
0.75572
-0.20704
0.61543
0.24708
-0.3549
-0.40592
0.20821
-0.25201
0.42075
-0.67761
0.42477
0.31823
0.6909
-0.9931
-0.98164
-0.05102
-0.86937
-0.20676
-0.28056
-0.75992
-0.39089
-0.34658
-0.96078
-0.99957
0.09947
0.92413
0.789
0.20981
0.76819
0.81744
0.48239
0.15087
-0.73042
-0.18212
0.47368
0.88552
-0.99242
0.09497
-0.41233
-0.27511
-0.88571
-0.3286
0.80735
-0.40399
0.85713
0.61777
0.25914
0.9543
-0.24575
0.01665
0.95903
-0.59629
-0.97884
-0.16887
0.43675
0.32021
0.85722
0.9365
-0.15319
-0.92043
0.71044
0.49321
0.57182
-0.74799
0.97122
0.73504
0.1708
-0.39478
-0.59492
-0.0511
-0.86088
-0.46066
-0.39287
-0.34795
-0.23673
0.49951
-0.59072
0.37723
-0.74082
0.56311
0.91964
-0.74174
0.77728
-0.21653
-0.23736
0.70846
0.01638
-0.64062
0.42533
0.25258
0.54156
-0.32552
-0.76197
0.43383
-0.19887
0.10941
0.28161
-0.60834
-0.13925
0.23455
0.35996
-0.80181
-0.43961
-0.07274
-0.79923
-0.83141
0.23854
0.72371
0.96658
0.87696
-0.65488
0.1929
0.57969
-0.06974
0.15676
-0.93253
-0.65082
-0.5117
0.8084
0.65616
-0.99427
-0.55628
-0.83055
0.95265
-0.53103
0.16874
-0.79035
0.1881
-0.55896
-0.04879
-0.40304
-0.16719
0.52101
0.50848
-0.67939
-0.40364
0.99133
-0.33721
0.25117
-0.28192
0.15165
-0.64133
0.72613
-0.68193
-0.18886
0.81966
0.84873
-0.65563
0.57768
0.88188
-0.72197
-0.19674
0.58225
0.98186
0.81714
0.46615
-0.55278
0.54712
-0.65121
0.81001
0.5908
0.02829
-0.99272
-0.94441
0.5833
-0.44136
-0.61777
0.79065
0.02663
0.68096
0.42693
0.30756
-0.03749
0.47155
0.98123
-0.99128
0.24186
0.62882
-0.31887
-0.38813
0.44863
0.62806
0.90463
-0.635
-0.98107
0.91898
0.26456
-0.34267
0.05317
0.30401
0.48355
-0.64567
-0.32388
0.71027
-0.492
-0.18088
0.1315
0.79632
-0.33838
0.08406
-0.87984
-0.69743
-0.00584
0.97487
0.82068
0.59212
-0.78241
-0.68508
0.16537
0.0846
0.70003
0.33171
0.64385
0.86997
0.49928
0.80499
-0.49439
0.94639
0.52613
-0.14465
-0.51329
-0.22648
0.41857
0.58714
0.00408
-0.62667
0.82504
0.93681
-0.48591
-0.1297
-0.61662
-0.70861
-0.98648
0.88113
0.1562
0.27567
-0.15649
0.58061
-0.77771
0.15818
-0.30972
-0.14456
0.33946
0.49037
0.61332
0.58058
-0.06571
0.42817
-0.50858
0.9136
-0.94909
0.82936
-0.62665
-0.58117
-0.24524
0.44566
-0.84228
0.79102
-0.06271
0.66712
-0.24462
0.71383
0.21636
0.59287
0.54436
0.89014
0.53613
0.21679
-0.11398
0.94202
0.80672
-0.57559
-0.70641
-0.1484
-0.05358
0.8073
0.56102
-0.70133
0.71466
0.68407
-0.96532
-0.07611
-0.46047
0.31886
0.04267
0.55559
0.65026
0.36465
0.27661
0.97395
-0.58034
0.5283
-0.01634
0.17272
0.71911
-0.44109
-0.26237
0.1558
0.18844
0.70874
0.9362
0.83853
-0.54917
0.52193
-0.20404
0.91218
0.0896
0.82589
0.97613
-0.13175
-0.83467
-0.96083
-0.78382
0.72514
0.44561
0.14272
-0.37709
0.58047
0.11339
-0.95085
0.13945
0.18226
0.36847
0.2849
-0.92183
0.43469
-0.68959
0.12945
0.68561
0.73352
-0.97984
0.20586
-0.05199
-0.63503
0.53109
-0.08603
0.38009
0.86798
0.12714
-0.1829
0.3465
-0.07951
-0.05192
0.72036
0.77067
0.13275
0.50277
-0.11835
-0.03209
0.26064
-0.98706
0.68075
0.12135
0.90047
-0.13705
0.0561
0.76229
0.80265
0.05117
0.19367
-0.53156
0.85535
-0.92967
-0.57696
-0.68091
0.79346
0.13537
0.57433
0.78592
-0.41494
0.57569
0.14912
-0.72677
0.08798
0.44119
0.69081
0.55871
0.16684
-0.22663
0.25411
-0.60687
0.8006
0.96378
-0.04831
0.32578
0.2088
0.5087
-0.93543
0.52219
0.44448
-0.3869
-0.38137
0.48745
0.62653
-0.63768
0.40114
-0.91377
0.89382
-0.81045
-0.70654
-0.76608
0.43573
-0.56345
0.34956
0.10481
-0.595
-0.6081
-0.44078
-0.22367
-0.76658
-0.98995
0.84626
0.27686
0.26478
-0.95374
0.20674
-0.99969
0.10605
0.5677
0.4918
-0.05578
-0.42787
0.53364
0.34631
-0.56554
-0.36191
0.93256
-0.6167
-0.2789
0.41859
0.86893
0.93357
0.28645
0.27646
-0.47143
-0.19952
-0.37962
0.58735
-0.12985
0.23805
0.84651
-0.10475
-0.77363
0.47198
-0.37644
-0.12492
-0.72368
0.37859
-0.51212
0.51757
-0.91594
-0.76872
-0.05983
0.37012
-0.09586
-0.27147
0.87568
-0.53353
0.65392
0.88573
-0.38439
0.61322
-0.34004
-0.87882
-0.34811
0.49623
0.51715
0.01999
-0.19706
0.83545
-0.09833
-0.37654
-0.29152
0.33811
0.39758
-0.92235
0.80431
-0.35305
0.53342
0.63756
0.458
0.30779
-0.95668
0.7175
0.96665
0.71801
-0.08355
0.56862
-0.27707
-0.36514
-0.84399
-0.12322
-0.71874
0.19726
0.32308
-0.79622
0.97858
-0.36245
-0.64786
-0.05736
-0.29894
-0.49833
0.77056
-0.19761
-0.30283
0.96984
0.21082
0.7518
0.75899
0.27041
0.91931
-0.42675
-0.0585
-0.42823
-0.99223
0.1981
0.67167
0.10883
0.71019
0.15297
0.88334
-0.61651
0.1656
-0.0906
-0.2867
-0.98715
0.12353
-0.25623
-0.90894
-0.71693
-0.92108
0.192
0.64617
-0.17484
0.37623
0.01115
-0.60526
-0.65201
0.42463
-0.91345
-0.46752
-0.85634
0.55508
-0.42489
-0.59995
-0.08149
-0.08526
0.3348
-0.33543
0.37653
-0.11134
-0.55134
0.76397
0.49455
-0.72143
-0.3744
0.34799
-0.15004
0.70985
-0.16686
0.76162
-0.65777
0.69581
0.84143
0.92234
-0.49789
0.55743
0.85548
0.30207
-0.46967
-0.66352
-0.01925
0.52861
-0.19352
-0.52825
-0.39976
0.66961
0.75108
0.82633
0.84051
-0.95504
0.50139
-0.04844
-0.43788
-0.90245
-0.92867
-0.2113
-0.93745
-0.58908
0.54279
0.36574
0.44359
0.69514
-0.55667
0.82546
-0.12069
-0.23106
0.9397
-0.83196
-0.49645
0.29991
-0.45866
0.46977
0.74154
0.11317
-0.39298
0.26859
-0.24433
-0.42393
0.58724
0.68336
0.87825
0.63102
0.16605
-0.26527
0.6614
0.33112
-0.08464
0.49658
0.11609
0.91445
-0.47695
0.93134
-0.33681
0.89498
-0.8119
0.51005
0.09534
-0.95407
-0.35912
-0.96737
-0.18974
0.67901
0.46749
0.89874
-0.12071
0.55867
-0.46124
0.13216
-0.83476
0.61278
-0.94526
-0.49999
0.73872
-0.36257
-0.18158
-0.90983
0.08987
-0.04358
-0.12742
-0.57043
-0.55278
0.62257
-0.1248
0.38793
0.71306
-0.9415
0.48258
0.54664
0.25585
-0.83077
0.46545
0.42907
-0.8348
-0.14261
-0.81933
-0.06811
-0.06899
-0.04752
0.40724
0.10775
0.34083
-0.77759
0.97814
-0.86952
0.75614
0.38338
-0.92996
-0.55968
0.82282
-0.44705
-0.96754
0.84971
0.23115
-0.13009
-0.68737
0.77329
0.72466
0.58561
-0.74418
-0.11978
-0.46864
0.6625
-0.56504
-0.68726
-0.03369
0.40163
0.36683
-0.74427
0.01367
-0.78515
-0.02322
-0.96974
-0.53593
-0.45974
-0.85101
-0.47012
0.62175
-0.2363
-0.53254
-0.23922
-0.8553
0.83317
0.41686
0.58617
-0.0958
0.14819
0.52372
0.52558
0.15284
-0.63187
0.65884
-0.84548
0.48221
0.05631
-0.24567
0.10125
-0.87142
-0.75629
0.03518
0.74378
0.3736
0.8895
0.50608
-0.96597
0.62963
-0.75169
0.04679
0.29736
0.85703
0.94723
-0.36573
0.20746
0.22785
-0.87992
0.83769
0.32284
-0.5357
0.13027
-0.80777
0.30767
0.24981
-0.16929
-0.05319
0.46212
0.20904
-0.68626
-0.74933
-0.34037
-0.70293
-0.6055
-0.66885
-0.49909
-0.70454
0.26576
-0.42856
0.62283
0.55915
-0.98766
-0.54618
-0.29653
0.95819
0.21716
0.41881
-0.36856
-0.44563
0.45444
-0.05095
-0.09464
-0.86348
0.84493
-0.86307
-0.54692
0.2069
-0.37508
0.6425
-0.07748
-0.51925
-0.65972
0.50079
0.73898
0.21175
0.57771
0.95836
-0.10714
0.66094
0.01906
-0.15165
0.8755
-0.82903
-0.55805
-0.36593
0.15468
0.66586
0.65653
0.56296
0.96427
-0.12172
-0.99843
-0.91099
-0.21199
0.77079
-0.03428
-0.58087
-0.95967
-0.76486
0.92955
-0.69758
-0.88843
0.55062
0.43629
-0.30408
-0.69066
-0.7829
0.17139
-0.69581
-0.19769
0.07116
-0.49336
-0.66024
-0.25213
-0.67019
0.12762
0.49099
0.94534
-0.33981
0.88414
-0.50481
0.06987
-0.8528
-0.5148
-0.5656
0.75715
-0.19661
-0.61833
0.35068
-0.35446
0.24119
-0.3775
0.57416
-0.21677
0.64653
-0.11935
-0.46698
-0.52456
-0.7365
-0.7983
0.859
0.25591
0.86505
0.89695
0.21913
0.07679
-0.88859
0.22765
-0.52542
0.61115
0.93733
0.02652
0.8397
-0.69077
0.62669
-0.65491
-0.80579
0.73435
0.43174
-0.83592
-0.37917
0.97137
0.92304
0.83104
0.23746
0.43364
0.33353
-0.14225
-0.18433
0.64865
0.63778
-0.34787
-0.75067
-0.66585
0.18013
-0.95802
-0.44092
-0.14138
-0.50562
-0.99598
0.15123
-0.23918
0.64382
-0.44856
-0.23209
-0.93192
-0.7887
-0.13904
0.73097
-0.54339
0.18244
0.86161
0.56362
0.34295
-0.93526
0.75753
-0.15058
-0.35607
0.95559
-0.88387
0.95279
0.7438
-0.48281
-0.99837
0.39342
-0.51011
0.23511
0.98574
-0.335
-0.90522
0.7686
-0.33452
0.79056
-0.77215
-0.66709
0.61701
0.95679
0.39715
-0.2884
-0.02361
-0.49528
0.86549
0.52396
0.57677
-0.00346
0.23635
0.2398
0.23926
0.39642
0.07484
-0.14862
0.98654
0.13316
0.6625
0.61387
-0.36781
0.12713
0.91135
0.18436
0.87503
-0.697
-0.1195
0.40546
0.72285
0.8787
0.86771
-0.29669
-0.55267
-0.16732
0.1832
-0.99916
0.86383
0.18212
-0.0538
-0.87259
0.44307
0.78928
-0.87952
-0.29712
0.09929
0.73791
0.48281
-0.48141
0.85133
-0.81072
0.85232
0.39732
-0.54671
0.25211
-0.92134
0.10724
-0.19529
-0.83563
-0.49259
0.81283
-0.97201
-0.55746
0.72904
0.00469
0.65749
-0.02998
-0.04228
-0.65825
-0.65443
-0.12065
0.82018
0.51186
-0.63048
0.08073
0.2408
-0.94596
-0.50836
0.81379
0.21057
0.98
-0.42285
0.94144
0.49845
-0.65892
0.95833
-0.38108
0.16777
0.21183
-0.60226
0.88164
-0.00288
-0.72524
0.20623
0.57648
0.16091
0.05946
0.547
-0.53094
0.33143
0.05006
0.59027
0.25181
-0.89385
-0.11405
0.4356
0.67472
-0.49145
-0.53186
-0.46929
-0.45669
0.433
-0.005
0.3572
-0.99004
0.94
0.63739
0.28373
-0.65006
-0.81829
-0.71028
0.30805
0.88101
0.32229
-0.34261
0.96784
0.07946
-0.56482
0.61356
0.99417
-0.97781
-0.42403
0.47972
0.57438
0.59338
-0.20266
-0.23637
-0.71931
-0.08747
0.65742
0.11839
-0.88665
0.09232
0.55787
-0.28945
-0.15518
0.39141
0.26336
0.7697
-0.29655
0.42584
-0.95639
-0.74957
-0.4622
-0.96759
0.39566
0.05635
0.56159
0.59181
-0.46367
-0.71266
-0.34358
-0.35982
0.75188
-0.89665
0.85289
-0.34956
-0.55423
0.11724
-0.45648
-0.0329
-0.34627
-0.43165
-0.22046
0.14205
0.92669
0.33484
0.33481
-0.44866
-0.04909
-0.40417
0.22514
-0.79456
0.00317
-0.29771
0.46214
-0.92145
0.12476
-0.90554
-0.40285
0.2136
0.68555
0.08606
-0.0688
0.58565
-0.92657
-0.45966
0.31464
-0.36204
-0.43846
-0.68941
-0.42394
-0.8107
0.9836
0.13365
-0.50645
-0.22752
0.14076
0.88005
0.6772
-0.3726
-0.7289
0.27284
-0.11752
0.92322
-0.20664
0.46725
0.90088
0.80348
0.29321
0.4333
0.47935
0.35268
0.10057
0.90417
-0.54905
-0.60535
-0.06927
0.61531
-0.53839
0.65691
-0.01072
0.59854
-0.83582
-0.15655
-0.27245
-0.48957
0.9374
0.87045
-0.60468
-0.74072
0.39329
0.95877
-0.21086
0.88374
0.40241
-0.4476
-0.32984
0.62357
0.12323
0.20588
-0.17227
0.31127
0.76047
-0.45557
-0.8373
0.37154
0.11537
-0.33717
-0.66592
0.61235
-0.28925
0.53749
-0.13894
0.1054
0.34396
-0.01575
-0.54443
0.12908
-0.59329
-0.3749
-0.45693
0.71165
0.26436
0.37022
0.84253
0.28422
-0.97227
-0.07257
-0.73215
-0.75444
0.44863
-0.71422
-0.63094
-0.10395
-0.30378
0.45359
-0.68511
-0.39409
-0.19519
0.3824
0.77464
0.00355
-0.13502
-0.15417
0.63619
-0.23968
0.80759
-0.12939
-0.39767
-0.88983
0.694
-0.0075
-0.26518
0.78332
-0.39887
-0.54008
0.73341
-0.92662
0.77306
-0.11412
0.26087
-0.49309
0.86895
0.11486
-0.67592
0.39538
-0.68167
-0.50758
-0.68257
-0.02453
0.758
0.94601
-0.72092
0.77076
0.14095
0.78617
-0.76401
-0.31832
-0.77445
0.46411
-0.29223
-0.54849
0.49498
-0.78914
0.95246
0.67613
0.15234
0.76653
0.79042
0.71798
-0.33877
0.531
0.57805
0.19318
-0.5735
-0.2555
0.34121
0.35989
-0.97208
-0.64278
0.37311
0.15937
0.45921
0.39418
-0.43582
0.17469
-0.71044
0.52347
0.89114
-0.07041
0.45224
0.55008
0.54595
0.21109
-0.60841
-0.98197
0.20643
-0.86702
0.97508
0.62254
0.10479
-0.29622
-0.13818
0.60297
-0.63206
0.15041
0.23246
0.47186
0.27005
-0.24478
0.74852
-0.47108
0.02921
0.86787
-0.17039
-0.14632
0.67836
-0.00536
-0.97879
0.0734
-0.3861
-0.1363
0.5997
0.3803
0.50041
-0.90947
-0.66542
0.71395
-0.06338
0.46006
-0.87142
-0.34658
-0.44312
-0.22402
0.02706
-0.4223
-0.71987
-0.37506
-0.71307
0.70057
0.23726
0.34342
0.48024
0.46897
0.01568
-0.26759
-0.84987
0.62007
-0.78878
-0.92962
0.20088
-0.42069
-0.1109
-0.10265
0.25958
-0.05981
-0.61561
-0.88722
0.66286
-0.58488
-0.22797
0.60714
-0.32249
0.25255
-0.23232
-0.23574
0.68772
-0.10122
0.4984
-0.0155
-0.86222
0.62627
-0.29725
0.54524
0.78924
-0.56942
0.74854
0.49267
0.8808
-0.39466
-0.83121
0.58471
0.32931
-0.02207
0.44032
-0.90493
0.98266
0.49197
-0.65096
0.00992
-0.4675
-0.61275
-0.13651
-0.65322
0.67496
-0.13152
-0.64567
0.70703
0.60892
-0.6527
0.38325
0.97959
-0.59059
-0.95535
-0.99857
0.67397
-0.9172
0.67957
0.73409
-0.85567
0.44869
-0.66842
-0.55415
-0.0363
0.34132
0.0334
0.72391
0.80555
-0.1358
0.19561
-0.11753
0.50038
0.36171
-0.96343
-0.55096
0.91086
-0.98455
-0.44743
-0.18598
-0.37745
-0.80854
-0.29011
0.30545
-0.24943
-0.21018
-0.74814
0.0695
-0.68897
-0.76134
-0.27747
-0.39832
-0.92262
0.63272
-0.16789
-0.77313
0.35006
-0.46843
0.71906
0.68635
-0.50868
-0.47389
-0.76377
0.31765
-0.89416
0.38067
-0.75416
-0.55257
-0.05152
0.93375
-0.5895
0.95719
0.11878
-0.07337
-0.01337
0.7317
0.0745
0.54497
-0.09127
-0.57004
0.4949
0.39756
0.38047
-0.09351
0.61892
0.8709
0.96806
-0.44498
0.20073
0.25812
0.85248
-0.06783
0.9311
-0.2829
0.59904
-0.03442
0.48476
0.35896
0.39072
-0.54948
0.83399
0.85886
0.25049
-0.51473
0.2048
0.24397
0.26589
-0.40729
-0.56132
0.4423
-0.8949
0.2726
0.76277
0.08073
0.94679
0.53533
-0.35977
-0.74165
0.8231
-0.55013
-0.81125
-0.05486
0.00156
-0.30399
0.31894
0.43557
0.77022
-0.7054
-0.28303
0.62182
0.83935
0.35729
-0.8626
-0.41385
-0.93888
0.21236
-0.20097
-0.11862
-0.29314
0.16279
-0.32376
0.16121
-0.23583
0.19727
-0.91744
0.56343
-0.85832
-0.79056
0.97389
0.79069
0.57307
-0.32688
0.74938
0.53929
-0.1329
0.29654
-0.66734
-0.39172
-0.80684
-0.60989
0.81444
0.18975
-0.55918
0.80809
0.99041
0.2166
0.67463
0.88362
-0.13094
0.33665
-0.33399
0.32014
0.14512
0.55991
-0.93988
0.78028
0.14093
-0.19996
-0.22776
-0.95228
-0.15444
0.56483
-0.83112
-0.0447
-0.52361
0.91534
-0.1248
0.37483
-0.45997
-0.48618
-0.14057
0.99259
-0.98029
0.49113
-0.29438
0.5589
0.8866
0.69268
0.66763
-0.73906
-0.86916
0.55649
-0.58613
0.96531
-0.84495
0.5034
-0.86041
0.48114
0.03015
0.97332
0.22195
-0.34964
0.98486
0.44246
-0.6366
-0.71391
0.17646
0.05943
-0.42591
-0.68747
0.31248
0.67889
-0.1838
-0.27182
-0.93052
0.0451
-0.96485
0.85332
-0.52728
-0.97896
-0.72084
0.32298
-0.9367
0.20047
0.28349
-0.57312
0.83946
-0.76738
0.46236
0.07079
0.4952
0.66577
0.6905
-0.35649
0.28704
-0.22508
-0.288
-0.46892
0.95998
-0.74392
-0.91873
-0.09705
0.67191
-0.54844
0.73577
0.03488
0.0683
-0.57082
-0.36535
0.34308
0.72475
0.50283
-0.22991
0.27074
0.44521
0.92898
-0.72358
-0.401
-0.41917
0.82861
-0.59903
0.21121
0.37084
-0.80181
-0.32547
0.31708
0.3334
0.53303
-0.75009
-0.27071
0.99597
-0.88041
0.91474
0.26685
-0.45511
0.48511
0.80072
0.32593
0.47589
0.49608
-0.38316
0.67576
0.24455
-0.12617
0.61352
0.1607
-0.43722
0.03001
0.00884
-0.86952
0.44741
-0.48869
0.20662
-0.46069
0.43947
-0.74547
-0.06694
-0.42339
-0.77159
0.14051
-0.2328
0.00643
-0.06686
0.22148
-0.76653
-0.57794
-0.71611
0.31165
-0.98578
-0.11223
0.78753
0.39884
-0.94581
-0.2857
0.83322
0.16193
0.47519
0.82207
-0.62774
0.43711
-0.2325
0.53575
-0.92804
0.09652
-0.80174
-0.09106
0.28608
0.87131
0.03688
0.67564
0.62278
-0.23132
0.7321
0.18514
0.05198
0.90266
-0.80951
-0.53955
0.79797
-0.89741
0.33966
-0.78621
0.09816
0.86622
-0.61516
0.70733
-0.77723
-0.66381
0.51064
0.3571
0.87958
-0.36386
-0.05016
-0.38441
-0.67526
0.64429
0.65924
0.82495
-0.52399
0.15425
0.02958
-0.10663
0.68119
0.33825
0.14709
0.49666
-0.42406
0.18595
0.57556
-0.38511
-0.8315
0.44559
-0.18037
0.93635
-0.13578
-0.33819
-0.41487
-0.26515
-0.27698
0.69435
0.14188
-0.167
0.19604
0.57756
-0.99315
-0.93344
0.10583
-0.28448
-0.47275
-0.74102
0.01895
-0.60222
0.61807
-0.15109
-0.63254
-0.92992
0.26774
-0.58324
0.68923
-0.60404
0.18279
0.26177
-0.49697
0.26487
0.81726
0.97143
-0.65714
-0.16861
-0.12787
-0.94206
0.47173
0.47692
-0.26397
0.78576
-0.59271
-0.88363
-0.06533
0.70993
0.21393
0.63218
0.57129
0.95131
-0.36712
0.08284
-0.1077
-0.50582
0.55444
0.17874
0.8552
-0.41196
-0.00329
-0.01817
-0.10256
0.61267
-0.17635
-0.5158
-0.1138
-0.69957
-0.30282
-0.21906
0.7077
-0.25232
-0.33683
0.30538
-0.17378
0.6956
0.13013
0.97158
0.62687
0.48738
-0.27403
-0.82445
0.18747
0.88137
-0.97094
-0.10665
0.29418
0.44181
-0.39355
0.5951
-0.33189
0.35705
0.91984
-0.3001
0.15424
-0.70708
0.10864
-0.18101
0.69487
0.6761
0.30458
0.87396
-0.62179
0.60886
-0.15959
0.28916
-0.1251
0.82751
-0.74587
0.54214
0.5253
0.17755
0.14502
-0.89086
-0.27891
-0.62384
0.93377
0.58351
-0.08025
0.65568
-0.21698
0.55646
0.07518
0.8486
-0.64126
0.78977
0.57863
-0.51072
0.3579
-0.06434
0.91816
-0.13784
-0.06523
-0.65066
0.73499
0.33208
0.55232
0.28912
0.13405
-0.42762
-0.44679
0.04138
0.90323
-0.10274
-0.7565
-0.1132
-0.02531
-0.83389
0.72645
-0.07673
0.34214
0.35629
0.75716
-0.25441
0.44836
-0.5472
0.32693
0.71659
-0.35561
0.51237
-0.9303
-0.93317
-0.77618
0.06783
-0.64529
0.48421
-0.56584
0.79987
0.65586
0.55874
0.7657
0.67112
-0.97429
0.68747
0.74542
-0.20657
0.5935
-0.7717
0.36209
0.33761
-0.23651
0.67191
0.49504
-0.1801
0.02057
0.90147
0.91234
-0.68878
0.52745
-0.83507
-0.63156
-0.68569
0.96374
0.30172
-0.32244
-0.61338
-0.75832
0.64295
-0.76946
0.22053
-0.55527
-0.5131
-0.02082
-0.383
-0.68722
-0.26175
0.58116
0.17856
-0.09867
0.4319
-0.41349
-0.66588
-0.43203
0.27804
-0.3892
0.89733
-0.65277
-0.20891
0.03657
0.30094
-0.75049
0.53574
0.85449
-0.02171
0.5602
-0.54034
-0.67901
-0.21991
0.06924
-0.27956
0.97285
-0.22875
-0.65459
0.72405
-0.0696
0.25012
0.4857
-0.96295
0.46182
-0.55236
0.51477
-0.01643
0.29793
0.66907
0.38684
0.96984
0.11199
0.28287
0.5314
-0.84247
-0.3725
0.41079
-0.73432
0.73772
0.37824
-0.22133
-0.1822
-0.56257
0.99751
0.51544
-0.76791
-0.36964
-0.46282
-0.06026
-0.76709
-0.86063
0.69787
-0.69368
-0.41513
0.39671
0.35809
0.01379
0.6886
-0.42754
0.42052
0.49797
0.9821
0.59713
-0.38389
0.11187
0.15303
0.75307
0.42157
0.3482
0.40212
-0.71111
0.11048
0.61543
0.96416
-0.50834
-0.57954
0.60188
0.02105
0.77131
0.44457
0.29952
-0.05967
0.68529
0.4085
-0.87186
0.16082
-0.43767
0.40454
-0.63164
-0.53034
0.62945
0.95231
0.16104
-0.50935
-0.17424
-0.42486
-0.98626
0.60689
0.15283
0.10385
0.07532
0.38944
0.79549
-0.03186
0.29353
-0.78134
-0.21157
0.97536
-0.20354
0.20701
0.54947
-0.64265
0.83376
0.38996
0.61887
-0.37647
-0.35822
-0.66039
-0.32769
0.33257
0.73444
0.78766
0.63838
-0.71402
-0.39786
0.00327
-0.33026
-0.20526
0.92106
0.70648
0.81001
0.08024
0.41664
-0.96852
0.1242
-0.50976
-0.60748
-0.98911
-0.94937
0.0575
0.34285
-0.17299
-0.32813
0.83691
-0.46433
-0.69852
-0.07292
0.34393
0.60053
-0.21713
0.0844
-0.54873
-0.27449
0.88707
0.64085
0.78796
-0.01138
-0.11699
0.82619
-0.64885
-0.33915
-0.33982
0.23721
0.77653
-0.87538
-0.03803
0.70676
-0.97921
0.16257
0.92217
-0.06997
0.79133
-0.88528
0.12836
-0.03767
-0.60304
0.86229
0.97618
-0.59005
-0.78608
-0.03351
0.54992
0.71699
-0.26264
0.18678
0.28588
-0.94717
-0.12693
0.86006
-0.35821
-0.72107
-0.71813
-0.8039
0.87437
-0.34389
0.34877
0.33472
0.42305
-0.19343
0.82589
0.7425
-0.04978
0.6181
0.29507
0.23374
-0.15766
-0.70227
0.46198
0.27307
0.74802
0.33117
0.17888
-0.04491
-0.00307
-0.22554
0.93937
-0.59386
0.72244
0.92986
0.39339
0.06715
-0.42747
0.15317
-0.29349
0.23547
0.38223
0.01332
-0.5569
-0.31161
0.10616
-0.058
0.94905
0.50208
-0.10926
0.48443
0.11632
-0.32733
-0.17438
-0.28586
-0.86957
-0.92142
-0.43776
-0.71278
0.68764
-0.1467
-0.6551
-0.04868
-0.70238
0.37004
0.53541
-0.18851
-0.17122
-0.62419
0.56488
0.39886
0.02912
-0.90906
-0.8354
-0.8983
0.51054
-0.77526
0.22575
-0.59228
-0.11136
-0.59929
0.36531
0.3562
0.18949
0.11644
0.15152
-0.4818
0.08858
-0.71063
0.15713
-0.44832
0.38469
-0.19951
0.37311
0.57518
-0.6906
0.99811
-0.89318
0.29191
-0.96256
0.3426
-0.77055
-0.5078
0.71384
-0.11656
-0.73021
-0.49583
0.39114
0.27862
0.12517
0.44085
-0.58153
0.58204
-0.57528
0.55907
0.09001
-0.45149
0.03582
0.33734
-0.05962
0.44909
0.0468
0.2084
0.01522
0.94836
-0.03086
-0.46904
-0.83138
0.6183
-0.26852
-0.49659
-0.52333
0.11484
-0.19714
-0.01938
-0.82921
-0.05468
0.51812
0.65042
-0.58903
-0.07568
0.33025
0.2877
0.08735
0.53559
0.76534
-0.43404
-0.10462
0.25449
0.86013
0.82519
0.71236
0.84168
0.66913
-0.98521
-0.93816
-0.14308
-0.63737
-0.50552
-0.41048
-0.12426
0.05688
0.19407
0.57886
-0.28867
-0.80998
-0.38506
-0.81894
0.44766
-0.29222
-0.17169
0.65104
-0.81264
0.50595
-0.27653
-0.42926
-0.77497
-0.12357
0.18074
-0.26634
-0.21397
-0.06097
0.97296
-0.82483
-0.87239
-0.31544
-0.03589
0.56249
0.18739
0.1744
0.59442
0.8672
0.64414
-0.36099
0.81088
0.79861
0.1507
-0.36545
0.17266
0.13947
-0.23499
0.62528
0.94591
0.79672
-0.41485
-0.96223
-0.16757
0.54285
-0.87149
-0.81567
-0.44081
-0.12018
-0.45059
0.9398
0.73331
-0.14942
0.01522
0.86312
0.15952
-0.91057
-0.78773
0.55668
0.5859
0.98599
-0.81843
0.67356
0.65433
-0.18117
0.80095
-0.09159
0.21362
0.29321
0.08618
0.65459
0.16282
0.70102
0.64525
0.36951
0.47215
-0.37945
0.99414
0.73552
0.56863
0.81171
-0.47911
-0.724
-0.75611
-0.21266
-0.04245
0.16484
0.33086
-0.33005
0.06239
0.80333
0.71637
0.09591
-0.94856
-0.26268
-0.26837
0.10849
0.21476
0.85579
-0.65952
-0.18324
-0.9244
-0.04183
-0.45837
0.83243
0.21804
0.94073
-0.74848
-0.70158
0.38768
0.6824
-0.7259
0.47744
0.22919
0.06649
0.86233
0.58524
0.7188
0.57589
-0.51428
-0.86605
0.06882
0.99872
0.48455
-0.9727
0.48242
0.48647
-0.86763
-0.22696
0.62976
0.36734
0.31559
-0.62851
0.65195
-0.28561
-0.93004
0.97541
0.72107
-0.78861
-0.09193
0.48155
-0.09029
-0.57504
0.38916
0.07959
0.28158
-0.09324
-0.86405
-0.40077
0.62716
0.71505
0.27095
0.79613
0.44844
-0.60024
0.58408
-0.92062
0.44149
-0.24298
-0.91812
-0.69121
0.6738
-0.97789
-0.43921
-0.65063
0.9726
0.96333
-0.88693
0.11635
0.25551
0.26113
0.10091
-0.03612
0.17858
0.66726
-0.6687
-0.97621
-0.15722
-0.92448
0.16582
-0.41554
0.30982
0.27674
0.39011
0.32802
0.78984
-0.12428
-0.98818
-0.59408
-0.51848
-0.47941
0.47575
-0.83491
0.69669
0.56458
0.58527
0.48594
-0.21415
0.53924
-0.55982
0.75687
-0.88522
-0.48771
-0.66006
-0.65359
0.8841
0.27946
-0.53598
0.68134
-0.76055
0.91644
-0.60417
0.00865
-0.03555
0.75391
0.39292
-0.16815
0.58019
-0.69814
0.05627
0.6522
0.03698
-0.31602
0.07883
0.52023
0.15522
0.10779
-0.142
-0.64255
0.1
-0.05548
0.19013
-0.92147
0.42871
-0.82285
0.36279
-0.36973
-0.36183
0.16918
0.65362
0.09745
0.62536
-0.01059
0.02684
-0.38934
0.97804
-0.98181
-0.3235
0.23587
0.29195
-0.29298
0.84555
0.63467
-0.78735
0.49088
0.09554
-0.56679
-0.18636
0.09137
0.15481
-0.63943
-0.34586
-0.63298
0.76413
-0.53178
0.44772
-0.41111
-0.71915
0.73009
-0.58003
0.36714
0.79644
0.16527
0.4331
0.30081
-0.60082
-0.26098
0.09264
0.48553
0.56261
-0.14187
0.50834
-0.78673
0.40944
0.17222
0.32638
-0.17268
-0.49276
0.09125
0.04602
0.60208
0.50438
-0.93241
-0.62235
-0.94257
0.74508
0.10549
-0.72281
0.84294
0.35827
-0.75522
0.46778
-0.79752
0.31879
0.13411
0.0845
0.86058
0.06215
0.11301
0.07354
-0.55602
0.29081
-0.00461
-0.67558
-0.50568
-0.94804
0.13532
0.19348
0.64302
-0.74604
0.31604
0.60086
0.51404
0.26663
0.5027
-0.59628
0.67568
0.2734
-0.4651
-0.80593
-0.98529
0.09034
0.69536
0.64197
-0.15123
-0.06558
0.56411
0.61069
-0.95339
0.06689
0.49247
0.68183
0.73018
0.42181
-0.50593
0.28454
0.0424
0.09652
-0.09697
-0.02794
0.46314
0.70168
-0.38041
0.02082
-0.02168
0.76959
-0.85703
-0.06847
-0.6581
0.81286
0.32978
-0.1678
0.03989
0.69443
-0.56855
0.92132
-0.64805
0.74398
0.22184
0.04293
0.24597
-0.14712
0.84133
-0.48334
0.69671
-0.44405
-0.42535
-0.43772
0.30094
0.81318
0.77706
-0.86423
-0.1757
0.93034
-0.00064
-0.54924
0.31666
0.15227
0.37162
0.51822
0.59672
0.10749
-0.42826
-0.7381
0.95673
0.9285
0.29549
-0.05516
-0.59642
-0.63199
-0.77045
0.65441
0.5886
0.30644
0.27018
-0.29584
-0.77667
0.97316
0.30322
-0.81531
0.46606
0.303
0.42789
-0.27594
0.07435
-0.81686
-0.94956
-0.18765
-0.01407
-0.34299
-0.38852
-0.53874
-0.99352
-0.10697
-0.54515
0.23281
0.64993
-0.2447
-0.88937
0.00464
0.14181
-0.80407
0.65181
-0.53067
0.42089
0.17671
-0.22208
0.94561
-0.94311
-0.01257
0.93523
0.44726
0.91878
0.93093
0.06376
0.63886
-0.36378
-0.97306
0.94873
0.23563
-0.76555
-0.06565
0.6225
0.57212
-0.85765
-0.12185
0.23364
-0.98534
0.53896
0.01333
-0.46349
-0.90804
-0.71544
0.33126
-0.00185
-0.9433
0.10796
-0.50295
-0.51805
-0.68353
-0.47925
0.64167
0.43923
0.30507
0.59503
0.78262
0.91522
-0.52123
-0.40043
0.63639
0.56768
0.5338
0.9543
-0.67131
-0.99041
-0.51389
-0.74988
-0.55301
0.15709
-0.8932
0.6079
0.40487
0.3827
0.75491
-0.59224
0.63441
0.19796
0.5523
-0.93888
0.82698
0.66473
-0.12083
-0.29256
-0.07034
-0.24253
-0.06941
0.06147
-0.54511
0.13675
0.27073
-0.00771
0.32169
0.76587
-0.36487
-0.30789
-0.68918
-0.46103
0.25964
0.42595
0.53199
0.31212
0.71504
-0.13098
0.28327
0.88457
0.38331
0.77067
-0.06837
-0.87996
-0.93421
-0.62567
0.51277
-0.40085
-0.17953
0.74018
0.50932
-0.61608
0.86117
0.17147
0.90392
-0.86476
-0.0386
0.8046
-0.30402
-0.73599
0.51694
0.19893
-0.72639
-0.3191
-0.03234
-0.55464
-0.01338
0.92111
-0.43737
-0.30666
0.92694
-0.99841
0.19627
0.65949
0.06322
0.21706
-0.10225
-0.20263
-0.67962
-0.48477
0.23761
0.66907
-0.49553
0.9053
-0.67679
0.83654
-0.29939
-0.79275
-0.35336
-0.81778
0.98835
-0.00851
-0.43781
0.58033
0.59152
0.45758
-0.06517
-0.52928
0.87039
0.91037
-0.31677
0.53627
0.04139
0.1407
0.86765
0.20475
-0.56178
0.3862
-0.64462
0.52472
0.10175
0.20906
0.33781
-0.34257
-0.55878
0.96422
0.81046
0.90747
0.32256
-0.29805
-0.04042
0.2492
0.46826
0.58654
-0.73839
-0.43663
0.57699
0.57691
-0.12255
0.00223
-0.17093
-0.58652
0.92864
-0.71773
0.24241
0.68137
-0.39446
0.46688
-0.2862
-0.19488
-0.93091
-0.61624
0.04545
0.00839
0.5836
0.61405
0.29234
-0.16666
-0.53232
0.96179
0.29896
0.59504
-0.55227
0.77272
-0.76607
-0.07404
0.15397
0.30401
0.51733
0.89575
0.13861
0.21366
0.41213
0.63762
0.44078
-0.79598
-0.79524
0.75961
-0.10574
-0.70942
-0.22529
-0.15264
-0.86132
-0.33292
-0.54079
0.79311
-0.84729
0.89173
-0.18544
-0.99746
-0.56732
-0.26313
-0.86506
-0.65456
0.22271
0.95309
0.88743
-0.67116
0.93762
-0.08585
0.92611
-0.47812
-0.52542
-0.40698
0.20718
0.84468
-0.0533
-0.59635
-0.26027
0.85385
0.08073
0.21763
0.56279
0.43293
0.1402
-0.47297
-0.34225
0.27458
-0.00761
-0.77276
-0.84882
-0.41474
0.41224
0.53088
0.35538
0.18177
0.9803
-0.82165
-0.52389
-0.80263
0.92752
-0.68442
0.73804
-0.2189
-0.15142
-0.49813
0.75961
0.21365
-0.27011
-0.39234
-0.68517
-0.96619
-0.20753
-0.51339
-0.72085
-0.495
0.0322
0.8022
0.06385
-0.79264
0.86655
0.17281
-0.34705
0.62231
0.48566
0.9058
0.49181
0.86092
0.95533
0.92038
0.59843
-0.7961
0.47952
0.14667
0.89
-0.3154
-0.8168
0.12132
0.42687
0.16643
0.03605
-0.43128
0.50845
-0.65513
0.13823
0.54934
0.894
-0.94424
0.51532
-0.61657
-0.31943
0.66579
-0.80333
-0.09049
-0.15125
-0.97476
0.66947
0.9238
0.07322
-0.47108
-0.61996
0.00377
-0.97705
-0.73133
-0.27946
0.74796
0.09259
-0.72244
-0.18928
0.17968
-0.30094
-0.26447
-0.3089
0.35104
-0.35055
0.72533
0.6867
-0.66296
0.55226
-0.52442
0.15898
-0.67118
-0.17491
-0.34246
0.05479
0.86632
-0.38091
0.91884
0.21867
0.95919
-0.12722
-0.22203
-0.01435
-0.59653
0.85753
0.00176
0.64322
0.73903
0.50003
0.9964
-0.22471
0.52928
0.36876
-0.5534
-0.14069
0.29423
0.18855
-0.64093
-0.55179
-0.90117
0.46885
0.46294
-0.60943
0.30375
-0.53432
-0.38383
0.0085
0.1586
0.62818
0.64914
0.0501
0.43341
0.16455
-0.10693
0.9782
-0.06897
-0.15385
-0.19375
0.53702
-0.48256
-0.93992
-0.07717
-0.71847
0.68508
0.7092
0.3605
-0.01183
-0.28005
0.63836
-0.69652
-0.65058
-0.81403
-0.91438
-0.50247
0.21749
-0.80427
-0.15831
-0.85634
-0.0357
-0.36207
0.76078
0.33893
0.32792
0.7357
0.41062
-0.87761
-0.20357
0.85819
-0.68606
0.33453
0.72295
-0.94387
0.80253
-0.0758
0.04814
-0.93303
0.72585
0.86416
0.57452
0.81152
-0.38267
-0.314
-0.22085
0.6704
-0.67555
0.54739
-0.41826
0.701
-0.17468
0.02825
-0.27179
0.46965
0.28452
-0.30828
-0.92396
-0.51917
-0.58583
-0.00497
0.35976
-0.83504
0.77448
-0.12334
0.7491
0.43084
-0.3835
-0.97752
-0.20642
0.46922
-0.36248
-0.10884
0.1333
0.90055
-0.65706
0.4557
-0.38775
0.06676
0.68359
-0.59126
-0.70587
-0.82289
-0.26619
-0.82067
0.38564
-0.61162
0.01375
0.39816
0.29131
0.97367
-0.43293
-0.79219
-0.34567
0.4511
-0.77673
-0.2952
-0.19804
-0.29581
-0.88167
0.87019
0.09134
-0.96835
-0.66619
0.04106
-0.33592
0.54098
0.37764
0.86448
-0.09848
0.84093
0.51892
-0.81689
-0.87307
0.53154
0.96551
0.31776
0.87082
0.65786
0.34122
0.22115
0.70938
0.94077
-0.41508
-0.64365
-0.17978
0.3354
-0.28441
-0.49792
0.10601
0.98016
-0.46733
-0.59751
-0.41805
0.4986
-0.64718
0.3463
0.51502
0.74087
0.38533
-0.68978
0.00042
0.68873
0.61083
-0.11859
-0.50365
0.83003
-0.23029
-0.84888
0.34189
-0.69004
-0.33708
-0.65094
0.93044
0.75817
-0.14705
-0.6261
-0.09416
0.63297
-0.42303
0.51865
0.35132
-0.99647
0.2043
-0.02333
0.09531
-0.2313
0.26962
0.94725
0.25158
0.40261
-0.51334
-0.1488
0.29519
0.08323
0.39679
-0.1676
0.09422
-0.00602
0.83634
-0.7902
0.04478
-0.55462
-0.95665
0.22771
0.65884
0.44532
-0.1845
-0.07742
0.66397
0.74444
-0.07262
0.03074
-0.1866
-0.67903
-0.58491
-0.36746
0.35891
-0.65951
-0.515
0.52153
0.94552
-0.76608
0.77323
0.49896
-0.2877
0.86324
0.64363
-0.08407
0.75387
-0.13081
0.97347
-0.82433
0.00755
-0.92841
0.25357
-0.41231
0.08516
0.85114
0.17741
0.60489
-0.0741
0.5894
0.67601
0.67036
-0.47972
0.52659
0.3441
0.19479
0.65116
0.7366
0.80553
-0.1806
-0.68556
-0.14585
-0.07288
-0.30442
0.56794
-0.59661
-0.16387
0.4593
0.66668
0.77795
-0.81003
-0.60224
-0.77529
-0.50946
0.2312
0.80523
-0.39776
0.50761
-0.94819
0.79581
0.47773
0.2781
-0.72701
0.34941
0.55273
0.83076
0.06397
0.64053
0.12518
-0.27139
0.85042
0.26526
-0.35081
0.22032
-0.65909
0.13359
-0.14676
-0.08652
0.70205
-0.09295
-0.19388
0.45752
-0.60619
0.88625
0.93814
0.85436
0.88606
0.71266
-0.85912
0.15755
0.90958
-0.138
-0.25364
-0.7432
0.49886
0.65699
0.60169
-0.30277
-0.15636
-0.83726
-0.73574
0.3099
0.72435
-0.97483
-0.28626
0.35365
0.59124
-0.66445
0.95195
-0.46468
-0.19834
-0.21657
0.16145
0.0247
0.35947
-0.40001
-0.51419
-0.16616
0.25423
0.23222
-0.78324
0.87979
0.28571
0.63707
0.12369
0.81585
-0.87475
-0.84807
0.73846
0.291
-0.85265
-0.26646
0.00254
-0.18271
0.08798
0.41183
-0.64964
-0.8511
-0.15814
0.93508
-0.10742
-0.96356
-0.24005
0.50368
0.51677
0.17974
-0.54402
0.24002
0.9174
-0.18271
-0.56245
-0.60009
0.68394
-0.64614
-0.12386
0.14122
0.09455
0.81165
0.70448
0.67766
0.63602
0.23176
-0.50515
-0.39001
0.4021
0.42773
-0.11013
0.26763
-0.53721
0.56282
0.7126
-0.14945
0.27312
-0.59453
0.03879
-0.73007
-0.59167
-0.78773
-0.94324
0.75945
0.39221
-0.69191
-0.93453
-0.16557
0.31207
-0.84638
0.11438
0.49836
0.39298
0.04968
-0.26424
0.42888
0.08915
0.88228
0.97623
0.2342
-0.23454
0.71747
-0.3345
0.10858
0.93899
0.81884
-0.11827
0.94587
0.41743
0.38325
-0.88058
0.40438
0.77945
0.95008
0.95266
0.70111
-0.23421
0.42372
0.46448
-0.75392
-0.16583
-0.70647
-0.99474
0.83184
-0.97594
-0.77144
0.46058
-0.97192
-0.61615
0.80334
0.75286
0.95762
0.4922
-0.4486
-0.23658
-0.13514
-0.88933
-0.05854
