2.4897637794589436 -0.041666667
2.558252426936092 -0.020833333
2.6371976648965605 -0.0125
2.7282139776963343 -0.025
2.8206958075539394 0.045833333
2.9196675897041917 0.09375
3.0258373203425193 0.172916667
3.0909090908184482 0.285416667
3.14001986084846 0.370833333
3.203647416656812 0.447916667
3.263157894736842 0.5125
3.328421052701651 0.570833333
3.3963480130352885 0.629166667
3.436956521981959 0.70625
3.4823788543570853 0.8125
3.50554323721169 0.875
3.5408734605635726 0.947916667
3.7025761122387553 1.0
3.755344418409059 0.935416667
3.800480769276448 0.86875
3.875 0.789583333
3.927950310680992 0.697916667
3.967377666347989 0.629166667
4.017789072171678 0.560416667
4.064267352394049 0.4875
4.127937336302671 0.414583333
4.177014531016004 0.347916667
4.2272727277531 0.289583333
4.2903663507081955 0.229166667
4.337448560295517 0.19375
4.416201117719348 0.145833333
4.517142857497776 0.09375
4.762048192089767 0.04375
5.059200000323789 0.070833333
5.386712096134475 0.070833333
5.770072992279556 0.04375
6.175781250784034 0.145833333
