-0.09351
0.08436
0.14232
-0.1239
-0.21927
-0.19776
-0.16593
0.19033
0.35617
-0.00091
-0.15885
-0.11491
0.19076
0.41852
-0.10341
0.06676
-0.10314
0.15478
0.14038
0.28994
-0.00853
-0.49883
-0.42844
0.18628
-0.07073
-0.18354
-0.11506
0.16519
-0.23531
-0.10942
0.17782
0.28402
-0.0442
-0.39551
0.03011
0.07782
0.25529
-0.21931
0.68746
-0.34584
0.23347
0.03954
0.04466
0.37187
0.38738
-0.074
0.11263
0.13838
-0.12717
0.597
-0.01251
-0.24864
0.16271
-0.19184
0.56087
-0.16076
0.11397
0.45994
-0.02722
-0.09726
-0.2238
-0.12524
-0.10544
0.17365
0.00523
-0.80855
0.05049
-0.25453
-0.19146
0.18836
0.26846
0.18923
0.00352
0.34164
0.123
0.04182
0.24858
0.21978
0.12696
-0.06411
-0.04997
-0.24437
-0.1174
0.11612
0.11067
-0.15418
-0.12416
0.02711
-0.17418
0.21752
0.08234
0.02164
-0.24315
-0.37009
-0.47848
-0.10463
0.1383
0.00278
0.17723
0.14839
0.00333
0.0322
0.07624
-0.03748
0.49906
-0.11198
0.18585
-0.02486
-0.10378
0.12088
-0.05519
-0.21567
-0.03906
-0.24385
0.06251
0.20214
-0.52569
-0.17735
0.04822
-0.008
-0.23216
-0.05018
0.52412
-0.11269
0.57081
0.1074
-0.13699
0.67081
-0.14137
-0.1534
-0.15003
0.493
0.1738
-0.25964
0.36442
-0.08312
-0.02431
0.11869
0.09708
-0.02624
0.01116
-0.21183
-0.0702
-0.10892
0.09266
-0.0416
0.12589
0.06162
-0.36303
0.22596
-0.05831
0.34938
-0.24036
-0.46256
0.11832
-0.04182
-0.20977
0.07064
0.1586
-0.3063
-0.41299
-0.06032
-0.10698
0.13186
-0.16043
0.5096
0.26176
-0.21253
-0.01092
0.49193
0.08244
0.01721
-0.03938
-0.08261
-0.00969
0.15266
-0.0954
-0.20169
0.28106
-0.26186
-0.11156
0.01809
-0.045
0.12131
0.152
0.35187
-0.32107
0.10272
-0.0155
-0.48826
-0.17433
0.16919
0.04849
-0.29432
-0.00726
0.14545
-0.35683
-0.36142
-0.02526
0.00928
0.05135
0.1544
-0.00123
-0.19198
-0.11408
0.07835
-0.07685
-0.05051
-0.15122
-0.29006
-0.29768
-0.23366
0.57512
-0.11689
0.18624
0.03026
0.06108
-0.09759
-0.12532
0.06714
0.15675
-0.10316
-0.12492
0.25288
0.16811
0.14361
-0.10576
-0.09317
0.10023
0.08392
-0.34274
-0.09675
0.04365
0.29405
0.16942
-0.33899
-0.07712
0.20134
-0.05901
-0.45582
0.03857
-0.00658
-0.04865
0.095
0.18782
-0.11603
-0.07672
0.22159
-0.15962
0.42608
-0.07489
-0.03382
0.38108
0.03657
-0.09013
-0.26695
0.13615
-0.13641
0.58355
-0.06912
-0.42987
-0.0513
0.31915
0.31478
-0.22711
-0.07063
-0.23432
-0.34724
-0.04812
-0.01686
0.02439
-0.05508
-0.12945
-0.65223
0.08599
-0.12441
0.36699
-0.16874
-0.11838
0.27771
-0.12811
-0.45864
0.12185
0.23457
-0.03316
0.12279
0.03334
0.26235
-0.1667
-0.12259
0.03288
-0.15067
0.18284
0.13382
0.30844
-0.09142
0.35025
-0.01335
-0.20306
-0.02563
-0.32223
0.0174
-0.09298
0.05253
-0.16285
0.12134
0.0764
-0.02349
0.13645
-0.43041
0.18864
-0.00868
0.34818
-0.17198
-0.11224
-0.07658
-0.14287
0.48443
0.23756
-0.02524
0.04678
-0.01769
-0.12973
-0.10869
-0.11619
-0.1431
0.07897
-0.05651
-0.2696
-0.1973
0.0777
0.17903
-0.0811
0.1922
-0.05927
-0.05189
0.0403
0.06128
0.06901
-0.02729
-0.37109
-0.083
-0.2314
-0.07077
-0.1835
0.61171
0.05416
0.16923
-0.18943
0.09613
-0.85339
-0.13014
0.09024
-0.3564
-0.2684
0.17995
0.09277
0.22422
0.12918
-0.02445
-0.11675
0.08728
-0.27282
0.00348
0.08682
0.54583
-0.37933
0.23481
0.00594
0.27997
0.05551
-0.23864
-0.05916
-0.0698
0.18865
-0.03086
0.2867
-0.33312
0.05373
-0.1149
-0.04965
-0.08454
0.22584
-0.045
-0.18861
-0.25076
0.01388
0.2398
0.03533
0.00055
-0.30668
0.23885
-0.16458
0.02775
-0.20875
-0.11626
-0.12442
0.57297
0.03356
-0.3035
-0.00925
-0.11746
-0.40049
-0.29032
0.21365
0.31258
0.07268
0.09525
-0.24412
0.21562
-0.10085
0.32021
-0.04838
0.02613
-0.03058
-0.3855
0.0802
0.53232
-0.02192
-0.05336
0.32199
-0.52546
0.49011
-0.01196
0.08127
-0.36072
0.00632
0.08139
0.42774
0.27553
-0.28446
-0.12407
-0.17644
0.37
-0.14967
-0.15081
0.03951
0.06252
-0.29561
0.52973
-0.21009
-0.26185
-0.09395
-0.24984
-0.01032
-0.23589
-0.10778
0.18196
0.00737
0.05543
0.09869
-0.0178
0.00569
0.0139
0.06877
0.19345
0.00079
0.55459
0.38146
-0.02581
