-10.0964277
5.352490800000001
-3.2859608000000002
-18.0945942
-0.14018399999999928
10.120781999999998
-8.5537904
9.813133800000001
-12.280324599999998
-12.944533400000001
-6.696604600000001
12.090646299999998
-16.9743915
-8.209956199999999
16.729036500000003
-4.7247019
-0.540502899999999
-10.883628100000001
-12.5560118
-16.4538438
12.820510800000001
-8.995810200000001
-6.0401514999999995
-13.957732799999999
0.25687290000000074
-0.9748637000000008
-7.0186023
1.3948264000000017
3.220162399999999
-0.841571899999999
-4.9472065
-19.0183229
-12.6482755
-9.280758200000001
4.649295299999999
-4.2681737
7.337548900000002
3.6985456000000023
-18.9261604
14.827711100000002
-18.2233791
9.178767299999999
13.92411
19.1388612
11.510685600000002
-6.438813399999999
0.06650169999999889
11.2138438
-9.8004316
-17.675387100000002
-6.4703026999999995
3.531617200000001
-5.0532223
4.943718100000001
-2.0067867
-14.1006932
-10.9277406
1.6769831000000022
-4.9995021
8.684632200000001
6.530170699999998
-19.101236200000002
-11.270261900000001
-13.146331
-10.4817285
3.9788889999999992
0.41453029999999896
-12.630677599999999
11.295362
1.7840263000000005
-6.962005899999999
-0.05138380000000097
14.997138799999998
-2.3537481000000002
16.0096661
15.4798974
0.6751135999999996
-12.1776848
-16.2753026
-10.8092711
-18.6551875
-12.8929704
0.43555129999999964
-5.226912500000001
-16.053195799999997
-0.5932159000000001
-15.1635883
15.0459541
13.8300322
11.608616200000002
-7.9760266
-12.469168
-11.736105400000001
-6.122873300000001
8.170619700000001
6.826053499999998
8.195250399999999
4.271535699999999
-9.9010621
-18.209450999999998
-14.132966699999999
-1.4624979000000007
14.035713500000002
19.4106389
-16.0052303
19.6188384
2.3117763000000013
-6.682900199999999
0.6216991999999982
-8.2268694
-6.125643299999999
-12.189963
-9.3529317
15.563280500000001
10.958921
-4.5696415
-17.9329443
-2.1568199000000003
4.973296500000001
-10.981858499999998
-18.4378719
-4.181363799999999
-9.9849336
-15.6172003
19.320954099999998
12.968321799999998
-9.3371431
7.945697300000002
-12.358445099999999
17.5645445
-8.3473682
3.823272299999999
-3.1675523999999995
8.9362943
-13.1211854
19.8823834
-12.810751599999998
-4.858898300000001
-14.932107
-5.547786200000001
-12.0849263
18.3867004
-3.316872699999999
11.980163200000002
-2.7947623999999998
12.6804792
18.6971455
-13.7802819
-9.5348378
-17.1746397
8.0683817
-18.0262478
-8.6526938
6.8272991
3.9499659999999994
-5.463187399999999
15.0943377
4.137172500000002
8.216412099999998
10.416371100000001
-13.406816599999999
-7.575155500000001
-5.869540099999999
17.6964509
11.729850700000002
17.7279306
2.7969045000000006
11.367176599999999
-3.570770299999999
13.302414600000002
-6.154668699999999
-12.262721999999998
-17.3168192
-8.0830448
8.4362702
2.5037237000000006
-0.3815399000000002
-14.1200644
-7.4129881
-7.381006400000001
-10.604826000000001
2.3818741
10.583337499999997
17.9374357
-18.1761083
-19.7228848
-14.9776205
-12.659656199999999
12.170561600000001
-13.328769
-10.1413007
1.2655290999999989
14.398740899999998
13.231532600000001
1.7969448000000012
-13.437214800000001
11.057418899999998
1.0342761999999994
3.366233000000002
14.898495800000001
-8.370646200000001
-17.8600944
-10.1492454
-1.4109787000000005
7.7694898000000014
12.6356623
19.0034646
-16.897643900000002
18.5597537
-3.2150850999999987
7.117973299999999
5.023296599999998
17.5961508
7.091881699999999
6.0767324999999985
-4.339462599999999
3.2710948000000006
3.2725838000000023
-18.6778668
6.1119167999999995
1.6418146999999998
19.346978399999998
-6.713154899999999
3.499008100000001
16.5881333
15.541722700000001
-13.0796055
14.010315999999998
12.779782399999998
2.1537710000000017
-5.033981699999999
15.848721900000001
17.1157286
-6.0755117
19.9269138
11.3733765
-10.362731100000001
-4.6534364
1.8089210999999978
11.817537900000001
-4.6077335999999995
18.262053599999998
-18.8089527
-4.477002500000001
15.243187899999999
15.946597499999998
10.5803755
-4.7338544
1.8528454999999986
3.807247400000001
-2.8830384000000002
9.1612383
14.862181
16.9328153
19.9629547
-8.237371000000001
4.0595004999999995
8.7675005
3.3625210000000014
-16.578456799999998
-7.7346976
18.2362235
11.7036436
-7.2942256
-0.9143786
10.953861400000001
-4.8728078
-9.778855499999999
-0.8890640000000007
8.7196724
-11.780790099999999
13.004274599999999
-9.156733
-19.2629521
0.5811090999999987
11.737426399999999
2.871108300000001
-12.5518723
-9.7155993
17.652400899999996
1.173752300000001
-8.797441599999999
2.856527900000001
-11.633207299999999
15.557479400000002
-0.847195999999999
-1.399500700000001
-9.4745533
-14.586556799999999
2.2769131000000016
8.484292700000001
5.488739599999999
3.2408316000000013
4.8121938
-3.4131466
-2.6990337999999996
-12.8843871
13.602109099999998
-4.292915599999999
9.610958099999998
11.6502358
-12.511035000000001
-15.701829600000002
-3.2686115999999994
-15.8241258
-4.532168200000001
17.4230381
5.1819529000000015
12.4081254
-3.9846038
7.4827432
-11.1004692
-1.3800610000000006
4.826095500000001
8.0230917
17.4328844
3.2339559000000007
1.8904813000000014
-8.3116781
-15.1489698
-4.6327171
-3.7961418000000005
-3.3472290999999994
-14.646684
-0.7406835999999999
0.20411190000000035
-0.7850296000000003
5.7785887
9.032645200000001
-10.1959285
9.629986899999999
8.919575700000001
5.063159999999998
19.667448599999997
18.959813699999998
-7.0426845
-5.7111689000000005
-10.792928299999998
17.2112327
-16.3816409
-5.9145815
9.4568773
-8.376134500000001
-5.293654200000001
10.884480899999998
-2.160267899999999
-13.3160307
7.933569000000002
0.444513300000001
-16.4867279
11.4069099
17.0854133
-15.7538821
0.5671043000000009
-1.1718011000000002
4.246686300000001
-8.2823217
7.6722579
-16.7795575
-3.4860313999999994
-11.4203369
-14.181030500000002
9.8434202
13.320253699999999
0.722831799999999
-7.704641400000001
8.429298
-16.2356361
-6.442741900000001
9.7116377
-2.6368994999999997
-11.2156079
5.928650699999999
-2.852164499999999
-8.056866600000001
-11.423148099999999
11.771818600000001
-16.7218787
-7.8935809
-9.7372093
-4.2007574
0.23070120000000088
3.5264701000000014
5.2579727999999974
13.0441804
7.094368500000001
14.234142799999999
18.2218698
18.818361799999998
1.357177099999999
18.281693100000002
-15.8552889
1.4281556
-12.3112093
12.017866199999998
6.477842900000001
16.0404488
-0.9720588999999995
13.463985400000002
-6.9177176000000005
