-108.04513545
-107.9979303
-101.29982524
-98.56205852
-94.60558939
-93.37224653
-88.45893837
-74.68031835
-62.23564042
-58.74721671
-34.33772929
-26.8347076
-2.85854633
19.89510354
21.15447115
21.16724156
23.96917217
31.59197149
33.85827448
33.92164122
38.19864779
39.20537466
39.97690073
40.67250388
41.85805531
44.68063791
44.97020091
47.03816886
47.13862217
47.49015264
49.11207639
51.05415109
52.12593294
52.36884778
53.19030071
53.85059475
53.86087723
54.13478327
54.70311553
56.08677118
57.77750367
57.86852114
58.02749509
59.31031701
59.74016418
60.28458239
60.41434148
61.57499607
61.99117623
62.39999291
63.00450618
64.1125762
64.19997599
64.27334523
64.43001641
64.76317325
65.18335274
65.58364352
66.06760448
67.34547986
67.78300679
68.24620933
68.69226572
69.07826016
69.39055537
70.06752244
70.24201924
70.99490482
71.00733554
72.68617606
72.72256653
79.98693327
80.36650168
80.67798479
81.715877
81.88019356
82.20298436
83.00654276
83.22387479
85.08461356
85.14870869
86.50748955
87.45066066
87.99509964
88.3915755
89.60772483
93.46564344
94.27308531
95.17649618
95.98568315
96.4376266
96.68030047
97.03852043
97.53972128
98.79051505
102.42432432
102.6478413
102.7371445
104.19046879
105.47354135
106.27742295
107.48628436
107.75992667
107.89429788
109.38727829
110.30630915
111.96043176
112.25663857
113.03493085
114.06681567
114.78515442
114.93554351
116.57059554
118.29463879
122.79198737
123.02958918
123.41684061
124.17451763
124.33749274
124.5907039
126.01019015
127.29483793
127.32944128
133.83931961
134.01559744
135.62372657
135.79421003
138.35743895
138.9300974
139.58177666
139.63730173
139.82398281
140.17126724
141.79514811
142.28662481
143.13450325
143.17543785
144.2845223
144.65119062
145.4203263
145.58102781
146.26152255
149.22541426
151.0338017
151.24830662
152.40194018
152.56326862
154.62258148
154.67259562
155.47441252
156.83604282
156.93197087
157.77491779
158.92883682
159.57107849
160.66147153
160.88996776
161.89209445
163.89284479
167.38269208
168.56843229
168.79225859
169.87872963
170.74302214
172.14387852
172.27338661
172.6248364
172.69493987
173.59894873
173.80116923
174.0752184
174.23521244
174.61512644
174.69537873
175.75389474
175.93869319
177.26416891
179.25241491
179.66290345
179.7551732
179.9538747
180.39999913
182.77039942
183.27054958
184.18400884
185.73637701
187.07919082
187.37745458
187.5209525
188.64758191
189.53304025
191.13116424
191.16396868
191.54435186
191.76957354
192.24497811
193.79218277
195.57411746
195.87488418
197.26507113
197.80260263
197.98507756
198.26161662
198.88167086
199.05715753
199.89943746
199.91101997
200.17525548
201.74823278
202.4836842
203.08332516
204.85951128
205.52456805
206.73679306
208.51966853
209.12979006
211.16961442
211.99684435
212.07975712
214.1948431
215.69055606
216.52555381
219.54096642
219.88930505
220.29122773
220.90154207
221.31052546
221.35371881
222.05873734
222.08054596
223.48164699
224.34057657
225.29790267
225.75400865
225.90902034
226.20574254
226.97619497
227.55576732
228.89251937
228.96883148
229.30957038
229.72213076
230.29883508
231.82151375
232.51079126
232.64156868
234.50655746
234.80812642
236.68784649
237.85814509
238.94107805
239.00720407
239.80451334
240.51392552
241.08847637
241.37965717
244.46049901
245.37733752
245.38047202
245.82532282
248.39712522
248.77476764
249.22794712
249.5399169
252.40535428
252.97679562
253.204487
255.10374237
255.6585606
256.04554197
257.14132881
257.59385077
257.74939344
259.00449182
259.27838249
260.42763668
260.73487068
261.95489803
262.08205737
262.52067641
262.58443811
262.59429103
263.82729741
264.67174046
265.02989129
265.10650614
265.41126073
266.17559811
266.75986105
267.27422222
267.48835301
267.70374779
268.64654705
268.71308617
268.7957556
269.17714956
271.85639845
272.60338303
273.25797505
273.88355525
274.11648618
274.51122255
275.13226209
275.22676914
275.95321141
277.6658898
277.85385347
279.2254122
279.25892802
279.9434779
280.36190574
281.0724077
281.28483189
281.71418864
281.84283158
281.86939692
282.65552544
283.33883865
283.40300008
284.12236816
287.40932933
287.87442544
287.916988
288.02150634
288.56988221
289.82547846
290.14446648
290.23946088
290.67536746
291.68161573
292.79373055
293.4764783
293.56593124
293.57662162
293.77137397
293.92735185
294.75545721
294.92088815
295.07704904
295.37062128
296.36977229
298.84159402
299.97050871
300.86360508
301.66131119
302.06448239
302.56386967
302.69879442
303.05408746
303.06971221
304.64246525
304.66786247
305.14075103
305.89823238
305.98714018
306.6571654
308.85086762
309.09817406
311.40966625
312.02623042
313.92051639
314.08600281
314.46272578
314.78059006
315.28677851
316.17775573
316.46477798
317.10470698
318.65482121
319.66934302
320.36304803
320.62090201
321.31093565
321.35422063
321.52146834
321.7273489
322.25565441
322.33570042
323.18920582
323.70840145
323.88938042
325.03300647
326.23199906
326.70204196
326.92282574
328.45795947
329.38698538
331.65597298
331.8579912
333.53139392
333.63654813
333.63973462
333.79480233
334.73520376
336.15260556
337.318905
338.57621759
338.67994644
341.00816114
341.9506623
