0.8654
0.86309
0.96838
0.89835
0.71637
0.97364
0.57595
0.8492
0.96411
0.58556
0.89733
0.50967
0.84718
0.91537
0.98017
0.95687
0.97855
0.97269
0.80773
0.95761
0.94516
0.92181
0.97165
0.98501
0.93304
0.97231
0.96182
0.94341
0.86265
0.9922
0.75961
0.86709
0.99465
0.99194
0.9852
0.99207
0.99481
0.86144
0.56968
0.91609
0.81131
0.84054
0.93774
0.91048
0.85207
0.96215
0.79535
0.82252
0.82837
0.99125
0.9949
0.76465
0.93154
0.96574
0.99766
0.99608
0.89816
0.95669
0.98312
0.94138
0.99116
0.95095
0.98362
0.9656
0.99697
0.98297
0.9815
0.89895
0.8733
0.99536
0.99687
0.767
0.79554
0.93642
0.96489
0.81515
0.96479
0.98501
0.95552
0.99482
0.93995
0.9756
0.6864
0.96832
0.99466
0.6676
0.88171
0.94647
0.99825
0.97553
0.99863
0.97273
0.99688
0.7728
0.97748
0.97794
0.96285
0.74909
0.86987
0.99127
0.93823
0.99117
0.98616
0.6927
0.93572
0.91073
0.93368
0.96901
0.83896
0.9834
0.98784
0.98182
0.98368
0.99019
0.87295
0.96237
0.96608
0.86974
0.98316
0.99352
0.99479
0.99231
0.91065
0.99416
0.96974
0.68951
0.96265
0.92327
0.99839
0.97203
0.91023
0.98128
0.98694
0.69051
0.95945
0.98689
0.99762
0.96253
0.99446
0.67393
0.99069
0.98915
0.89148
0.99425
0.77087
0.99841
0.98503
0.98936
0.95344
0.97407
0.94161
0.95212
0.95667
0.90054
0.98089
0.97516
0.96864
0.99899
0.90587
0.86198
0.99768
0.99876
0.8267
0.98472
0.87322
0.99739
0.99941
0.99261
0.76677
0.99496
0.97486
0.97033
0.97748
0.99234
0.98946
0.98617
0.98594
0.94809
0.931
0.99494
0.73022
0.95426
0.93786
0.92845
0.91865
0.97716
0.95242
0.95222
0.99946
0.97888
0.89622
0.6271
0.99664
0.77331
0.98878
0.98759
0.98307
0.94075
0.88899
0.92405
0.89797
0.98831
0.95688
0.99558
0.98065
0.9862
0.83315
0.99885
0.79013
0.9915
0.78797
0.97009
0.87868
0.98463
0.98575
0.97794
0.94294
0.99475
0.97091
0.98088
0.82701
0.67436
0.90334
0.96262
0.57124
0.99669
0.83674
0.86987
0.9331
0.99371
0.8969
0.93589
0.95893
0.99842
0.7191
0.6993
0.93765
0.99663
0.99902
0.84216
0.82652
0.98226
0.98795
0.98669
0.99296
0.92812
0.90364
0.99227
0.94366
0.99561
0.98086
0.69672
0.9888
0.89428
0.48973
0.7534
0.98515
0.99491
0.99626
0.88218
0.90068
0.97754
0.64344
0.81069
0.99016
0.97727
0.96915
0.97298
0.96001
0.99435
0.96369
0.92699
0.79835
0.93206
0.96053
0.78816
0.95453
0.92489
0.88454
0.68745
0.92637
0.98814
0.97738
0.903
0.99584
0.96745
0.96001
0.93315
0.90442
0.99971
0.94873
0.76525
0.9968
0.99215
0.97214
0.96887
0.99971
0.98793
0.99999
0.96128
0.9789
0.98305
0.99814
0.90768
0.97575
0.94428
0.9984
0.99544
0.99138
0.9646
0.91919
0.66533
0.83122
0.95071
0.9175
0.97724
0.99281
0.64271
0.93549
0.98763
0.97704
0.9889
0.9118
0.53006
0.8375
0.99239
0.50748
0.89608
0.99472
0.57879
0.92185
0.98429
0.93294
0.7975
0.99648
0.91278
0.98473
0.9405
0.99942
0.94637
0.95586
0.58609
0.9831
0.54549
0.93398
0.88358
0.9743
0.90254
0.70844
0.99925
0.97867
0.98478
0.98607
0.98544
0.92922
0.98818
0.99614
0.99203
0.80117
0.97051
0.91872
0.93564
0.983
0.97493
0.86304
0.54932
0.99793
0.90893
0.98405
0.98759
0.97978
0.99535
0.68118
0.96711
0.96064
0.98279
0.94353
0.99535
0.87543
0.97703
0.89241
0.99425
0.97089
0.97058
0.98406
0.9047
0.99552
0.83538
0.85339
0.96174
0.98657
0.95757
0.99062
0.96861
0.99017
0.95669
0.99201
0.98422
0.99321
0.97238
0.99396
0.9935
0.99363
0.97629
0.99885
0.98901
0.54025
0.99952
0.94145
0.98304
0.93607
0.971
0.96333
0.9516
0.4875
0.72043
0.97407
0.99219
0.91765
0.9557
0.97284
0.98596
0.98992
0.98092
0.99389
0.99398
0.92615
0.99099
0.80031
0.99529
0.9641
0.96842
0.97396
0.96442
0.99594
0.95987
0.99802
0.92374
0.77941
0.84271
0.93259
0.97627
0.98717
0.98897
0.97868
0.9962
0.84328
0.85512
0.91825
0.98783
0.71917
0.99833
0.88916
0.6795
0.99696
0.98852
0.93605
0.99194
0.99312
0.68771
0.85057
0.98577
0.9745
0.95422
0.98259
0.87596
0.92806
0.86432
0.83301
0.97585
0.9742
0.90545
0.94589
0.99677
0.90845
0.99119
0.9945
0.99266
0.6464
0.99714
0.99715
0.99285
0.98847
0.8467
0.9568
0.97461
0.93943
0.86202
0.99478
0.89672
0.88951
0.93262
0.96144
0.97413
0.97701
0.98003
0.95647
0.98227
0.91489
0.99675
0.98117
0.86212
0.97982
0.88734
0.96637
0.92035
0.96797
0.96719
0.96617
0.9954
0.99736
0.82934
0.53683
0.95821
0.9303
0.70123
0.91335
0.99176
0.98022
0.91236
0.99815
0.99823
0.58393
0.95244
0.98885
0.97777
0.81478
0.89522
0.99706
0.95971
0.85979
0.98851
0.60872
0.92168
0.98428
0.9716
0.99302
0.85383
0.99366
0.81788
0.98295
0.97152
0.79598
0.96006
0.92365
0.98364
0.79104
0.96925
0.93457
0.98087
0.97104
0.67559
0.77825
0.9004
0.83343
0.70232
0.85952
0.9714
0.99384
0.99962
0.95961
0.99696
0.94576
0.99419
0.95217
0.97666
0.88941
0.80265
0.82617
0.99709
0.97356
0.99998
0.98509
0.94353
0.8654
0.99619
0.98404
0.99023
0.99215
0.97351
0.91409
0.98272
0.9895
0.95378
0.93817
0.99161
0.94406
0.88437
0.9901
0.99642
0.94677
0.94475
0.98232
