-0.07405
-0.19636
-0.24889
-0.26599
-0.66094
0.1122
0.34563
-0.38174
0.13366
-0.07649
0.34105
-0.80437
-0.18376
0.02297
-0.13723
0.1876
0.18873
0.1459
0.3875
-0.28657
0.25171
-0.30815
0.23616
0.11293
0.27838
-0.04179
0.07283
0.02876
-0.42228
0.08806
0.6369
0.44337
0.06964
-0.08547
0.15151
0.05876
0.04423
0.25976
-0.79587
0.24915
-0.57644
-0.49117
-0.31543
-0.31645
-0.18588
-0.24142
-0.57564
0.14433
0.20375
-0.12018
-0.0838
-0.58308
-0.09864
0.17988
0.05665
-0.06741
0.40554
0.19756
0.12633
-0.33298
0.07113
-0.11097
-0.17892
-0.23167
0.0026
0.1304
-0.19011
0.37412
0.14455
0.06858
-0.07768
-0.18286
0.5599
-0.35082
0.1534
0.56374
0.07998
0.04084
-0.01678
-0.0977
0.12628
-0.07948
0.44419
0.22775
-0.08214
-0.15211
0.47179
0.26658
-0.03217
0.17565
0.04236
-0.01919
-0.01034
0.44305
-0.11536
0.20735
0.19394
0.40293
0.41721
0.00888
0.20344
0.01177
-0.15991
-0.46579
0.15623
0.34262
0.05808
-0.13129
0.51424
0.08956
-0.10578
0.1381
-0.03631
-0.12583
-0.07647
-0.02569
-0.19464
0.16022
-0.12245
0.09531
0.0375
0.00738
-0.39592
0.00363
0.23716
0.70727
-0.22136
0.27668
-0.00929
-0.23374
0.29455
0.06614
-0.00736
-0.64374
0.2156
0.03934
-0.01806
0.04454
0.09685
-0.26761
0.13547
0.10987
0.2985
0.06662
-0.18026
-0.03176
-0.0909
0.11232
0.27003
0.01079
0.25007
0.14747
0.05475
0.01036
0.19311
0.07812
-0.21507
0.03888
-0.42355
-0.00952
0.06601
-0.03254
0.33727
-0.07869
-0.47461
0.06923
-0.02677
0.00425
-0.39138
-0.06648
-0.0131
-0.15285
-0.18086
0.08659
0.14409
0.02195
-0.15305
0.31706
0.19819
0.05861
0.47272
-0.04547
0.3327
0.27387
-0.2153
0.20979
-0.11284
0.00125
-0.02167
0.00822
0.04969
-0.60521
-0.0364
0.32866
-0.07089
-0.06426
0.09352
-0.33866
0.44937
0.26277
0.27758
-0.08565
-0.22793
-0.04799
0.17841
-0.15885
-0.55084
0.04706
-0.59621
-0.12034
0.56726
0.08316
-0.35263
-0.01943
0.14534
0.17839
0.32626
-0.09166
0.21477
0.14613
-0.52846
-0.6238
0.19589
-0.267
0.55446
0.01106
-0.32428
-0.23674
0.23805
-0.07568
0.17204
-0.34546
-0.26837
0.04935
-0.3456
0.59925
-0.3174
0.06145
0.0077
0.45145
0.44899
0.16976
0.10205
-0.01599
-0.07991
0.06584
0.2294
0.05031
0.3188
0.09236
-0.00868
-0.62618
0.03777
-0.14341
0.82933
-0.1651
0.16656
0.08395
0.04402
0.01974
-0.34407
0.18953
-0.75592
0.14035
0.06438
-0.15498
0.1514
-0.14199
-0.126
-0.01031
0.01505
-0.33574
-0.55846
-0.19081
0.27086
0.23773
0.29527
0.20107
-0.27394
0.30701
-0.37569
-0.13362
-0.08505
0.42062
0.06949
-0.06136
0.16446
0.21982
-0.24611
0.00651
-0.15207
0.53459
-0.0693
-0.12116
0.2086
-0.09532
-0.0034
-0.06498
-0.00046
-0.19538
0.19537
-0.18198
0.02095
-0.29734
0.17694
-0.29493
-0.01362
0.05392
0.1255
-0.2572
-0.22702
-0.52051
0.49248
-0.26211
0.21108
0.19209
0.08613
0.42946
0.35336
0.11092
-0.02137
-0.03381
0.03823
0.65739
-0.19447
-0.0925
0.49605
0.40289
-0.0559
-0.34862
-0.36694
0.04086
0.35098
-0.20347
0.02198
-0.26346
-0.12005
0.26147
-0.02538
0.32285
0.04893
0.3312
0.03444
0.83677
-0.26436
0.30671
-0.21874
0.32042
0.67514
-0.03863
-0.13705
0.15245
0.0981
0.12374
0.1865
-0.15162
-0.08459
0.12095
-0.16371
-0.23405
-0.29747
0.21676
-0.15208
-0.21971
0.49697
0.20456
0.02362
0.10352
-0.08962
0.06992
0.17932
-0.04766
0.14154
0.12903
-0.22583
-0.04452
0.07573
0.08127
0.45139
0.17631
0.33219
0.07852
0.19194
-0.12963
-0.12666
-0.38512
0.09183
0.5441
0.51332
0.16846
0.02476
0.26432
-0.08188
0.11193
0.10111
0.08125
-0.05883
0.05157
0.08528
-0.05797
0.0963
-0.10364
0.11171
-0.21121
0.02047
0.01654
0.82903
-0.02698
-0.33421
-0.17761
-0.16382
-0.10602
-0.26822
0.28808
-0.10833
0.13919
-0.04391
0.01535
-0.39675
-0.29285
0.10479
-0.15195
0.0913
0.19308
0.06157
0.08768
-0.37227
0.05287
-0.40159
0.09476
0.26321
-0.12162
0.21317
-0.04994
-0.05339
0.27875
-0.04993
0.36699
0.2184
-0.24758
-0.25654
-0.1246
0.15722
-0.11291
0.05559
0.0736
0.30316
0.48213
-0.39588
0.01272
-0.60791
-0.02342
-0.323
-0.02509
-0.05316
-0.05727
0.34788
-0.03821
-0.08144
0.72589
0.04116
-0.04626
0.09208
0.10769
-0.1275
-0.48105
-0.33653
-0.49926
-0.30986
-0.00692
0.09315
0.02117
-0.08282
0.07382
-0.41796
0.12456
-0.09866
-0.01586
0.73957
0.0734
0.00127
0.08459
0.14828
0.3892
-0.14798
0.15949
0.06509
-0.45918
0.05245
0.20665
0.1438
0.0403
0.19047
0.19843
0.15
0.11264
-0.06004
0.16181
-0.2358
0.04848
-0.08147
0.50529
-0.16235
-0.02986
-0.24076
-0.33088
-0.20915
-0.20043
0.2293
0.07129
0.05266
0.11807
0.11782
0.15367
0.34305
0.38202
0.08521
0.02068
-0.17308
0.33931
-0.05993
-0.04971
0.0731
0.27799
0.09026
-0.02481
0.04978
-0.24318
-0.00285
-0.14434
0.11031
-0.11865
-0.61581
0.14579
-0.10002
-0.19693
-0.11765
-0.12296
-0.0745
-0.22561
-0.17596
-0.21197
-0.05718
0.05798
-0.27411
0.17962
-0.37726
0.2426
0.30425
0.07877
0.23697
0.35474
0.61938
-0.1178
-0.38274
0.12816
0.5012
-0.11078
-0.1083
-0.01159
-0.19524
0.04736
-0.17447
0.03445
0.28687
-0.17597
-0.31994
0.44481
-0.10462
-0.06419
-0.01123
-0.00669
-0.17176
0.16867
0.26946
-0.01894
-0.13226
-0.05478
-0.09686
0.22162
-0.03357
0.10585
0.0393
0.22295
0.33123
-0.08794
0.09061
0.33343
-0.09217
0.06512
-0.13296
0.3275
0.03154
