-9.161944100000001
-17.290640699999997
-14.0331002
-16.001146300000002
-7.784658300000001
7.193199399999998
10.212892700000003
-1.4503752000000008
-9.3753911
-1.6046809000000009
15.1749764
16.178161300000003
8.1993154
-18.5014079
-5.4471891
-11.841284700000001
-0.40343110000000026
-4.114441200000001
3.4371844999999985
17.9664313
-10.7394172
-16.4678456
-8.4582075
-15.7213617
6.775651699999998
15.861172900000001
6.174033
11.4347453
-6.173504
10.700804199999999
-17.7672934
4.372893600000002
4.216193600000001
4.824194400000001
-18.1254922
5.419255400000002
15.030651400000002
-15.8425134
5.877393099999999
-14.1989553
-13.939935799999999
3.401071999999999
-0.468771099999999
-18.597984
16.0171083
15.564076
14.834860899999999
3.135862499999998
6.307226099999998
2.6122739
17.3095463
-6.7464708
4.5797046
-19.0802929
-7.819866300000001
7.0401470999999995
5.641508899999999
3.4729072
-10.4287999
-0.03255390000000034
14.223822
16.1725451
19.8435806
0.3584112000000005
-13.6449118
-18.4849816
-3.3918603000000007
-0.3967606999999998
17.666511300000003
1.527785399999998
-5.4182222
1.1657029999999986
-1.3082491000000005
-4.985139899999999
11.767014199999998
-10.520466999999998
-12.669634999999998
18.227775700000002
-11.086863800000001
4.258806399999998
19.6475203
-5.9044505
-14.119039400000002
9.1154891
-2.102144000000001
-11.620399499999998
-9.1097676
14.5204266
6.5049143
4.2044164
10.2282632
15.292892499999999
-3.688025299999999
-3.1707521999999995
-10.436301499999999
-0.18768559999999979
-0.7583222000000001
0.021649800000000143
-7.2041428
0.9793226000000004
10.6345829
0.2936958000000004
-15.5108066
6.8053161
2.0344882999999983
5.522055399999999
11.894486900000002
3.6767590999999995
-1.0852764000000001
-4.126550400000001
6.603886800000001
-1.3744343000000003
7.8519891999999984
14.760660499999998
2.952604999999999
16.7236253
14.601646500000001
6.2021481
5.3207247
1.559347499999999
7.198115499999999
4.542154500000001
-17.0905907
-19.3652432
14.312324499999999
-4.169733900000001
-7.6234301
2.1511891000000016
-5.328490400000001
8.6818527
-9.537978800000001
4.969402500000001
-16.4640885
3.569603900000002
7.161132400000001
-0.5762067000000002
3.309741600000002
-1.5759188999999991
11.064049799999998
12.892828
-3.291423400000001
-11.4323683
-8.6632358
10.510546300000001
1.2803918999999997
11.6370086
8.3773659
5.111597999999999
-18.795568499999998
7.628461000000002
-3.737133799999999
-8.4567387
17.7225669
-13.354927
5.345165999999999
-6.020849900000001
-10.494494
2.2961619999999994
-8.0113831
13.4028463
-6.082909400000001
2.057468100000001
-6.335163199999999
16.464579699999998
-13.366849499999999
-5.2468319
13.442954300000002
-2.6801098000000003
12.407919299999998
-1.7700087000000009
-17.6534817
17.354991100000003
15.917721700000001
-18.5780962
6.555561400000001
-6.6760725
-17.5122016
3.572247900000002
-0.18120259999999916
-8.7771599
-14.630399
-6.763595800000001
-16.0335155
14.412232300000001
-3.6070363
8.614960799999999
-18.8866078
8.6868424
-1.994681700000001
14.851823300000001
-2.0339228000000005
13.8764993
18.5773315
-13.932215099999999
-3.114094399999999
15.700360500000002
-9.0668039
14.1945856
6.58118
-10.3671486
-14.5024762
-0.24502880000000005
-4.3753789
-10.1927174
-16.4695643
9.923408100000001
-15.603783900000002
-9.0588695
-0.11413500000000112
19.0044649
-17.6388602
15.7742157
-6.4998621000000005
-19.5011978
9.0031624
-5.9004041
12.255586699999999
17.771895
-5.246062300000001
-1.2952999
8.934306900000001
5.930380599999999
-8.199783700000001
-1.0923773000000006
-6.4994487
8.653977300000001
-17.868646599999998
-0.6114465999999993
10.2234171
11.0080904
-0.4677171999999996
-18.4462167
12.0949226
2.3501564999999984
3.468863200000001
-3.8847228999999994
-11.019052299999998
-17.2006186
6.823454000000002
-6.084106500000001
-11.4691776
3.5918033000000014
17.582077599999998
1.7711083999999984
0.4701439000000005
-11.4091947
1.870096199999998
-3.1877685
11.801682999999999
7.357819800000002
15.142860599999999
-5.570789299999999
-1.3914308000000006
7.384582500000001
-18.3670207
-1.7129134
9.146395000000002
-19.596392599999998
4.9556352000000015
-7.627015200000001
1.966342199999999
-0.7788807999999995
13.809978299999997
6.232733800000001
14.100207900000001
6.933197500000001
-9.7609041
13.123225699999999
-2.6079762000000004
19.394714399999998
10.075538499999999
-14.280634
-14.195466799999998
14.420449199999998
-9.7493091
19.467005
9.000474500000001
-5.0166832999999995
-2.0751962
13.234707199999997
16.4878028
15.1894443
-6.426415400000001
15.941504799999997
-5.8599592000000005
-1.8360205999999994
-8.382876900000001
-5.2232418
-10.251843899999999
8.4510653
13.287513100000002
17.8397828
-18.324669
-12.4885439
-12.340545200000001
-9.590689
-13.327119699999999
17.2028815
-3.9832177
15.8558543
-12.461484
-17.1184769
5.462737999999999
5.687812899999999
-6.7274504
9.753892200000001
-1.0372451999999999
11.703924200000001
13.7476847
0.07496039999999994
19.0760384
10.196094400000002
14.2652192
-4.4070352
18.6917188
4.9469183999999995
16.7282949
-8.1189328
14.5243284
1.9764633999999979
-19.4791885
-14.986299899999999
-9.202786699999999
-13.3537311
16.4108412
0.4359580000000005
-18.3729886
-13.891167399999999
13.595261599999999
2.6397994000000016
7.731573400000002
12.2990495
-8.5757251
-16.7484142
7.130770000000002
-4.3956288
-7.7512529
-11.777834
3.5838535
-1.2838968
-6.8535591
2.374344900000001
-18.0971174
-14.510940399999999
19.8542904
-13.448466899999998
19.9354133
-4.9505963
12.944174400000001
-17.8147886
15.632955900000002
15.664509299999999
14.230191100000003
14.5230949
-11.4497081
-1.0026727000000006
3.158938699999999
-9.0543956
2.317705599999999
14.883937299999998
11.022894700000002
-15.245578
-11.3959622
-5.8079754
-17.221114
14.8583412
13.619707199999999
17.501141200000003
-1.6641215000000011
-16.8439325
15.591749199999999
-15.8438218
-18.2792367
-14.211989699999998
-19.691070500000002
-6.953801800000001
-1.4534402999999998
5.331107000000002
16.432694
13.525551300000002
-14.8472074
1.456348899999998
11.5358408
-11.8850514
0.7913335999999981
14.184041699999998
-5.301828599999999
4.530288300000002
-11.1224244
12.535677900000001
-9.136923
-3.5644699999999987
-7.551792900000001
3.2404464999999982
-18.4150394
-11.1324406
2.110963499999998
-8.1514466
-6.5962752
2.7184591
-16.120645500000002
-12.8548409
1.556542300000001
-9.9380331
0.47537800000000063
-18.4315064
-12.866652199999999
-16.0081198
-11.7543845
15.876059
-13.7554304
12.0355267
-5.2061502
16.5336482
-7.674333899999999
-6.4857906000000005
9.9303526
11.452518599999998
11.763871800000002
-18.0069795
16.1548065
8.1132787
1.0144572000000016
7.5787368000000015
-15.851697199999998
-4.7201146
-7.0550109
-16.4590068
3.5170672000000014
-5.777267999999999
6.2566969000000014
-13.3130451
-4.542281599999999
17.276038600000003
-4.8496469
-10.5923702
-5.322935
-15.2131043
13.109059499999999
-0.41461929999999936
18.8708946
1.9964393999999992
-7.938794600000001
8.103334300000002
-4.299191800000001
10.763679200000002
6.110153799999998
-3.3846955000000003
16.301899
7.307875100000001
16.360771500000002
-5.034347800000001
12.530343699999998
-18.9177346
-13.506793499999999
-1.120375899999999
2.628295899999998
-18.7190415
13.079870999999999
-19.6550896
-5.114793400000001
-18.523785399999998
1.3476940000000013
5.052114200000001
-7.151143899999999
-9.537015100000001
-3.5304289999999994
2.3289600999999993
-11.873241
-15.255167000000002
-6.9057697000000005
15.7279347
-5.8778352
-12.0737411
-10.935846699999999
-2.368012100000001
-12.0423946
7.771248900000001
-6.500032100000001
-4.909934699999999
3.8764012
-13.444133900000002
-13.7274927
0.692487900000001
-14.8589518
15.008463900000002
18.689007200000002
17.0245876
-9.8096406
10.3776008
15.743289399999998
15.7495201
-10.1136732
-12.5864913
4.484677499999998
-15.295247300000002
13.106913800000003
-14.2398022
17.4452147
5.2746542
4.701442400000001
-1.8137934999999994
-13.993323599999998
-13.6460069
-5.6063318
9.3917272
13.6722613
-1.774064699999999
6.0153580999999985
14.6328881
-4.866427699999999
9.3262534
1.6881793000000016
-3.9509492
13.819136499999999
-8.528108600000001
9.213490900000002
-2.9342544999999998
11.476163700000003
-17.9510654
4.302658700000002
2.017282799999998
7.7796308
-2.9955531999999994
-2.941970899999999
-12.6010766
-8.7908996
-14.9740437
-8.783251700000001
11.042983399999999
4.523706999999999
-19.4852661
-18.6254411
0.8911630000000014
-2.7197539000000006
10.497176
-14.9004204
11.1284994
10.590742300000002
2.5553389000000015
-13.444163600000001
-17.3464082
-15.5087285
-1.3462209000000007
9.399172600000002
-15.728887
-15.4981998
-8.203343299999998
7.387999599999998
5.638513699999999
5.8396558
-8.6788536
1.3411140999999998
-16.9225917
6.4431203
-13.3196281
9.917765300000001
-5.554045799999999
6.766930000000002
0.8766867000000002
13.5982076
-14.8146726
3.7330227999999988
-0.9752395000000001
-0.9404274000000009
-11.3777215
11.1968201
-3.3249235999999995
1.0155578000000014
10.753547400000002
-5.3790311
-13.9943931
-1.4533692999999994
-11.255724300000002
19.7907666
17.380028000000003
-17.3641702
15.652389899999998
15.2049986
19.4798224
10.9809933
17.4961008
9.344521599999998
0.8375621000000001
6.185970900000002
-11.163767499999999
-13.681132499999999
18.146215499999997
10.040209599999999
4.491797000000002
11.918218200000002
-8.5620689
-4.2675862
