2.20944
2.39328
9.19485
8.6277
6.28553
7.91914
4.63189
3.80816
5.32906
5.75224
3.20645
1.55545
2.06399
2.01856
1.10436
9.0663
2.15472
3.37668
5.40334
4.72022
14.73258
2.65809
7.63821
0.81726
3.71592
11.83227
7.93136
10.23976
9.99198
10.78824
4.52256
2.1996
3.15505
7.99007
6.66567
1.00747
1.12664
9.91147
4.69532
19.13324
1.15647
2.96892
10.55493
33.36612
2.22583
5.28937
7.51179
1.38155
2.74623
5.23004
7.23781
11.0252
2.23326
11.79057
1.47318
3.28752
14.61859
5.64793
7.60004
5.88562
8.9707
1.72515
13.65253
11.92881
4.8163
0.97022
4.19797
3.92719
7.69669
11.66887
5.96529
7.01326
10.15175
1.45539
13.51422
5.9266
3.49494
7.0323
3.28688
11.17352
2.92749
12.50958
25.32032
1.56784
1.89054
4.36324
13.06383
0.95492
5.18349
21.70711
11.61235
19.64109
8.22997
1.33593
2.40031
16.11674
1.92787
0.91736
1.82183
10.15847
6.46691
10.96534
3.07135
12.43345
5.87884
3.96671
10.51317
10.61838
10.26445
28.95258
3.89869
2.37416
10.93232
2.72447
26.03145
13.64612
10.69615
13.67928
10.89834
7.35227
24.5185
5.80578
2.94992
2.6607
7.27555
7.02103
3.59298
16.57989
5.35156
11.72065
7.55993
4.02213
11.15466
7.42675
4.76834
17.64718
10.12812
2.94819
10.10623
35.92907
5.12768
3.28543
2.72739
17.34873
5.81591
12.6127
24.91308
9.05787
4.64366
7.24834
1.30406
9.54993
32.69161
8.70556
4.87573
2.44975
8.26076
9.87303
2.64459
0.87874
14.88382
2.08141
3.00137
12.48326
21.05532
23.96274
1.00199
55.7454
7.62976
5.6809
17.4909
11.27555
11.68355
8.83714
5.00688
7.71029
6.9701
23.77934
20.06919
16.27243
9.85659
3.30784
6.47574
5.12162
2.18338
9.49938
15.25765
11.82253
14.91128
15.0246
14.20244
14.46662
1.15778
6.90704
8.97603
16.0268
5.3249
7.01953
8.22657
4.06355
8.27658
6.2632
6.66708
17.99088
6.63466
20.03426
10.31991
21.26461
4.50621
3.95263
14.06571
21.02767
6.78857
4.9826
21.26727
1.53533
1.43981
29.02925
10.38743
6.00861
6.19803
32.00355
21.70854
15.74286
15.8789
3.18532
23.68715
31.95041
12.31763
19.20172
9.9378
12.47273
27.23704
25.19367
11.95745
5.88874
19.06303
6.61619
17.51344
18.52308
22.0819
40.39777
37.11781
14.28264
5.7606
8.05081
25.19726
2.75498
10.46516
4.47706
10.50487
7.91404
1.59077
5.34264
14.76337
20.9072
10.87397
31.57098
3.47419
24.75174
12.61262
13.18241
6.01517
3.90904
1.87885
7.36312
22.18794
21.50386
2.78542
15.17672
8.02582
9.46976
1.32108
5.91039
8.17191
2.33714
7.49489
9.5919
3.60154
7.65921
4.84002
9.75962
20.98277
22.03415
19.86204
3.5181
10.62106
4.04551
40.19505
7.26711
28.78101
5.54142
16.80413
30.99355
11.95282
22.15253
4.49956
1.87029
4.82702
1.61864
6.7862
4.47256
5.72092
8.75126
36.07786
2.19714
28.07702
6.23657
6.21997
7.65779
20.20447
1.40005
1.97878
11.73875
15.77477
9.8209
6.22533
2.92779
10.18283
34.34048
10.03318
5.39031
1.38982
17.47789
17.15837
4.45008
19.88075
19.56449
21.90574
4.54174
23.41019
5.7961
7.66679
1.86896
13.97982
5.64048
8.78105
8.2481
5.32462
7.36974
2.43469
13.80806
8.87715
10.40866
10.9685
6.22404
28.07361
2.86524
5.861
23.12319
3.47217
1.51911
4.30512
5.44832
24.17736
14.00718
9.38609
7.49428
12.97995
20.48221
16.9505
3.64387
12.00629
9.91755
1.98063
10.26658
5.64357
8.75006
10.69635
1.52423
26.26859
14.12566
6.2428
5.11929
6.59995
12.80564
20.62318
21.3495
16.345
12.90794
4.95095
1.92989
4.52528
9.46362
17.45171
15.31506
13.66359
11.18589
7.24977
19.03337
58.73343
17.29244
10.2977
13.5758
2.3092
33.4847
34.29741
3.08065
7.12291
27.21578
