-18.8436885
17.0867719
-14.010772999999999
2.902183100000002
-16.4783802
-9.195233
7.8614498999999975
-16.4196263
16.4690043
-10.525950400000001
-15.7615717
-18.6758749
9.112005
-12.8269459
-18.7281318
14.1463422
3.9745858
-6.682560100000001
11.392624000000001
18.1772944
-17.9434631
9.4486796
12.4869479
9.257676400000001
5.6017452999999975
-10.367967499999999
-7.7939166
-12.531822499999999
-10.177724399999999
1.8092421999999988
8.668380499999998
-1.8334717999999999
-9.4982899
11.484840199999999
14.578086199999998
3.8386679000000004
-16.0602747
1.54154
1.8401555999999983
11.922451200000001
14.228226100000002
3.191223
-4.368465699999999
3.797666800000002
13.0066352
3.3436744
-7.1578853
-12.2654135
12.772103499999998
-8.7866558
5.669373799999999
-1.4140796
-9.5205597
-15.272045600000002
-6.067672099999999
-13.1918897
-6.8997478999999995
9.873466899999999
-13.0558887
-0.6599178000000007
16.4862644
-11.8436562
3.748740899999998
11.3296299
5.0639185
-5.9084898
0.4533543000000009
-13.975774099999999
7.6358001999999985
-7.266977999999999
-19.6853308
7.1667463
16.3028673
-17.5996864
17.2748879
-16.883008099999998
16.42445
18.8923089
5.667373400000002
17.6059217
-16.4103347
-14.1038434
-12.987739699999999
5.0835131
2.4923975999999994
-8.5681891
10.713630499999999
1.711956799999998
3.9971587
-15.5331211
-11.1786359
13.587571400000002
-17.940541699999997
-18.6651678
-13.214216200000001
8.308689
14.365877999999999
-19.2704308
6.8267383000000015
-1.4603726000000006
-5.955255299999999
-18.4564988
14.282278999999999
8.826914799999999
-8.2084013
-1.9223631999999997
18.408883300000003
16.9161773
-8.1906241
3.096896200000001
3.2467045999999984
-0.5909483
-12.360304999999999
-16.303714199999998
8.5984738
-7.5911609
-3.567083600000001
0.6873617000000013
10.522678599999999
13.118342400000001
4.968912300000002
-12.976188400000002
15.1604666
-6.025273500000001
-6.2167326
0.8054759999999987
-17.8661712
15.556374099999998
10.990630500000002
-2.168976500000001
6.1383233000000015
-13.698941999999999
15.320703400000003
-10.296314200000001
11.4119339
17.491341900000002
-16.942622999999998
17.869688299999996
-1.7982045999999992
18.699783200000002
2.4738218000000005
-11.8092005
7.212741599999999
0.5732463000000007
-4.523612599999999
11.937609200000002
-3.5782241999999997
-14.2782584
17.9480906
-13.924265700000001
-18.5803848
13.7722237
-9.4256986
18.858873
0.6892563000000018
12.870317199999999
7.522998200000002
-6.8953108
-1.3658392000000004
-1.777496900000001
1.9996511999999984
14.319875999999999
-5.8969138
13.444138400000002
12.630289400000002
1.7226902999999993
19.9195813
12.921714000000001
-18.7761678
-6.0654305
7.1230296
-5.7834537
4.953020599999999
-7.347194099999999
19.966293300000004
-11.3737167
3.5858431999999993
-10.2054737
-3.5337582999999997
-7.6978919999999995
-12.196595299999998
-7.908437799999999
-18.5987911
6.3437644
1.9072719000000007
-2.813418300000001
0.00826569999999947
-8.6241558
-0.4864514000000008
10.303441699999999
-8.8926628
-17.7001504
-17.131459399999997
-1.452791400000001
-5.033387499999999
-6.3851568
-15.1157565
19.4393887
-3.2846696999999994
-11.7587436
4.657376399999999
5.1918850999999995
-1.6809311000000002
-0.21300829999999904
-1.2454719
-7.505922599999999
2.348656700000001
6.795466200000001
-12.5770697
-14.927512799999999
-14.513454200000002
-9.4059131
-6.9539885
-10.446827699999998
14.775870799999998
-0.2538356999999996
-3.888297600000001
-6.8544561
12.7052099
-0.44189570000000006
-0.438443299999999
-15.882006200000001
18.07183
7.045759100000001
14.694917799999999
-10.174323600000001
-10.99484
-2.3235610999999996
13.5981484
19.2286292
19.303108
7.0093613
15.411039599999999
19.163737
16.4987769
9.703570500000001
1.685911900000001
4.6576676
-0.7066078999999991
-14.0106763
2.2066735999999993
19.5714823
-8.713809300000001
5.9718876
10.0292508
6.184315099999999
14.234684999999999
-11.1820663
-0.6574256999999989
10.870169099999998
-14.3803513
7.9644335
-6.541905799999999
-2.5644554999999993
-19.4039934
-18.693611399999998
-1.8764962999999988
13.3024314
8.271528100000001
15.408431599999998
6.2555337999999985
2.647381099999998
-18.7749885
-4.207606699999999
-0.32813580000000003
-4.3540345
-14.8809401
4.640663100000001
-19.9899515
6.142494499999998
4.873219100000001
4.5731941
18.3084426
-4.365577699999999
-7.4526786
-2.6532237000000007
-5.785088699999999
-18.561128699999998
-13.6369508
17.5858401
-8.5878481
-8.3006829
-17.4285473
8.7354216
-17.3230242
9.758505300000001
16.687872600000002
3.5915509999999995
10.5894974
11.0189707
8.994087599999999
12.0891054
-8.410424599999999
-9.6959599
12.681703900000002
-5.511238100000001
15.565101300000002
19.0675481
18.0486857
-8.7924464
-13.950912899999999
11.149713299999998
9.188143199999999
-12.9810018
12.447910499999999
-6.125415299999999
-19.3468754
5.477463400000001
11.2631534
0.6050493999999981
-16.4094001
19.4654299
-17.8759155
7.1127253999999995
7.7436077999999995
17.0652911
-15.3309359
-14.8361321
16.8084347
-3.4159547
-15.1418319
7.321866799999998
17.6017658
-17.6939631
16.1949672
-6.514735399999999
-6.199058399999999
14.4254113
-7.169747600000001
-2.646191799999999
14.3707692
2.781760199999999
14.365735899999999
-0.5728287999999998
-1.7238943999999992
15.064360200000001
-6.5155791
4.9583558
-17.454181900000002
13.864223499999998
12.1413744
11.0856511
17.427504
10.292142899999998
-7.866099500000001
10.8405863
7.755975899999998
-0.5936663999999996
-11.2782911
19.877235
3.923368999999998
-18.0524053
19.671565599999997
-9.4008175
-4.2836916
15.042440700000002
-0.24078089999999974
6.739624199999998
18.3176773
-4.455938699999999
-9.7462374
13.413649900000001
-10.7507858
14.526525499999998
11.970921600000002
14.1417247
-18.3691186
-12.4724545
9.8897496
10.345636899999999
-6.704908700000001
4.162877800000001
-5.5692427
17.2583913
-14.720441000000001
-12.1322306
11.645985099999997
13.9093682
3.2390101000000002
17.349649
-13.754960700000002
17.0135851
-13.2553804
-1.849696899999999
5.591870699999999
-4.7517190000000005
-1.2784940000000007
3.4506566999999997
12.672632499999999
-4.8285672
-3.2940654999999994
-6.958263300000001
8.4603995
-6.434775500000001
-5.2850729
16.232746000000002
0.518455899999999
-11.252392
-15.544525100000001
-8.8357989
